# all galaxies in: d4000=1.1 to 1.2
# ID      Field      zspec    zphot    zg     zspz    NetSig    D4000   res_zphot    res_zgrism    res_zspz    iABmag
37495     GOODS-N    0.934    0.88    0.37    0.82    118.26    1.19    -0.028       -0.292       -0.059      23.73
37181     GOODS-N    0.766    0.74    0.62    0.70    75.12     1.18    -0.015       -0.083       -0.037      23.73
42430     GOODS-N    1.005    0.97    0.96    0.96    118.87    1.17    -0.017       -0.022       -0.022      23.45
55923     GOODS-N    1.223    1.20    1.15    1.19    328.03    1.19    -0.010       -0.033       -0.015      22.76
91947     GOODS-N    0.849    0.95    0.53    0.85    120.13    1.18    +0.055       -0.172       +0.001      23.95
71198     GOODS-N    0.849    1.03    1.38    1.04    110.54    1.13    +0.098       +0.287       +0.103      23.77
42014     GOODS-N    0.845    0.91    0.78    0.80    186.01    1.14    +0.035       -0.035       -0.024      22.88
39842     GOODS-N    0.845    0.95    0.51    0.83    200.38    1.10    +0.057       -0.182       -0.008      22.93
54327     GOODS-N    0.874    0.83    0.60    0.81    112.75    1.10    -0.023       -0.146       -0.034      23.34
79903     GOODS-N    0.682    0.71    0.40    0.70    283.14    1.14    +0.017       -0.168       +0.011      22.27
48229     GOODS-N    0.679    0.56    0.42    0.65    93.88     1.19    -0.071       -0.154       -0.017      23.67
39487     GOODS-N    1.019    0.96    0.38    0.97    134.13    1.17    -0.029       -0.316       -0.024      23.10
15005     GOODS-S    0.687    0.69    1.49    0.69    197.59    1.18    +0.002       +0.476       +0.002      21.70
17495     GOODS-S    0.661    0.85    1.42    0.87    74.49     1.11    +0.114       +0.457       +0.126      24.06
16596     GOODS-S    0.656    0.64    0.38    0.66    139.68    1.12    -0.010       -0.167       +0.002      23.45
26891     GOODS-S    1.099    1.28    0.36    1.27    312.58    1.14    +0.086       -0.352       +0.081      22.40
54823     GOODS-S    0.978    0.95    0.90    0.96    196.85    1.12    -0.014       -0.039       -0.009      22.80
60481     GOODS-S    1.096    1.00    1.32    0.95    41.12     1.17    -0.046       +0.107       -0.070      24.52
65145     GOODS-S    0.670    1.47    0.33    1.49    155.37    1.11    +0.479       -0.203       +0.491      23.15
48917     GOODS-S    0.734    0.54    0.62    0.62    35.70     1.12    -0.112       -0.066       -0.066      24.74
57446     GOODS-S    0.989    0.73    0.43    0.71    466.03    1.15    -0.130       -0.281       -0.140      21.59
17024     GOODS-S    0.661    0.67    0.41    0.67    278.36    1.18    +0.005       -0.151       +0.005      22.19
114267    GOODS-S    0.959    0.59    0.64    0.57    26.60     1.19    -0.188       -0.163       -0.198      25.07
70232     GOODS-S    0.665    0.68    0.37    0.67    726.89    1.16    +0.009       -0.177       +0.003      20.98
33294     GOODS-S    1.035    0.99    0.96    1.01    176.43    1.15    -0.022       -0.037       -0.012      23.49
52774     GOODS-S    0.629    0.63    0.32    0.61    505.41    1.18    +0.001       -0.190       -0.012      21.61
69850     GOODS-N    0.818    0.73    0.46    0.71    100.30    1.14    -0.048       -0.197       -0.059      23.21
94097     GOODS-N    0.761    0.80    0.78    0.77    101.45    1.16    +0.022       +0.011       +0.005      23.79
85491     GOODS-N    0.850    0.95    0.51    0.84    212.08    1.13    +0.054       -0.184       -0.005      22.73
78300     GOODS-N    0.849    0.83    0.49    0.81    250.04    1.18    -0.010       -0.194       -0.021      22.77
44286     GOODS-N    1.013    0.98    0.94    0.97    151.54    1.17    -0.017       -0.036       -0.022      23.24
44746     GOODS-N    0.680    0.73    0.46    0.68    193.01    1.11    +0.029       -0.131       -0.000      23.11
105095    GOODS-N    0.943    0.92    0.30    0.89    150.85    1.18    -0.012       -0.331       -0.027      23.15
71893     GOODS-N    0.839    0.85    0.47    0.81    75.06     1.18    +0.006       -0.201       -0.016      23.75
107010    GOODS-N    0.942    0.93    0.33    0.90    270.77    1.13    -0.006       -0.315       -0.022      22.42
46765     GOODS-N    1.020    0.96    0.99    0.99    92.69     1.14    -0.030       -0.015       -0.015      23.87
101785    GOODS-N    1.018    0.99    0.99    0.98    275.89    1.18    -0.014       -0.014       -0.019      22.55
92570     GOODS-N    0.744    0.97    0.42    0.96    335.65    1.15    +0.130       -0.186       +0.124      22.42
89655     GOODS-N    1.121    1.04    1.06    1.06    141.73    1.11    -0.038       -0.029       -0.029      23.36
112339    GOODS-N    0.856    1.22    1.49    1.24    132.44    1.19    +0.196       +0.342       +0.207      23.44
106613    GOODS-N    0.855    0.91    0.55    0.89    122.25    1.14    +0.030       -0.164       +0.019      23.52
99579     GOODS-N    1.144    1.02    0.37    1.06    188.40    1.16    -0.058       -0.361       -0.039      22.75
97904     GOODS-N    0.681    0.68    0.36    0.67    488.29    1.17    -0.000       -0.191       -0.006      21.68
90557     GOODS-N    0.852    0.83    0.59    0.79    271.02    1.17    -0.012       -0.141       -0.033      22.61
117385    GOODS-N    1.224    1.13    1.14    1.14    120.03    1.11    -0.042       -0.038       -0.038      23.95
114275    GOODS-N    1.027    0.97    0.93    0.94    169.77    1.12    -0.028       -0.048       -0.043      23.48
86522     GOODS-N    0.710    0.68    0.50    0.64    269.71    1.18    -0.017       -0.123       -0.041      22.86
84715     GOODS-N    0.805    0.71    1.26    0.76    191.27    1.19    -0.053       +0.252       -0.025      23.91
112486    GOODS-N    0.835    0.92    0.49    0.81    123.66    1.13    +0.046       -0.188       -0.014      23.66
95449     GOODS-N    0.935    0.88    0.36    0.89    105.59    1.15    -0.029       -0.297       -0.023      23.24
81269     GOODS-N    0.842    0.95    1.47    0.79    175.66    1.12    +0.059       +0.341       -0.028      23.35
119345    GOODS-N    0.839    0.75    0.79    0.76    229.18    1.11    -0.048       -0.027       -0.043      22.64
119723    GOODS-N    0.804    0.98    0.48    0.95    292.28    1.16    +0.097       -0.180       +0.081      22.82
111648    GOODS-N    1.224    1.14    1.12    1.18    137.36    1.13    -0.038       -0.047       -0.020      23.61
127420    GOODS-N    1.083    1.00    1.02    0.99    328.55    1.15    -0.040       -0.030       -0.045      22.64
118148    GOODS-N    0.936    0.92    0.36    0.82    150.37    1.16    -0.009       -0.298       -0.060      23.27
122560    GOODS-N    1.083    1.07    1.06    1.07    389.61    1.19    -0.006       -0.011       -0.006      22.06
122855    GOODS-N    1.082    1.04    0.99    1.06    172.91    1.17    -0.020       -0.044       -0.011      23.51
125963    GOODS-N    0.837    1.49    0.33    1.49    995.43    1.11    +0.355       -0.276       +0.355      20.50
122267    GOODS-N    0.741    0.70    0.44    0.70    214.75    1.18    -0.024       -0.173       -0.024      22.77
126406    GOODS-S    0.861    0.90    1.40    0.96    176.41    1.12    +0.021       +0.290       +0.053      23.75
129355    GOODS-S    0.861    0.93    1.33    0.94    39.82     1.17    +0.037       +0.252       +0.042      23.49
121733    GOODS-S    0.683    0.68    0.67    0.67    171.17    1.15    -0.002       -0.008       -0.008      23.38
124152    GOODS-S    0.846    0.96    0.78    0.78    120.18    1.17    +0.062       -0.036       -0.036      23.64
118100    GOODS-S    0.644    0.62    0.67    0.67    159.11    1.13    -0.015       +0.016       +0.016      23.16
122766    GOODS-S    0.605    0.50    0.33    0.55    128.00    1.18    -0.065       -0.171       -0.034      23.01
117138    GOODS-S    0.648    0.61    0.40    0.59    581.46    1.19    -0.023       -0.150       -0.035      21.18
126769    GOODS-S    0.847    0.95    0.69    0.83    233.94    1.18    +0.056       -0.085       -0.009      23.00
132474    GOODS-S    0.683    0.64    0.62    0.66    174.31    1.19    -0.026       -0.037       -0.014      22.73
99892     GOODS-S    1.087    1.01    1.03    1.02    93.64     1.15    -0.037       -0.027       -0.032      23.78
118459    GOODS-S    0.671    0.68    0.38    0.66    104.73    1.13    +0.005       -0.174       -0.007      23.35
123843    GOODS-S    0.613    0.36    0.32    0.30    322.49    1.18    -0.157       -0.182       -0.194      22.41
109900    GOODS-S    0.739    0.90    0.41    0.73    370.58    1.13    +0.093       -0.189       -0.005      22.40
100543    GOODS-S    0.683    0.72    0.39    0.66    171.69    1.17    +0.022       -0.174       -0.014      23.33
102153    GOODS-S    0.736    0.74    0.65    0.74    278.79    1.17    +0.002       -0.050       +0.002      22.47
92860     GOODS-S    0.680    0.64    0.39    0.68    149.48    1.15    -0.024       -0.173       +0.000      23.76
34821     GOODS-S    1.096    1.04    1.03    1.03    249.11    1.12    -0.027       -0.031       -0.031      22.62
30763     GOODS-S    0.685    0.69    0.53    0.65    176.29    1.18    +0.003       -0.092       -0.021      22.89
70264     GOODS-S    0.963    0.94    0.93    0.93    175.30    1.16    -0.012       -0.017       -0.017      23.38
68525     GOODS-S    0.683    0.45    0.35    0.46    979.91    1.17    -0.138       -0.198       -0.133      20.57
76592     GOODS-S    0.668    0.58    0.36    0.64    132.67    1.20    -0.053       -0.185       -0.017      23.50
68675     GOODS-S    0.666    0.65    0.42    0.62    510.38    1.16    -0.010       -0.148       -0.028      22.01
35878     GOODS-S    0.650    0.64    0.30    0.62    383.65    1.16    -0.006       -0.212       -0.018      22.21
21612     GOODS-S    0.737    0.69    0.47    0.66    203.85    1.19    -0.027       -0.154       -0.044      22.75
17163     GOODS-S    0.908    0.89    1.28    0.90    143.06    1.19    -0.009       +0.195       -0.004      24.53
78077     GOODS-S    0.737    0.92    0.46    0.74    782.83    1.16    +0.105       -0.159       +0.002      21.68
51522     GOODS-S    1.122    1.01    1.25    1.07    56.38     1.19    -0.053       +0.060       -0.025      25.02
38417     GOODS-S    0.782    0.90    0.51    0.79    103.04    1.19    +0.066       -0.153       +0.004      23.90
83883     GOODS-S    0.743    1.19    1.26    1.29    98.72     1.11    +0.256       +0.297       +0.314      24.13
68104     GOODS-S    1.158    1.05    1.07    1.07    84.93     1.18    -0.050       -0.041       -0.041      24.05
93672     GOODS-S    1.037    0.96    0.97    0.97    101.17    1.15    -0.038       -0.033       -0.033      24.26