# All galaxies in bin:   1.1 <= D4000 < 1.3
# ID        Field      zspec    zphot    zg     zspz    NetSig    D4000   res_zphot    res_zspz    iABmag
37495     GOODS-N    0.934    0.90    0.48    0.94    118.26    1.19    -0.018       +0.003      23.73
60092     GOODS-N    0.680    0.68    0.30    0.64    243.99    1.26    +0.000       -0.024      22.37
94177     GOODS-N    1.014    0.98    0.39    0.97    99.68     1.20    -0.017       -0.022      23.93
47355     GOODS-N    0.779    0.77    0.35    0.76    361.90    1.27    -0.005       -0.011      21.56
79351     GOODS-N    1.221    1.12    1.14    1.14    96.38     1.22    -0.045       -0.036      23.82
37181     GOODS-N    0.766    0.70    0.30    0.70    75.12     1.18    -0.037       -0.037      23.73
58856     GOODS-N    0.635    0.58    0.34    0.60    287.12    1.20    -0.034       -0.021      22.41
80348     GOODS-N    0.632    0.57    0.30    0.60    189.66    1.28    -0.038       -0.020      23.20
94812     GOODS-N    0.682    0.64    0.30    0.65    526.09    1.25    -0.025       -0.019      21.66
83237     GOODS-N    0.904    0.84    0.33    0.83    382.63    1.27    -0.034       -0.039      22.19
42430     GOODS-N    1.005    0.97    0.38    0.97    118.87    1.17    -0.017       -0.017      23.45
84259     GOODS-N    0.784    0.80    0.49    0.79    663.46    1.29    +0.009       +0.004      21.40
55923     GOODS-N    1.223    1.23    1.15    1.23    328.03    1.19    +0.003       +0.003      22.76
72730     GOODS-N    1.224    1.03    1.16    1.03    83.29     1.24    -0.087       -0.087      23.85
53362     GOODS-N    1.141    1.01    0.30    1.15    150.60    1.24    -0.061       +0.004      23.34
36708     GOODS-N    0.764    0.78    0.30    0.74    356.96    1.22    +0.009       -0.013      21.62
35853     GOODS-N    1.011    0.94    0.40    0.93    129.19    1.26    -0.035       -0.040      23.23
59024     GOODS-N    0.845    0.92    0.51    0.86    179.28    1.27    +0.041       +0.008      22.85
52440     GOODS-N    1.224    1.49    1.12    1.49    213.30    1.26    +0.120       +0.120      22.64
91947     GOODS-N    0.849    0.93    0.30    0.79    120.13    1.18    +0.044       -0.032      23.95
28029     GOODS-N    0.748    0.88    0.42    0.91    111.46    1.26    +0.076       +0.093      22.32
36944     GOODS-N    0.874    0.89    0.30    0.86    280.71    1.20    +0.009       -0.007      22.49
71198     GOODS-N    0.849    1.01    0.39    0.75    110.54    1.13    +0.087       -0.054      23.77
42014     GOODS-N    0.845    0.89    0.78    0.80    186.01    1.14    +0.024       -0.024      22.88
76405     GOODS-N    0.697    0.92    0.42    0.92    119.74    1.22    +0.131       +0.131      23.11
89993     GOODS-N    0.870    0.83    0.40    0.81    248.84    1.25    -0.021       -0.032      22.37
79928     GOODS-N    0.847    0.82    0.31    0.74    213.68    1.20    -0.015       -0.058      22.64
76917     GOODS-N    0.848    0.82    0.50    0.78    150.28    1.28    -0.015       -0.037      23.02
50422     GOODS-N    0.751    0.73    0.69    0.74    230.07    1.22    -0.012       -0.006      22.69
39842     GOODS-N    0.845    0.94    0.50    0.83    200.38    1.10    +0.051       -0.008      22.93
54327     GOODS-N    0.874    0.82    0.60    0.90    112.75    1.10    -0.029       +0.014      23.34
75659     GOODS-N    0.845    0.89    0.30    0.83    199.17    1.25    +0.024       -0.008      22.82
87433     GOODS-N    0.747    0.68    0.39    0.68    293.13    1.27    -0.038       -0.038      22.17
79903     GOODS-N    0.682    0.71    0.39    0.67    283.14    1.14    +0.017       -0.007      22.27
48229     GOODS-N    0.679    0.56    0.32    0.58    93.88     1.19    -0.071       -0.059      23.67
74794     GOODS-N    0.679    0.58    0.33    0.57    123.09    1.23    -0.059       -0.065      23.41
77715     GOODS-N    0.851    1.00    0.46    1.01    310.37    1.22    +0.080       +0.086      21.99
62388     GOODS-N    0.964    0.89    0.49    0.86    82.35     1.28    -0.038       -0.053      23.76
46914     GOODS-N    0.912    0.92    0.86    0.87    81.89     1.24    +0.004       -0.022      24.04
41630     GOODS-N    1.223    1.22    1.12    1.22    111.73    1.27    -0.002       -0.002      23.17
38445     GOODS-N    0.649    0.73    0.38    0.73    191.30    1.27    +0.049       +0.049      22.50
51003     GOODS-N    0.954    0.94    0.33    0.91    242.66    1.21    -0.007       -0.022      22.46
39487     GOODS-N    1.019    0.95    0.92    0.96    134.13    1.17    -0.034       -0.029      23.10
37225     GOODS-N    0.683    0.66    0.32    0.66    241.33    1.25    -0.014       -0.014      22.67
15005     GOODS-S    0.687    0.69    0.39    0.67    197.59    1.18    +0.002       -0.010      21.70
17495     GOODS-S    0.661    0.84    0.87    0.86    74.49     1.11    +0.108       +0.120      24.06
16596     GOODS-S    0.656    0.65    0.38    0.66    139.68    1.12    -0.004       +0.002      23.45
115775    GOODS-S    1.097    1.02    1.06    1.06    97.59     1.27    -0.037       -0.018      23.71
78177     GOODS-S    0.665    0.69    0.30    0.69    782.25    1.25    +0.015       +0.015      21.23
16151     GOODS-S    1.089    0.98    1.04    1.00    77.21     1.24    -0.052       -0.043      24.30
102547    GOODS-S    1.098    0.97    1.07    1.03    89.87     1.25    -0.061       -0.032      23.72
27994     GOODS-S    0.988    0.91    0.95    0.95    77.04     1.25    -0.039       -0.019      24.14
29322     GOODS-S    0.987    0.94    0.88    0.94    132.27    1.22    -0.024       -0.024      23.26
66729     GOODS-S    0.671    0.65    0.40    0.65    506.23    1.29    -0.012       -0.012      21.95
100572    GOODS-S    0.765    0.78    0.42    0.78    181.72    1.24    +0.008       +0.008      22.79
84478     GOODS-S    0.733    0.68    0.30    0.77    204.33    1.23    -0.031       +0.021      23.11
22402     GOODS-S    0.823    0.86    0.47    0.83    259.59    1.24    +0.020       +0.004      22.33
26891     GOODS-S    1.099    1.27    0.36    1.18    312.58    1.14    +0.081       +0.039      22.40
54823     GOODS-S    0.978    0.95    0.32    0.96    196.85    1.12    -0.014       -0.009      22.80
93811     GOODS-S    0.954    0.85    0.35    0.94    106.31    1.22    -0.053       -0.007      23.73
27562     GOODS-S    0.890    0.89    0.79    0.90    77.63     1.23    +0.000       +0.005      23.99
60481     GOODS-S    1.096    1.00    1.32    1.02    41.12     1.17    -0.046       -0.036      24.52
48311     GOODS-S    0.981    0.96    0.94    0.95    41.46     1.25    -0.011       -0.016      24.84
65145     GOODS-S    0.670    1.46    0.32    1.48    155.37    1.11    +0.473       +0.485      23.15
48917     GOODS-S    0.734    0.55    0.35    0.63    35.70     1.12    -0.106       -0.060      24.74
107836    GOODS-S    1.040    0.96    0.38    0.99    262.43    1.23    -0.039       -0.025      22.26
88069     GOODS-S    0.764    0.79    0.38    0.76    583.01    1.25    +0.015       -0.002      21.68
57446     GOODS-S    0.989    0.73    0.30    0.71    466.03    1.15    -0.130       -0.140      21.59
96844     GOODS-S    0.710    0.35    0.31    0.30    165.48    1.27    -0.211       -0.240      23.33
17024     GOODS-S    0.661    0.67    0.30    0.67    278.36    1.18    +0.005       +0.005      22.19
114267    GOODS-S    0.959    0.58    0.32    0.46    26.60     1.19    -0.193       -0.255      25.07
70232     GOODS-S    0.665    0.67    0.30    0.66    726.89    1.16    +0.003       -0.003      20.98
51356     GOODS-S    0.628    0.56    0.33    0.58    427.14    1.21    -0.042       -0.029      21.57
108987    GOODS-S    1.215    1.33    1.10    1.10    76.98     1.25    +0.052       -0.052      23.48
33294     GOODS-S    1.035    0.99    0.96    1.01    176.43    1.15    -0.022       -0.012      23.49
52774     GOODS-S    0.629    0.63    0.31    0.61    505.41    1.18    +0.001       -0.012      21.61
42119     GOODS-N    0.954    0.84    0.42    0.88    152.40    1.29    -0.058       -0.038      22.57
69850     GOODS-N    0.818    0.72    0.39    0.71    100.30    1.14    -0.054       -0.059      23.21
94851     GOODS-N    0.955    0.91    0.84    0.93    82.39     1.22    -0.023       -0.013      23.43
67582     GOODS-N    1.014    0.99    0.34    0.99    139.62    1.22    -0.012       -0.012      23.25
94097     GOODS-N    0.761    0.84    0.72    0.78    101.45    1.16    +0.045       +0.011      23.79
85491     GOODS-N    0.850    0.95    0.30    0.82    212.08    1.13    +0.054       -0.016      22.73
78300     GOODS-N    0.849    0.94    0.32    0.94    250.04    1.18    +0.049       +0.049      22.77
65022     GOODS-N    1.145    0.99    1.11    1.03    163.89    1.26    -0.072       -0.054      22.75
44286     GOODS-N    1.013    0.98    0.35    0.97    151.54    1.17    -0.017       -0.022      23.24
44746     GOODS-N    0.680    0.72    0.39    0.69    193.01    1.11    +0.024       +0.006      23.11
105095    GOODS-N    0.943    0.92    0.36    0.89    150.85    1.18    -0.012       -0.027      23.15
99452     GOODS-N    0.660    0.64    0.30    0.58    541.65    1.21    -0.012       -0.048      21.62
71893     GOODS-N    0.839    0.85    0.31    0.73    75.06     1.18    +0.006       -0.059      23.75
107010    GOODS-N    0.942    0.83    0.33    0.90    270.77    1.13    -0.058       -0.022      22.42
41945     GOODS-N    0.778    0.85    0.35    0.84    487.92    1.25    +0.040       +0.035      21.50
46765     GOODS-N    1.020    0.95    0.94    0.99    92.69     1.14    -0.035       -0.015      23.87
77103     GOODS-N    0.938    0.89    0.35    0.84    265.21    1.30    -0.025       -0.050      22.00
78354     GOODS-N    0.745    0.80    0.30    0.72    120.91    1.26    +0.032       -0.014      23.32
101785    GOODS-N    1.018    0.99    0.36    0.99    275.89    1.18    -0.014       -0.014      22.55
92570     GOODS-N    0.744    0.97    0.42    0.96    335.65    1.15    +0.130       +0.124      22.42
89655     GOODS-N    1.121    1.02    1.06    1.06    141.73    1.11    -0.047       -0.029      23.36
109851    GOODS-N    0.875    0.91    0.33    0.88    141.76    1.28    +0.019       +0.003      23.29
112339    GOODS-N    0.856    1.20    1.11    1.24    132.44    1.19    +0.186       +0.207      23.44
106613    GOODS-N    0.855    0.91    0.31    0.88    122.25    1.14    +0.030       +0.013      23.52
99579     GOODS-N    1.144    1.01    0.37    1.06    188.40    1.16    -0.062       -0.039      22.75
109801    GOODS-N    0.851    0.80    0.30    0.79    170.70    1.25    -0.028       -0.033      23.26
97904     GOODS-N    0.681    0.68    0.30    0.66    488.29    1.17    -0.000       -0.012      21.68
82986     GOODS-N    0.936    0.94    0.35    0.94    366.57    1.22    +0.002       +0.002      22.11
105709    GOODS-N    1.082    1.00    1.07    1.06    136.82    1.27    -0.039       -0.011      23.31
121439    GOODS-N    0.888    0.92    1.23    0.90    974.50    1.26    +0.017       +0.006      22.64
90557     GOODS-N    0.852    0.85    0.30    0.80    271.02    1.17    -0.001       -0.028      22.61
117385    GOODS-N    1.224    1.14    1.14    1.17    120.03    1.11    -0.038       -0.024      23.95
114275    GOODS-N    1.027    0.97    0.94    0.97    169.77    1.12    -0.028       -0.028      23.48
98209     GOODS-N    1.146    0.30    0.49    0.30    286.62    1.22    -0.394       -0.394      22.64
86522     GOODS-N    0.710    0.68    0.30    0.68    269.71    1.18    -0.017       -0.017      22.86
84715     GOODS-N    0.805    0.74    1.25    0.58    191.27    1.19    -0.036       -0.125      23.91
112486    GOODS-N    0.835    0.92    0.30    0.81    123.66    1.13    +0.046       -0.014      23.66
95449     GOODS-N    0.935    0.90    0.36    0.89    105.59    1.15    -0.018       -0.023      23.24
98420     GOODS-N    1.200    1.05    1.12    1.12    109.52    1.25    -0.068       -0.036      23.85
120726    GOODS-N    0.778    0.80    0.36    0.71    169.07    1.24    +0.012       -0.038      23.15
81269     GOODS-N    0.842    0.92    0.33    0.84    175.66    1.12    +0.042       -0.001      23.35
118642    GOODS-N    0.836    0.78    0.37    0.74    212.96    1.23    -0.031       -0.052      22.48
89845     GOODS-N    0.840    0.82    0.37    0.81    312.40    1.28    -0.011       -0.016      21.76
113696    GOODS-N    0.747    0.92    0.50    0.95    117.12    1.29    +0.099       +0.117      23.63
121302    GOODS-N    0.778    0.72    0.34    0.72    311.43    1.25    -0.033       -0.033      22.16
82816     GOODS-N    0.778    0.82    0.70    0.79    154.46    1.20    +0.024       +0.007      22.69
80987     GOODS-N    0.772    0.92    0.32    0.76    75.99     1.28    +0.084       -0.007      23.71
119345    GOODS-N    0.839    0.76    0.79    0.78    229.18    1.11    -0.043       -0.032      22.64
119723    GOODS-N    0.804    0.97    0.30    0.76    292.28    1.16    +0.092       -0.025      22.82
89112     GOODS-N    0.852    0.91    0.32    0.90    296.18    1.25    +0.031       +0.026      22.13
111648    GOODS-N    1.224    1.14    1.12    1.18    137.36    1.13    -0.038       -0.020      23.61
88347     GOODS-N    0.709    0.58    0.31    0.56    127.94    1.23    -0.075       -0.087      23.50
127420    GOODS-N    1.083    0.99    1.01    1.02    328.55    1.15    -0.045       -0.030      22.64
96475     GOODS-N    0.915    0.92    0.35    0.85    216.75    1.27    +0.003       -0.034      22.66
95024     GOODS-N    0.778    0.73    0.73    0.73    193.82    1.28    -0.027       -0.027      22.77
92108     GOODS-N    1.183    1.10    1.16    1.12    138.73    1.21    -0.038       -0.029      23.72
96423     GOODS-N    0.778    0.88    0.43    0.99    191.74    1.21    +0.057       +0.119      22.69
121232    GOODS-N    0.855    0.71    0.49    0.77    122.17    1.24    -0.078       -0.046      23.37
123476    GOODS-N    0.634    0.63    0.30    0.61    611.24    1.23    -0.002       -0.015      21.00
117153    GOODS-N    0.836    0.83    0.46    0.79    107.77    1.23    -0.003       -0.025      23.05
122616    GOODS-N    1.153    1.03    1.14    1.10    96.93     1.28    -0.057       -0.025      23.30
118148    GOODS-N    0.936    0.92    0.36    0.90    150.37    1.16    -0.009       -0.019      23.27
117825    GOODS-N    0.634    0.58    0.39    0.59    490.62    1.27    -0.033       -0.027      21.77
122560    GOODS-N    1.083    1.07    1.04    1.05    389.61    1.19    -0.006       -0.016      22.06
123811    GOODS-N    0.681    0.64    0.30    0.64    310.64    1.29    -0.025       -0.025      22.06
122855    GOODS-N    1.082    1.04    0.37    1.00    172.91    1.17    -0.020       -0.039      23.51
113700    GOODS-N    1.085    1.01    0.34    1.07    85.51     1.30    -0.036       -0.007      24.23
125963    GOODS-N    0.837    0.30    0.32    1.40    995.43    1.11    -0.292       +0.306      20.50
122267    GOODS-N    0.741    0.71    0.30    0.70    214.75    1.18    -0.018       -0.024      22.77
117087    GOODS-N    1.012    0.99    0.85    0.99    50.91     1.27    -0.011       -0.011      23.50
126406    GOODS-S    0.861    0.90    1.33    0.90    176.41    1.12    +0.021       +0.021      23.75
129355    GOODS-S    0.861    0.94    1.12    0.92    39.82     1.17    +0.042       +0.032      23.49
126478    GOODS-S    0.730    0.71    1.08    0.65    656.87    1.21    -0.012       -0.046      21.94
121733    GOODS-S    0.683    0.67    0.39    0.67    171.17    1.15    -0.008       -0.008      23.38
111030    GOODS-S    1.058    1.01    0.74    1.01    47.18     1.23    -0.023       -0.023      24.66
117632    GOODS-S    0.607    0.56    0.34    0.55    885.11    1.21    -0.029       -0.035      20.68
119489    GOODS-S    0.605    0.30    0.34    0.78    1689.60    1.20    -0.190       +0.109      19.88
117070    GOODS-S    0.681    0.44    0.40    0.47    89.10     1.25    -0.143       -0.126      23.42
132104    GOODS-S    0.818    0.81    0.32    0.79    188.17    1.25    -0.004       -0.015      22.80
124152    GOODS-S    0.846    0.92    0.31    0.78    120.18    1.17    +0.040       -0.036      23.64
118100    GOODS-S    0.644    0.59    0.38    0.67    159.11    1.13    -0.033       +0.016      23.16
122766    GOODS-S    0.605    0.51    0.32    0.55    128.00    1.18    -0.059       -0.034      23.01
117138    GOODS-S    0.648    0.61    0.40    0.59    581.46    1.19    -0.023       -0.035      21.18
126769    GOODS-S    0.847    0.96    0.30    0.83    233.94    1.18    +0.061       -0.009      23.00
116653    GOODS-S    0.734    0.69    0.77    0.74    122.59    1.30    -0.025       +0.003      23.08
103864    GOODS-S    0.783    0.74    0.31    0.74    127.58    1.25    -0.024       -0.024      22.58
134389    GOODS-S    0.895    0.94    0.83    0.89    170.14    1.27    +0.024       -0.003      22.36
122206    GOODS-S    0.997    0.83    0.86    0.86    44.15     1.11    -0.084       -0.069      24.73
132474    GOODS-S    0.683    0.64    0.38    0.66    174.31    1.19    -0.026       -0.014      22.73
102640    GOODS-S    0.947    0.42    0.48    0.30    128.71    1.21    -0.271       -0.332      23.29
99892     GOODS-S    1.087    1.01    1.02    1.03    93.64     1.15    -0.037       -0.027      23.78
118459    GOODS-S    0.671    0.68    0.30    0.66    104.73    1.13    +0.005       -0.007      23.35
120825    GOODS-S    0.733    0.69    0.30    0.67    272.75    1.22    -0.025       -0.036      22.03
106859    GOODS-S    0.738    0.88    0.32    0.86    305.43    1.29    +0.082       +0.070      22.28
102847    GOODS-S    1.110    1.03    1.10    1.07    97.39     1.26    -0.038       -0.019      23.93
93102     GOODS-S    1.225    1.13    1.10    1.14    98.60     1.21    -0.043       -0.038      23.81
99014     GOODS-S    0.664    0.59    0.47    0.68    641.43    1.29    -0.044       +0.010      21.37
123843    GOODS-S    0.613    0.36    0.32    0.30    322.49    1.18    -0.157       -0.194      22.41
90388     GOODS-S    0.896    0.92    0.50    0.91    353.71    1.27    +0.013       +0.007      22.08
93627     GOODS-S    1.221    1.06    1.07    1.10    36.90     1.23    -0.072       -0.054      24.73
109900    GOODS-S    0.739    0.85    0.41    0.73    370.58    1.13    +0.064       -0.005      22.40
102163    GOODS-S    1.110    0.76    0.98    0.98    68.63     1.21    -0.166       -0.062      24.15
100543    GOODS-S    0.683    0.72    0.39    0.66    171.69    1.17    +0.022       -0.014      23.33
102153    GOODS-S    0.736    0.72    0.40    0.74    278.79    1.17    -0.009       +0.002      22.47
110870    GOODS-S    0.670    0.71    0.35    0.65    1001.01    1.21    +0.024       -0.012      20.05
97568     GOODS-S    0.955    1.35    0.35    1.33    371.51    1.26    +0.202       +0.192      21.93
96481     GOODS-S    0.647    0.62    0.30    0.61    441.75    1.25    -0.016       -0.022      21.70