#Title: Early-type galaxies in the PEARS survey: Probing the stellar 
#       populations at moderate redshift  
#Authors: Ferreras I., Pasquali A., Malhotra S., Rhoads J., Cohen S., 
#         Windhorst R., Pirzkal N., Grogin N., Koekemoer A.M., Lisker T., 
#         Panagia N., Daddi E., Hathi N.P. 
#Table: Catalog of PEARS early-type galaxies: Physical properties (CSP models)
#================================================================================
#Byte-by-byte Description of file: apj313884t3_mrt.txt
#--------------------------------------------------------------------------------
#   Bytes Format Units       Label     Explanations
#--------------------------------------------------------------------------------
#   1-  6 A6     ---         PID       PEARS identification number 
#   9- 13 F5.2   1+10solMass Ms        Stellar mass
#  16- 20 F5.2   mag         U-V       Rest-frame (U-V) color; Vega mag
#  23- 28 F6.2   mag         VMag      Rest-frame absolute V-band Vega magnitude
#  31- 35 F5.2   kpc         Re        Projected half-light radius
#  38- 41 F4.2   Gyr         <t>       Average age
#  44- 47 F4.2   Gyr         st        RMS of age distribution
#  50- 54 F5.2   [-]         <logZ/Zs> Average logarithmic metallicity
#  57- 60 F4.2   ---         beta      Outflow fraction
#  63- 65 F3.1   ---         zF        Formation epoch
#  68- 72 F5.2   [Gyr]       logTf     Log of infall timescale
#--------------------------------------------------------------------------------
 75943  10.65   1.11  -20.57   2.19  4.65  0.85  -0.26  0.35  7.6  -0.53
 75762  11.26   1.24  -22.43   3.56  4.73  0.92  -0.15  0.24  9.9  -0.35
 55923  10.28   0.17  -21.61   1.12  0.79  0.51  -0.05  0.07  1.9   0.05
 53804  10.82   1.29  -20.67   1.63  5.99  1.08  -0.12  0.24  9.7  -0.32
 86216  11.11   1.00  -22.27   1.84  4.02  0.81  -0.29  0.35  4.6  -0.66
 40269  10.64   0.67  -20.91   2.39  4.76  0.70  -1.62  0.95  7.5  -0.77
 70253  11.13   1.42  -21.33   2.04  6.10  1.12  -0.10  0.22  9.8  -0.28
 38514  10.78   1.33  -20.43   1.16  6.63  1.18  -0.07  0.19  9.7  -0.30
 78475  10.38   1.10  -20.38   1.45  4.28  0.87  -0.16  0.24  7.4  -0.47
 91073  10.99   1.07  -22.12   2.39  4.24  0.88  -0.16  0.26  7.5  -0.42
 52680  10.79   1.14  -20.70   3.12  5.67  1.08  -0.07  0.08  4.5  -0.54
 92291  11.07   1.05  -22.33   1.90  3.94  0.84  -0.17  0.27  7.5  -0.41
 52017  10.19   0.80  -20.95   0.90  2.71  0.71  -0.30  0.41  3.2  -0.50
 86357  10.67   1.07  -21.07   1.17  4.23  0.88  -0.14  0.22  7.4  -0.45
 79185  11.41   1.20  -22.38   4.74  4.50  0.87  -0.18  0.32  9.8  -0.45
 84649  10.66   0.94  -20.76   1.67  3.93  0.76  -0.42  0.48  4.7  -0.69
 56798  11.02   1.28  -21.17   1.98  6.21  1.12  -0.10  0.21  9.8  -0.31
 93602  10.60   0.88  -21.97   1.23  3.38  1.01  -0.03  0.10  7.4  -0.17
 39728   9.94   1.39  -18.34   1.28  5.86  1.03  -0.18  0.28  5.2  -0.45
 64469  11.01   1.11  -21.29   1.84  5.39  1.00  -0.17  0.20  4.8  -0.62
 83129  10.13   1.05  -19.19   1.07  5.56  1.00  -0.21  0.27  4.3  -0.58
 53471  11.07   1.13  -22.06   1.91  4.34  0.90  -0.16  0.26  9.8  -0.36
 43618  11.37   1.07  -22.41   2.99  4.81  0.85  -0.30  0.41  7.5  -0.59
 40991  11.75   1.26  -23.30   4.78  3.90  0.82  -0.16  0.25  9.9  -0.44
 46766  10.54   1.04  -21.32   1.57  3.73  0.79  -0.21  0.32  7.8  -0.48
 36105  10.89   1.06  -21.82   2.89  3.96  0.81  -0.20  0.32  7.6  -0.48
 53563  10.56   0.86  -21.55   2.31  2.96  0.70  -0.42  0.47  3.2  -0.61
 83501  11.29   0.67  -22.52   3.43  5.13  0.75  -1.67  0.95  9.9  -0.81
 65404  11.27   0.79  -22.44   3.11  2.32  0.68  -0.30  0.20  2.1  -0.92
 80411  10.76   1.17  -21.26   1.76  4.35  0.87  -0.17  0.27  9.7  -0.45
 46281  10.19   1.10  -19.95   1.07  5.33  0.97  -0.24  0.33  3.7  -0.56
 72800  10.95   1.17  -21.11   2.08  5.61  1.03  -0.10  0.18  7.0  -0.47
 83499  11.24   1.05  -22.34   3.06  4.40  0.81  -0.28  0.37  7.5  -0.56
 56469  11.01   1.15  -21.24   1.86  5.76  1.04  -0.15  0.19  4.4  -0.59
 44756  10.78   0.93  -21.26   1.73  3.45  0.73  -0.36  0.44  5.4  -0.64
 83503  10.89   1.05  -21.89   2.43  4.31  0.88  -0.16  0.23  6.0  -0.50
 87957   9.89   1.09  -19.24   1.53  5.16  0.95  -0.28  0.35  3.4  -0.58
 53708  11.03   1.17  -21.40   2.79  5.25  0.93  -0.20  0.32  9.7  -0.45
 79426  11.08   1.09  -22.23   5.03  3.94  0.82  -0.19  0.32  7.7  -0.46
 68773  11.51   0.03  -24.91   4.97  0.53  0.38  -0.10  0.10  1.6   0.09
 75267  11.15   1.10  -22.05   3.13  4.00  0.82  -0.18  0.28  7.7  -0.47
 91800  11.00   1.13  -21.88   2.72  4.11  0.85  -0.16  0.27  9.8  -0.42
 58084  10.61   1.12  -20.69   1.03  3.84  0.81  -0.20  0.28  7.4  -0.51
 57792  10.89   1.09  -22.11   3.07  3.90  0.83  -0.17  0.27  9.8  -0.43
 47814  11.16   1.08  -21.86   3.60  5.38  0.87  -0.37  0.46  7.2  -0.62
 52556  10.72   0.89  -20.79   2.01  4.71  0.83  -0.55  0.59  2.9  -0.72
 88929  10.94   1.04  -21.43   2.40  3.95  0.79  -0.26  0.34  7.4  -0.53
 99633  10.53   1.07  -20.95   1.66  3.78  0.80  -0.21  0.32  6.5  -0.52
 93167  10.66   1.17  -20.38   1.27  5.97  1.05  -0.16  0.23  5.1  -0.50
 79587  10.72   1.15  -21.58   2.20  4.32  0.92  -0.15  0.23  9.8  -0.33
112578  10.44   1.04  -19.95   2.02  4.77  0.90  -0.32  0.41  2.7  -0.66
 81336  10.78   1.15  -21.75   3.20  4.18  0.90  -0.14  0.24  9.8  -0.35
 95258  10.77   1.29  -21.08   1.78  5.78  1.04  -0.14  0.25  9.8  -0.32
125086  10.83   0.96  -22.38   1.90  3.35  0.72  -0.26  0.34  9.7  -0.52
126084  10.80   0.85  -22.50   1.03  3.67  0.88  -0.09  0.21  9.8  -0.30
116976  11.36   1.53  -21.94   1.60  3.63  0.80  -0.16  0.24  9.9  -0.44
112683   9.23   0.71  -18.72   1.39  1.67  0.55  -0.40  0.47  0.8  -0.46
 70857  11.09   0.94  -21.80   4.29  5.36  0.75  -0.72  0.72  9.8  -0.69
 34967  11.89   0.67  -24.61   7.16  1.99  0.64  -0.25  0.10  2.3  -0.96
 52288   9.93   0.95  -20.20   1.24  3.50  0.81  -0.17  0.22  4.7  -0.50
 86203  10.93   1.15  -21.60   3.85  4.39  0.86  -0.19  0.32  9.8  -0.45
 50439  10.47   1.05  -21.20   1.07  3.59  0.76  -0.24  0.34  7.8  -0.51
 94262   9.60   0.73  -19.05   0.79  2.48  0.67  -0.48  0.57  1.5  -0.59
 76098  11.23   1.20  -22.30   1.49  4.06  0.85  -0.15  0.26  9.8  -0.37
 90320  10.83   1.27  -21.31   1.58  5.00  0.96  -0.15  0.24  9.9  -0.36
 96175   9.93   1.00  -19.64   1.15  4.38  0.84  -0.39  0.46  2.5  -0.66
125098  11.02   0.91  -21.92   0.77  3.18  0.81  -0.09  0.08  5.6  -0.63
119191  10.52   0.69  -21.20   3.03  2.07  0.63  -0.22  0.10  2.2  -0.89
120896  11.68   0.61  -23.66   5.73  4.56  1.39  -1.47  0.95  9.8  -0.01
 87061  10.97   1.15  -21.36   1.69  4.52  0.86  -0.18  0.32  9.8  -0.46
 77314   9.93   1.13  -18.99   1.22  4.78  0.90  -0.24  0.33  4.8  -0.54
 51648  10.51   1.11  -20.74   2.43  3.76  0.80  -0.21  0.31  6.5  -0.52
 47008  10.52   0.84  -20.30   1.15  5.81  0.78  -1.02  0.83  5.6  -0.73
 85903  10.78   1.23  -20.59   1.62  5.88  1.07  -0.09  0.20  7.2  -0.36
 84520  11.25   1.32  -22.26   2.55  4.30  0.91  -0.15  0.24  9.9  -0.35
 87334   9.92   0.15  -20.71   1.62  0.74  0.47  -0.15  0.20  1.9   0.00
 88679  10.97   1.23  -21.70   2.63  4.20  0.89  -0.15  0.25  9.8  -0.36
 87368  10.73   0.96  -21.27   2.58  4.15  0.77  -0.41  0.46  5.2  -0.69
 85528  10.67   1.03  -21.42   1.28  3.51  0.70  -0.41  0.49  8.0  -0.57
 76889  10.42   1.06  -21.12   1.37  3.72  0.80  -0.19  0.31  7.8  -0.48
 63526  10.50   0.99  -20.59   1.01  3.89  0.78  -0.31  0.37  5.2  -0.60
 41388  10.52   1.06  -21.38   2.43  3.70  0.79  -0.21  0.33  7.9  -0.48
 88566  10.37   1.07  -20.53   1.04  4.27  0.87  -0.17  0.25  6.1  -0.49
 87585  11.36   1.00  -22.44  11.16  4.70  0.76  -0.49  0.58  9.8  -0.62
 89514  11.28   1.35  -21.99   2.81  3.95  0.85  -0.15  0.24  9.9  -0.36
 89398  10.26   1.00  -19.79   1.95  4.20  0.82  -0.31  0.41  5.0  -0.61
 97070  10.38   0.81  -20.14   1.07  4.60  0.72  -0.97  0.82  7.5  -0.75
 50799  10.65   1.07  -21.61   2.91  3.96  0.84  -0.16  0.25  7.5  -0.46
 56233  10.87   1.01  -21.40   1.83  3.66  0.79  -0.14  0.20  6.5  -0.58
 90536  10.91   1.51  -20.69   2.15  5.05  0.96  -0.15  0.24  9.9  -0.36
 96517  10.41   1.09  -20.77   1.07  4.04  0.81  -0.22  0.33  7.6  -0.49
 94004  10.86   1.30  -21.07   1.37  3.92  0.83  -0.16  0.26  9.8  -0.44
105945  10.09   0.85  -19.16   1.36  5.79  0.80  -0.94  0.82  3.2  -0.72
 71099  10.54   0.63  -22.17   1.29  2.82  0.70  -0.19  0.24  7.9  -0.53
105048  10.58   1.07  -21.07   2.09  4.20  0.83  -0.21  0.32  7.4  -0.52
 83170  10.30   1.64  -18.96   0.98  5.57  1.01  -0.15  0.26  9.8  -0.34
121439  10.88   0.91  -21.34   2.03  4.24  0.74  -0.62  0.67  6.3  -0.73
116341  10.54   0.80  -21.89   1.17  3.19  0.71  -0.27  0.36  8.0  -0.52
129989  10.51   0.96  -20.43   1.01  4.07  0.75  -0.41  0.47  7.5  -0.69
 92108   9.95   0.26  -20.66   1.04  0.99  0.57  -0.20  0.25  2.1  -0.04
119879  11.22   1.24  -22.23   2.11  3.87  0.82  -0.17  0.26  9.8  -0.44
123809  10.39   1.14  -20.79   1.08  4.04  0.83  -0.19  0.32  7.6  -0.46
121143   9.59   1.18  -17.72   0.69  5.60  1.00  -0.25  0.34  3.6  -0.55
 95002  11.04   1.17  -21.77   2.70  4.33  0.88  -0.16  0.27  9.8  -0.43
 47252   8.69  -0.49  -19.87   0.86  0.10  0.04  -0.94  0.41  0.9  -0.26
 53606   8.35  -0.49  -19.01   1.11  0.46  0.35  -0.18  0.22  1.0   0.12
 40498   9.33   0.02  -19.47   1.79  1.05  0.53  -0.36  0.45  0.8  -0.07
 57554   9.85   0.48  -19.58   1.04  1.98  0.71  -0.54  0.61  1.0  -0.19
 61540   8.86   0.40  -18.08   0.82  1.09  0.64  -0.28  0.37  0.7  -0.04
 86458   8.88   0.64  -17.97   1.08  2.01  0.74  -0.40  0.49  1.0  -0.18
 61504   9.43   0.54  -18.62   0.73  1.57  0.72  -0.32  0.44  0.7  -0.08
 77678   9.27   0.52  -18.18   0.73  0.10  0.03  -1.05  0.47  1.0  -0.50
 38156   9.23   0.78  -18.63   0.94  1.89  0.89  -0.55  0.67  1.1  -0.03
 99871   8.92   0.29  -17.90   0.86  1.51  0.65  -0.38  0.47  0.8  -0.14
 72277   9.83   0.36  -19.97   0.91  2.04  0.69  -0.34  0.45  1.1  -0.26
 58829   9.33   0.56  -18.14   1.26  1.65  0.83  -1.15  0.87  1.2  -0.02
121158   9.24   0.44  -18.49   1.07  1.47  0.67  -0.38  0.47  0.7  -0.12
105902   8.44  -0.68  -19.33   0.71  0.06  0.08  -1.01  0.68  1.1  -0.29
 80966   8.76  -0.37  -19.62   0.84  0.89  0.54  -0.31  0.45  1.2   0.04
 97714   9.10   0.45  -18.02   1.24  0.98  0.51  -0.39  0.47  0.8  -0.08
102919   9.40   0.18  -19.34   1.32  1.73  0.74  -0.35  0.46  0.8  -0.11
112383   9.00   0.32  -18.47   1.10  0.10  0.01  -2.70  0.95  0.6   0.00
119723   9.65   0.09  -20.15   0.93  0.65  0.45  -0.13  0.20  1.1   0.10
104645   8.79   0.38  -17.93   1.00  0.95  0.51  -0.35  0.44  0.6  -0.07
125687  10.17   0.96  -19.62   1.16  4.45  0.78  -0.56  0.60  4.3  -0.70
122362  10.71   1.31  -20.53   1.12  5.86  1.06  -0.13  0.25  9.8  -0.31
126478  10.95   1.11  -21.30   2.27  5.12  0.86  -0.31  0.43  9.8  -0.55
122722  11.17   1.12  -21.83   2.60  5.14  0.86  -0.28  0.41  9.8  -0.53
122743  10.04   1.60  -18.41   1.71  5.83  1.04  -0.15  0.25  7.0  -0.42
124807  10.84   1.10  -21.37   3.40  4.09  0.80  -0.29  0.37  6.4  -0.56
122863  10.86   1.24  -21.19   2.39  4.89  0.94  -0.16  0.26  9.7  -0.37
117178   9.88   0.37  -20.17   1.80  1.38  0.71  -0.17  0.23  2.0  -0.05
117725  11.75   0.92  -23.67  10.41  3.95  0.73  -0.51  0.57  5.5  -0.74
113298  11.57   1.23  -23.12   6.40  3.87  0.82  -0.16  0.24  9.9  -0.44
114230  11.23   1.42  -22.05   2.70  3.87  0.82  -0.16  0.24  9.9  -0.44
112093  11.03   0.85  -21.84   3.19  3.77  0.69  -0.74  0.71  6.3  -0.73
112887  11.82   0.90  -23.72   4.97  4.31  0.71  -0.67  0.70  9.7  -0.68
113678   9.75   0.25  -20.13   1.24  1.01  0.58  -0.14  0.22  1.6   0.01
127697  10.29   1.17  -19.39   1.31  5.81  1.06  -0.11  0.17  5.5  -0.53
106985  10.28   1.64  -18.88   1.63  6.17  1.11  -0.13  0.23  9.8  -0.29
127226  10.70   0.92  -20.80   1.83  5.13  0.78  -0.70  0.70  5.9  -0.72
106861  10.79   0.79  -21.11   2.55  5.38  0.72  -1.15  0.86  7.2  -0.71
109885  10.37   1.02  -20.04   1.13  4.37  0.85  -0.28  0.35  4.3  -0.60
117429  10.70   0.66  -21.17   1.37  3.98  0.73  -1.56  0.95  2.0  -0.66
131165  10.80   1.09  -22.10   2.98  3.66  0.78  -0.21  0.32  9.7  -0.47
120031  11.26   1.08  -21.97   3.59  5.50  1.03  -0.18  0.19  4.6  -0.72
107693  10.56   1.06  -20.82   2.15  5.08  0.93  -0.31  0.37  3.3  -0.71
121095  10.78   0.94  -21.26   2.81  3.38  0.74  -0.30  0.34  5.0  -0.64
117608  10.78   1.21  -21.25   1.20  5.27  1.01  -0.14  0.26  9.8  -0.31
133694  11.00   1.40  -21.10   2.25  5.30  0.97  -0.15  0.26  9.8  -0.35
133572  11.35   1.15  -23.14   4.30  3.07  0.66  -0.38  0.47  9.8  -0.58
105516  11.54   0.87  -22.89   5.95  5.93  0.75  -0.98  0.83  9.8  -0.72
106612  11.38   0.82  -22.50   5.89  5.92  0.73  -1.18  0.87  9.8  -0.67
123472  10.50   1.09  -21.32   2.36  3.63  0.78  -0.22  0.33  7.7  -0.51
128468  10.78   1.08  -20.83   2.05  5.27  0.97  -0.26  0.32  3.6  -0.65
114108  10.66   1.13  -21.01   2.40  4.65  0.91  -0.16  0.24  7.3  -0.48
 89031  10.98   0.88  -21.62   2.73  4.23  0.75  -0.64  0.67  6.4  -0.76
112789  11.49   1.09  -22.65   5.56  5.38  0.85  -0.38  0.46  9.7  -0.63
 95110  10.70   0.89  -21.90   2.70  3.05  0.67  -0.43  0.50  6.8  -0.61
 98048  11.03   1.22  -21.87   1.12  3.69  0.79  -0.19  0.31  9.8  -0.47
112578  10.61   1.14  -20.30   1.23  5.47  0.98  -0.18  0.26  5.5  -0.52
106158  11.54   0.67  -23.12   4.80  5.81  0.78  -1.67  0.95  7.1  -0.82
 79600  11.25   1.13  -21.98   3.74  5.46  0.91  -0.24  0.34  9.8  -0.52
121405  10.43   1.00  -20.21   1.81  3.81  0.78  -0.30  0.36  4.7  -0.63
 25390  11.41   0.99  -22.72   8.33  3.42  0.94  -0.01  0.08  7.9  -0.25
 69419  10.35   1.08  -20.42   1.26  4.51  0.89  -0.18  0.26  6.0  -0.48
 42703  11.51   1.18  -22.60   7.07  4.91  0.91  -0.16  0.27  9.9  -0.44
 46603  10.25   1.17  -19.98   1.35  4.89  0.93  -0.17  0.28  7.2  -0.42
105547  11.15   1.04  -21.97   2.77  4.91  0.86  -0.46  0.50  4.0  -0.73
 12378  10.90   1.16  -21.35   2.27  5.50  0.90  -0.29  0.41  7.2  -0.53
110487  10.75   1.13  -21.24   2.03  3.76  0.80  -0.21  0.32  6.4  -0.51
 62223  10.48   1.18  -20.34   1.22  4.38  0.89  -0.15  0.24  9.7  -0.44
109794  11.18   0.87  -22.03   8.28  5.61  0.75  -0.95  0.82  9.7  -0.71
 21592  11.04   1.00  -21.67   7.24  5.36  0.82  -0.54  0.59  7.1  -0.71
 47396  10.17   1.53  -18.83   1.68  5.98  1.06  -0.14  0.25  7.1  -0.36
108510  10.15   0.81  -20.89   1.14  2.65  0.67  -0.39  0.47  2.5  -0.48
115781  11.00   1.06  -22.70   3.52  3.38  0.72  -0.28  0.36  9.8  -0.54
 74133  11.35   1.13  -22.24   3.95  5.26  0.93  -0.21  0.33  7.2  -0.49
 73333  10.50   0.86  -20.81   1.60  3.75  0.75  -0.75  0.72  2.1  -0.71
 96844  10.45   0.71  -20.33   5.91  5.16  0.72  -1.55  0.94  7.1  -0.71
 90546  11.82   1.21  -23.71   9.44  3.69  0.79  -0.18  0.28  9.8  -0.46
 76094  11.64   1.03  -23.08   7.31  5.10  0.83  -0.44  0.51  7.1  -0.68
112448  10.97   1.08  -21.36   4.01  5.58  0.86  -0.41  0.49  9.8  -0.64
106649  11.13   0.92  -22.62   4.33  3.33  0.68  -0.47  0.57  8.0  -0.58
 23407  10.78   0.89  -21.01   2.77  5.06  0.77  -0.74  0.72  5.9  -0.71
 87827  10.73   1.14  -20.62   1.94  5.11  0.93  -0.24  0.33  5.6  -0.57
 23142  11.29   0.90  -22.24   1.63  5.39  0.78  -0.78  0.73  5.5  -0.73
 83248  10.99   1.18  -21.24   3.25  5.25  0.95  -0.18  0.26  7.0  -0.49
 63902  10.59   1.11  -20.94   1.72  4.26  0.86  -0.19  0.27  6.1  -0.50
 74060  11.24   1.22  -21.84   2.08  5.28  0.96  -0.16  0.28  9.7  -0.37
 30676  11.39   1.08  -22.43   5.45  5.64  0.84  -0.43  0.51  9.8  -0.64
 30010  11.52   1.19  -22.60   5.42  5.34  0.96  -0.16  0.27  9.8  -0.43
 61172  11.01   1.04  -21.58   3.15  5.01  0.88  -0.33  0.43  4.9  -0.63
 65620  11.51   1.06  -23.20   4.13  3.82  0.81  -0.18  0.28  7.5  -0.48
 81743  10.82   0.82  -22.32   4.94  2.78  0.65  -0.43  0.48  6.0  -0.64
 58181  10.59   0.92  -20.48   1.44  4.45  0.83  -0.43  0.48  3.5  -0.69
 52481  10.36   0.70  -20.42   0.93  2.23  0.65  -0.38  0.46  2.0  -0.48
 13986   9.64   1.01  -18.84   1.25  4.43  0.86  -0.34  0.44  2.7  -0.62
 77522  11.29   1.21  -21.96   3.98  5.29  0.95  -0.18  0.27  7.2  -0.48
 65981   9.26   0.83  -18.59   1.48  2.89  0.76  -0.40  0.48  1.4  -0.49
 36121  11.62   1.08  -23.00   6.66  4.86  0.83  -0.35  0.45  9.7  -0.58
 42277   9.95   0.94  -20.26   1.82  3.40  0.78  -0.26  0.32  3.9  -0.59
 26158  11.10   1.05  -21.79   1.53  5.18  0.88  -0.34  0.44  5.7  -0.63
 74039   9.94   0.61  -20.02   2.28  2.28  0.69  -0.46  0.57  1.5  -0.34
 91498  11.35   1.09  -22.13   3.62  5.71  1.04  -0.21  0.21  4.3  -0.72
 43758  10.82   0.93  -22.12   2.47  3.06  0.67  -0.40  0.47  6.9  -0.60
 57014  10.43   0.84  -21.32   1.47  3.11  0.72  -0.33  0.42  4.9  -0.61
 80255   9.71   0.47  -19.58   1.27  1.74  0.73  -0.26  0.33  1.8  -0.14
 61447  10.76   1.14  -20.83   0.95  4.39  0.86  -0.20  0.32  7.6  -0.47
 61235  10.86   1.06  -22.16   1.55  3.64  0.77  -0.22  0.33  9.8  -0.48
 73246  10.68   1.11  -20.54   1.65  5.23  0.97  -0.22  0.28  3.8  -0.58
 17022  10.98   1.08  -21.41   3.45  4.93  0.87  -0.28  0.36  7.5  -0.56
 66256  10.74   1.17  -20.73   1.21  5.08  0.94  -0.18  0.31  7.2  -0.44
 70001  10.75   1.24  -21.14   1.86  5.18  0.96  -0.16  0.27  9.8  -0.36
 20142  11.04   1.28  -21.21   2.25  5.79  1.05  -0.13  0.25  9.7  -0.33
115700  10.19   0.68  -19.90   4.98  6.52  1.17  -0.05  0.12  6.9  -0.32
 50528  10.26   0.64  -20.25   0.64  2.21  0.99  -0.91  0.83  1.6  -0.00
 13231   9.40   0.66  -18.40   0.98  1.51  0.53  -0.24  0.00  1.7  -0.97
 92860   9.20   0.20  -18.81   1.24  2.86  0.74  -0.93  0.83  1.1  -0.29
 17362   9.72   0.47  -19.45   1.24  2.35  0.74  -0.47  0.58  1.2  -0.22
 53462   9.45   0.26  -19.36   1.13  0.92  0.50  -0.40  0.48  1.0  -0.04
 45502   9.02   0.67  -18.25   0.93  1.80  0.75  -0.59  0.68  1.0  -0.10
  8693   8.22  -0.72  -18.74   0.92  1.64  0.66  -0.36  0.46  0.8  -0.17
107477  10.31   1.41  -19.16   2.21  2.27  0.75  -0.36  0.46  1.0  -0.22
 96123   9.66   0.48  -19.21   1.20  1.03  0.56  -0.37  0.47  0.8  -0.05
 97498  10.05   0.50  -20.36   0.77  0.10  0.01  -1.47  0.49  0.6  -0.31
 15908   8.50  -0.05  -18.20   0.69  0.10  0.06  -0.83  0.50  0.6  -0.30
 42729   8.83   0.37  -18.32   1.06  0.66  0.38  -0.38  0.45  0.7  -0.12