# Galaxies with zgrism less than 0.5
# ID      Field      zspec    zphot    zg     zspz    NetSig    D4000   res_zphot    res_zgrism    res_zspz    iABmag
37495     GOODS-N    0.934    0.90    0.48    0.94    118.26    1.19    -0.018       -0.235       +0.003      23.73
60092     GOODS-N    0.680    0.68    0.30    0.64    243.99    1.26    +0.000       -0.226       -0.024      22.37
64828     GOODS-N    0.959    0.30    0.32    1.31    1046.36    1.10    -0.336       -0.326       +0.179      21.35
94177     GOODS-N    1.014    0.98    0.39    0.97    99.68     1.20    -0.017       -0.310       -0.022      23.93
63227     GOODS-N    0.846    0.84    0.35    0.84    417.67    1.31    -0.003       -0.269       -0.003      21.72
47355     GOODS-N    0.779    0.77    0.35    0.76    361.90    1.27    -0.005       -0.241       -0.011      21.56
88020     GOODS-N    0.852    0.83    0.46    0.74    128.18    1.32    -0.012       -0.212       -0.060      23.38
37181     GOODS-N    0.766    0.70    0.30    0.70    75.12     1.18    -0.037       -0.264       -0.037      23.73
58856     GOODS-N    0.635    0.58    0.34    0.60    287.12    1.20    -0.034       -0.180       -0.021      22.41
80348     GOODS-N    0.632    0.57    0.30    0.60    189.66    1.28    -0.038       -0.204       -0.020      23.20
94812     GOODS-N    0.682    0.64    0.30    0.65    526.09    1.25    -0.025       -0.227       -0.019      21.66
83237     GOODS-N    0.904    0.84    0.33    0.83    382.63    1.27    -0.034       -0.301       -0.039      22.19
42430     GOODS-N    1.005    0.97    0.38    0.97    118.87    1.17    -0.017       -0.312       -0.017      23.45
28271     GOODS-N    0.636    0.85    0.30    0.69    479.15    1.33    +0.131       -0.205       +0.033      21.51
84259     GOODS-N    0.784    0.80    0.49    0.79    663.46    1.29    +0.009       -0.165       +0.004      21.40
47115     GOODS-N    1.015    1.06    0.41    1.09    163.08    1.48    +0.022       -0.300       +0.037      23.68
75413     GOODS-N    0.864    0.94    0.30    0.85    161.15    1.05    +0.041       -0.303       -0.008      23.34
86135     GOODS-N    0.784    1.49    0.37    1.38    52.89     0.83    +0.396       -0.232       +0.334      24.36
77555     GOODS-N    0.683    0.76    0.49    0.78    352.75    1.38    +0.046       -0.115       +0.058      21.92
53362     GOODS-N    1.141    1.01    0.30    1.15    150.60    1.24    -0.061       -0.393       +0.004      23.34
58703     GOODS-N    0.845    0.84    0.49    0.83    494.69    1.31    -0.002       -0.192       -0.008      21.53
52829     GOODS-N    1.143    1.06    0.38    1.09    127.80    0.85    -0.039       -0.356       -0.025      23.63
36708     GOODS-N    0.764    0.78    0.30    0.74    356.96    1.22    +0.009       -0.263       -0.013      21.62
35853     GOODS-N    1.011    0.94    0.40    0.93    129.19    1.26    -0.035       -0.304       -0.040      23.23
54405     GOODS-N    0.846    0.82    0.49    0.82    575.11    1.35    -0.014       -0.193       -0.014      21.32
91947     GOODS-N    0.849    0.93    0.30    0.79    120.13    1.18    +0.044       -0.297       -0.032      23.95
28029     GOODS-N    0.748    0.88    0.42    0.91    111.46    1.26    +0.076       -0.188       +0.093      22.32
36944     GOODS-N    0.874    0.89    0.30    0.86    280.71    1.20    +0.009       -0.306       -0.007      22.49
71198     GOODS-N    0.849    1.01    0.39    0.75    110.54    1.13    +0.087       -0.248       -0.054      23.77
88858     GOODS-N    0.854    0.93    0.44    0.92    133.03    1.39    +0.041       -0.223       +0.036      23.28
76405     GOODS-N    0.697    0.92    0.42    0.92    119.74    1.22    +0.131       -0.163       +0.131      23.11
89993     GOODS-N    0.870    0.83    0.40    0.81    248.84    1.25    -0.021       -0.251       -0.032      22.37
79928     GOODS-N    0.847    0.82    0.31    0.74    213.68    1.20    -0.015       -0.291       -0.058      22.64
36842     GOODS-N    0.937    0.92    0.39    0.90    155.64    1.31    -0.009       -0.282       -0.019      23.26
75659     GOODS-N    0.845    0.89    0.30    0.83    199.17    1.25    +0.024       -0.295       -0.008      22.82
87433     GOODS-N    0.747    0.68    0.39    0.68    293.13    1.27    -0.038       -0.204       -0.038      22.17
79903     GOODS-N    0.682    0.71    0.39    0.67    283.14    1.14    +0.017       -0.174       -0.007      22.27
48229     GOODS-N    0.679    0.56    0.32    0.58    93.88     1.19    -0.071       -0.214       -0.059      23.67
74794     GOODS-N    0.679    0.58    0.33    0.57    123.09    1.23    -0.059       -0.208       -0.065      23.41
77715     GOODS-N    0.851    1.00    0.46    1.01    310.37    1.22    +0.080       -0.211       +0.086      21.99
68612     GOODS-N    0.610    0.73    0.33    0.69    124.64    1.39    +0.075       -0.174       +0.050      23.62
62388     GOODS-N    0.964    0.89    0.49    0.86    82.35     1.28    -0.038       -0.241       -0.053      23.76
56190     GOODS-N    0.681    0.57    0.30    0.70    102.98    1.32    -0.066       -0.227       +0.011      23.94
52896     GOODS-N    0.961    0.94    0.37    0.91    133.80    1.30    -0.011       -0.301       -0.026      23.37
38445     GOODS-N    0.649    0.73    0.38    0.73    191.30    1.27    +0.049       -0.163       +0.049      22.50
49261     GOODS-N    0.961    0.89    0.47    0.93    170.27    1.33    -0.036       -0.250       -0.016      22.55
54992     GOODS-N    0.682    0.50    0.30    0.48    109.48    1.06    -0.108       -0.227       -0.120      23.56
51003     GOODS-N    0.954    0.94    0.33    0.91    242.66    1.21    -0.007       -0.319       -0.022      22.46
66753     GOODS-N    0.752    0.85    0.47    0.83    395.31    1.31    +0.056       -0.161       +0.045      21.87
37225     GOODS-N    0.683    0.66    0.32    0.66    241.33    1.25    -0.014       -0.216       -0.014      22.67
15005     GOODS-S    0.687    0.69    0.39    0.67    197.59    1.18    +0.002       -0.176       -0.010      21.70
16596     GOODS-S    0.656    0.65    0.38    0.66    139.68    1.12    -0.004       -0.167       +0.002      23.45
78177     GOODS-S    0.665    0.69    0.30    0.69    782.25    1.25    +0.015       -0.219       +0.015      21.23
47038     GOODS-S    0.683    0.70    0.35    0.73    153.20    1.30    +0.010       -0.198       +0.028      22.30
66729     GOODS-S    0.671    0.65    0.40    0.65    506.23    1.29    -0.012       -0.162       -0.012      21.95
100572    GOODS-S    0.765    0.78    0.42    0.78    181.72    1.24    +0.008       -0.195       +0.008      22.79
77821     GOODS-S    0.998    0.84    0.37    0.97    224.23    1.39    -0.079       -0.314       -0.014      22.61
84478     GOODS-S    0.733    0.68    0.30    0.77    204.33    1.23    -0.031       -0.250       +0.021      23.11
14386     GOODS-S    0.658    0.64    0.32    0.67    177.05    1.33    -0.011       -0.204       +0.007      22.99
22402     GOODS-S    0.823    0.86    0.47    0.83    259.59    1.24    +0.020       -0.194       +0.004      22.33
109794    GOODS-S    0.667    0.65    0.48    0.64    519.81    1.39    -0.010       -0.112       -0.016      21.24
26891     GOODS-S    1.099    1.27    0.36    1.18    312.58    1.14    +0.081       -0.352       +0.039      22.40
54823     GOODS-S    0.978    0.95    0.32    0.96    196.85    1.12    -0.014       -0.333       -0.009      22.80
105980    GOODS-S    0.677    0.60    0.43    0.57    146.99    1.46    -0.046       -0.147       -0.064      23.13
93811     GOODS-S    0.954    0.85    0.35    0.94    106.31    1.22    -0.053       -0.309       -0.007      23.73
34457     GOODS-S    0.782    0.69    0.30    0.77    193.22    1.32    -0.052       -0.270       -0.007      22.70
65145     GOODS-S    0.670    1.46    0.32    1.48    155.37    1.11    +0.473       -0.209       +0.485      23.15
48917     GOODS-S    0.734    0.55    0.35    0.63    35.70     1.12    -0.106       -0.222       -0.060      24.74
73333     GOODS-S    0.605    0.56    0.39    0.56    720.32    1.43    -0.028       -0.134       -0.028      21.59
107836    GOODS-S    1.040    0.96    0.38    0.99    262.43    1.23    -0.039       -0.324       -0.025      22.26
88069     GOODS-S    0.764    0.79    0.38    0.76    583.01    1.25    +0.015       -0.218       -0.002      21.68
57446     GOODS-S    0.989    0.73    0.30    0.71    466.03    1.15    -0.130       -0.346       -0.140      21.59
96844     GOODS-S    0.710    0.35    0.31    0.30    165.48    1.27    -0.211       -0.234       -0.240      23.33
108795    GOODS-S    0.665    0.75    0.46    0.74    351.36    1.31    +0.051       -0.123       +0.045      21.96
17024     GOODS-S    0.661    0.67    0.30    0.67    278.36    1.18    +0.005       -0.217       +0.005      22.19
114267    GOODS-S    0.959    0.58    0.32    0.46    26.60     1.19    -0.193       -0.326       -0.255      25.07
70232     GOODS-S    0.665    0.67    0.30    0.66    726.89    1.16    +0.003       -0.219       -0.003      20.98
51356     GOODS-S    0.628    0.56    0.33    0.58    427.14    1.21    -0.042       -0.183       -0.029      21.57
34128     GOODS-S    0.734    0.67    0.30    0.66    228.19    1.32    -0.037       -0.250       -0.043      22.83
52774     GOODS-S    0.629    0.63    0.31    0.61    505.41    1.18    +0.001       -0.196       -0.012      21.61
42119     GOODS-N    0.954    0.84    0.42    0.88    152.40    1.29    -0.058       -0.273       -0.038      22.57
69850     GOODS-N    0.818    0.72    0.39    0.71    100.30    1.14    -0.054       -0.235       -0.059      23.21
90145     GOODS-N    0.836    0.84    0.30    0.77    139.23    0.98    +0.002       -0.292       -0.036      23.43
38212     GOODS-N    0.954    0.92    0.43    0.94    126.20    1.48    -0.017       -0.268       -0.007      23.18
67582     GOODS-N    1.014    0.99    0.34    0.99    139.62    1.22    -0.012       -0.335       -0.012      23.25
54598     GOODS-N    0.642    0.64    0.38    0.64    694.02    1.36    -0.001       -0.160       -0.001      20.98
85491     GOODS-N    0.850    0.95    0.30    0.82    212.08    1.13    +0.054       -0.297       -0.016      22.73
65833     GOODS-N    0.850    0.82    0.34    0.82    212.70    1.32    -0.016       -0.276       -0.016      22.51
78300     GOODS-N    0.849    0.94    0.32    0.94    250.04    1.18    +0.049       -0.286       +0.049      22.77
85199     GOODS-N    0.606    0.50    0.48    0.51    206.23    1.36    -0.066       -0.078       -0.060      22.48
52460     GOODS-N    0.791    0.79    0.37    0.73    315.63    1.37    -0.001       -0.235       -0.034      21.99
79945     GOODS-N    0.749    0.51    0.30    0.50    108.65    1.09    -0.137       -0.257       -0.142      23.70
77927     GOODS-N    0.849    0.83    0.49    0.83    143.19    1.33    -0.010       -0.194       -0.010      23.39
44286     GOODS-N    1.013    0.98    0.35    0.97    151.54    1.17    -0.017       -0.329       -0.022      23.24
44746     GOODS-N    0.680    0.72    0.39    0.69    193.01    1.11    +0.024       -0.173       +0.006      23.11
51587     GOODS-N    0.682    0.56    0.35    0.59    164.15    1.07    -0.072       -0.197       -0.054      23.37
70787     GOODS-N    0.678    0.84    0.47    0.84    778.78    1.38    +0.097       -0.124       +0.097      20.73
105095    GOODS-N    0.943    0.92    0.36    0.89    150.85    1.18    -0.012       -0.300       -0.027      23.15
99452     GOODS-N    0.660    0.64    0.30    0.58    541.65    1.21    -0.012       -0.217       -0.048      21.62
85920     GOODS-N    1.014    0.96    0.37    0.97    274.63    1.31    -0.027       -0.320       -0.022      22.33
71893     GOODS-N    0.839    0.85    0.31    0.73    75.06     1.18    +0.006       -0.288       -0.059      23.75
107010    GOODS-N    0.942    0.83    0.33    0.90    270.77    1.13    -0.058       -0.315       -0.022      22.42
41945     GOODS-N    0.778    0.85    0.35    0.84    487.92    1.25    +0.040       -0.241       +0.035      21.50
52146     GOODS-N    0.971    0.95    0.31    0.94    85.44     1.10    -0.011       -0.335       -0.016      24.01
77103     GOODS-N    0.938    0.89    0.35    0.84    265.21    1.30    -0.025       -0.303       -0.050      22.00
78354     GOODS-N    0.745    0.80    0.30    0.72    120.91    1.26    +0.032       -0.255       -0.014      23.32
105455    GOODS-N    0.767    0.77    0.49    0.76    258.67    1.36    +0.002       -0.157       -0.004      22.58
92467     GOODS-N    0.744    0.73    0.40    0.71    138.34    0.99    -0.008       -0.197       -0.020      23.44
101785    GOODS-N    1.018    0.99    0.36    0.99    275.89    1.18    -0.014       -0.326       -0.014      22.55
92570     GOODS-N    0.744    0.97    0.42    0.96    335.65    1.15    +0.130       -0.186       +0.124      22.42
102886    GOODS-N    0.639    0.67    0.46    0.73    125.11    1.39    +0.019       -0.109       +0.056      23.32
109851    GOODS-N    0.875    0.91    0.33    0.88    141.76    1.28    +0.019       -0.291       +0.003      23.29
106613    GOODS-N    0.855    0.91    0.31    0.88    122.25    1.14    +0.030       -0.294       +0.013      23.52
99579     GOODS-N    1.144    1.01    0.37    1.06    188.40    1.16    -0.062       -0.361       -0.039      22.75
93156     GOODS-N    1.020    0.30    0.38    0.30    2638.62    1.00    -0.356       -0.317       -0.356      19.84
109801    GOODS-N    0.851    0.80    0.30    0.79    170.70    1.25    -0.028       -0.298       -0.033      23.26
97904     GOODS-N    0.681    0.68    0.30    0.66    488.29    1.17    -0.000       -0.227       -0.012      21.68
82986     GOODS-N    0.936    0.94    0.35    0.94    366.57    1.22    +0.002       -0.303       +0.002      22.11
86999     GOODS-N    0.851    0.85    0.33    0.89    363.46    1.35    -0.001       -0.281       +0.021      22.34
90557     GOODS-N    0.852    0.85    0.30    0.80    271.02    1.17    -0.001       -0.298       -0.028      22.61
125227    GOODS-N    1.226    1.03    0.35    1.45    102.99    0.37    -0.088       -0.393       +0.101      23.93
98984     GOODS-N    1.082    1.02    0.37    1.02    135.14    1.02    -0.030       -0.342       -0.030      23.52
98209     GOODS-N    1.146    0.30    0.49    0.30    286.62    1.22    -0.394       -0.306       -0.394      22.64
103094    GOODS-N    0.972    0.94    0.37    0.94    184.73    1.34    -0.016       -0.305       -0.016      22.61
86522     GOODS-N    0.710    0.68    0.30    0.68    269.71    1.18    -0.017       -0.240       -0.017      22.86
112486    GOODS-N    0.835    0.92    0.30    0.81    123.66    1.13    +0.046       -0.292       -0.014      23.66
95449     GOODS-N    0.935    0.90    0.36    0.89    105.59    1.15    -0.018       -0.297       -0.023      23.24
92316     GOODS-N    0.942    0.90    0.39    0.89    70.08     1.08    -0.022       -0.284       -0.027      23.99
120726    GOODS-N    0.778    0.80    0.36    0.71    169.07    1.24    +0.012       -0.235       -0.038      23.15
81269     GOODS-N    0.842    0.92    0.33    0.84    175.66    1.12    +0.042       -0.278       -0.001      23.35
118642    GOODS-N    0.836    0.78    0.37    0.74    212.96    1.23    -0.031       -0.254       -0.052      22.48
89845     GOODS-N    0.840    0.82    0.37    0.81    312.40    1.28    -0.011       -0.255       -0.016      21.76
121302    GOODS-N    0.778    0.72    0.34    0.72    311.43    1.25    -0.033       -0.246       -0.033      22.16
92450     GOODS-N    1.001    1.03    0.34    0.95    47.74     0.97    +0.014       -0.330       -0.026      24.19
91724     GOODS-N    1.002    1.01    0.30    1.00    23.16     1.09    +0.004       -0.351       -0.001      24.83
80987     GOODS-N    0.772    0.92    0.32    0.76    75.99     1.28    +0.084       -0.255       -0.007      23.71
85237     GOODS-N    1.141    1.04    0.43    1.04    74.05     1.01    -0.047       -0.332       -0.047      23.54
119723    GOODS-N    0.804    0.97    0.30    0.76    292.28    1.16    +0.092       -0.280       -0.025      22.82
127919    GOODS-N    1.225    1.07    0.42    1.24    78.25     1.06    -0.070       -0.362       +0.007      23.81
89112     GOODS-N    0.852    0.91    0.32    0.90    296.18    1.25    +0.031       -0.287       +0.026      22.13
88347     GOODS-N    0.709    0.58    0.31    0.56    127.94    1.23    -0.075       -0.233       -0.087      23.50
109592    GOODS-N    0.841    0.82    0.49    0.82    658.94    1.34    -0.011       -0.191       -0.011      20.98
96475     GOODS-N    0.915    0.92    0.35    0.85    216.75    1.27    +0.003       -0.295       -0.034      22.66
119616    GOODS-N    1.010    0.94    0.39    1.00    82.46     1.32    -0.035       -0.308       -0.005      23.94
96423     GOODS-N    0.778    0.88    0.43    0.99    191.74    1.21    +0.057       -0.196       +0.119      22.69
121232    GOODS-N    0.855    0.71    0.49    0.77    122.17    1.24    -0.078       -0.197       -0.046      23.37
96167     GOODS-N    0.641    0.68    0.30    0.58    99.87     1.02    +0.024       -0.208       -0.037      23.33
123476    GOODS-N    0.634    0.63    0.30    0.61    611.24    1.23    -0.002       -0.204       -0.015      21.00
117153    GOODS-N    0.836    0.83    0.46    0.79    107.77    1.23    -0.003       -0.205       -0.025      23.05
101185    GOODS-N    0.772    0.95    0.43    0.70    114.65    1.08    +0.101       -0.193       -0.041      23.62
118148    GOODS-N    0.936    0.92    0.36    0.90    150.37    1.16    -0.009       -0.298       -0.019      23.27
117825    GOODS-N    0.634    0.58    0.39    0.59    490.62    1.27    -0.033       -0.149       -0.027      21.77
123811    GOODS-N    0.681    0.64    0.30    0.64    310.64    1.29    -0.025       -0.227       -0.025      22.06
122855    GOODS-N    1.082    1.04    0.37    1.00    172.91    1.17    -0.020       -0.342       -0.039      23.51
117715    GOODS-N    1.026    0.96    0.35    0.97    100.71    1.33    -0.033       -0.334       -0.028      24.26
113700    GOODS-N    1.085    1.01    0.34    1.07    85.51     1.30    -0.036       -0.357       -0.007      24.23
125963    GOODS-N    0.837    0.30    0.32    1.40    995.43    1.11    -0.292       -0.281       +0.306      20.50
104616    GOODS-N    1.031    1.28    0.39    1.30    183.81    1.10    +0.123       -0.315       +0.133      22.78
122267    GOODS-N    0.741    0.71    0.30    0.70    214.75    1.18    -0.018       -0.253       -0.024      22.77
121941    GOODS-S    1.029    0.44    0.30    0.30    63.83     0.92    -0.290       -0.359       -0.359      23.93
121733    GOODS-S    0.683    0.67    0.39    0.67    171.17    1.15    -0.008       -0.174       -0.008      23.38
127997    GOODS-S    1.059    0.51    0.42    0.41    20.38     1.49    -0.267       -0.310       -0.315      25.08
121138    GOODS-S    1.234    0.39    0.31    0.31    121.03    0.83    -0.378       -0.414       -0.414      23.59
117632    GOODS-S    0.607    0.56    0.34    0.55    885.11    1.21    -0.029       -0.166       -0.035      20.68
126094    GOODS-S    1.018    0.98    0.38    0.99    294.31    1.31    -0.019       -0.316       -0.014      21.90
119489    GOODS-S    0.605    0.30    0.34    0.78    1689.60    1.20    -0.190       -0.165       +0.109      19.88
117002    GOODS-S    1.044    0.96    0.32    0.96    38.16     1.02    -0.041       -0.354       -0.041      24.61
117070    GOODS-S    0.681    0.44    0.40    0.47    89.10     1.25    -0.143       -0.167       -0.126      23.42
132104    GOODS-S    0.818    0.81    0.32    0.79    188.17    1.25    -0.004       -0.274       -0.015      22.80
113678    GOODS-S    0.910    0.96    0.39    0.94    142.71    1.38    +0.026       -0.272       +0.016      23.44
124152    GOODS-S    0.846    0.92    0.31    0.78    120.18    1.17    +0.040       -0.290       -0.036      23.64
118100    GOODS-S    0.644    0.59    0.38    0.67    159.11    1.13    -0.033       -0.161       +0.016      23.16
122766    GOODS-S    0.605    0.51    0.32    0.55    128.00    1.18    -0.059       -0.178       -0.034      23.01
117138    GOODS-S    0.648    0.61    0.40    0.59    581.46    1.19    -0.023       -0.150       -0.035      21.18
107106    GOODS-S    1.223    1.17    0.34    1.16    69.79     0.97    -0.024       -0.397       -0.028      23.48
126365    GOODS-S    0.643    0.68    0.30    0.68    125.78    1.60    +0.023       -0.209       +0.023      23.34
126769    GOODS-S    0.847    0.96    0.30    0.83    233.94    1.18    +0.061       -0.296       -0.009      23.00
135087    GOODS-S    0.682    0.30    0.46    0.99    714.63    1.39    -0.227       -0.132       +0.183      21.07
103864    GOODS-S    0.783    0.74    0.31    0.74    127.58    1.25    -0.024       -0.265       -0.024      22.58
132474    GOODS-S    0.683    0.64    0.38    0.66    174.31    1.19    -0.026       -0.180       -0.014      22.73
102640    GOODS-S    0.947    0.42    0.48    0.30    128.71    1.21    -0.271       -0.240       -0.332      23.29
106067    GOODS-S    0.738    0.78    0.49    0.78    882.60    1.36    +0.024       -0.143       +0.024      20.59
118459    GOODS-S    0.671    0.68    0.30    0.66    104.73    1.13    +0.005       -0.222       -0.007      23.35
120825    GOODS-S    0.733    0.69    0.30    0.67    272.75    1.22    -0.025       -0.250       -0.036      22.03
106859    GOODS-S    0.738    0.88    0.32    0.86    305.43    1.29    +0.082       -0.241       +0.070      22.28
115462    GOODS-S    0.615    0.61    0.37    0.61    994.16    1.32    -0.003       -0.152       -0.003      20.79
101176    GOODS-S    1.040    0.99    0.34    0.95    84.58     1.02    -0.024       -0.343       -0.044      24.20
108336    GOODS-S    1.220    1.17    0.38    1.11    62.11     1.30    -0.023       -0.378       -0.050      24.85
99014     GOODS-S    0.664    0.59    0.47    0.68    641.43    1.29    -0.044       -0.117       +0.010      21.37
123843    GOODS-S    0.613    0.36    0.32    0.30    322.49    1.18    -0.157       -0.182       -0.194      22.41
99490     GOODS-S    0.667    0.59    0.30    0.69    62.97     1.33    -0.046       -0.220       +0.014      24.43
103422    GOODS-S    0.832    1.01    0.49    0.99    283.60    1.07    +0.097       -0.187       +0.086      23.00
87259     GOODS-S    0.738    0.62    0.30    0.30    51.22     1.72    -0.068       -0.252       -0.252      22.82
109900    GOODS-S    0.739    0.85    0.41    0.73    370.58    1.13    +0.064       -0.189       -0.005      22.40
113361    GOODS-S    0.668    0.74    0.46    0.74    235.84    1.34    +0.043       -0.125       +0.043      22.46
113555    GOODS-S    0.607    0.68    0.30    0.71    237.33    1.38    +0.045       -0.191       +0.064      22.59
90791     GOODS-S    0.670    0.74    0.49    0.75    545.22    1.37    +0.042       -0.108       +0.048      20.78
100543    GOODS-S    0.683    0.72    0.39    0.66    171.69    1.17    +0.022       -0.174       -0.014      23.33
111151    GOODS-S    0.621    0.58    0.32    0.58    200.49    1.03    -0.025       -0.186       -0.025      22.88
102153    GOODS-S    0.736    0.72    0.40    0.74    278.79    1.17    -0.009       -0.194       +0.002      22.47
110870    GOODS-S    0.670    0.71    0.35    0.65    1001.01    1.21    +0.024       -0.192       -0.012      20.05
97568     GOODS-S    0.955    1.35    0.35    1.33    371.51    1.26    +0.202       -0.309       +0.192      21.93
96481     GOODS-S    0.647    0.62    0.30    0.61    441.75    1.25    -0.016       -0.211       -0.022      21.70
93759     GOODS-S    1.010    0.94    0.37    1.02    90.93     1.13    -0.035       -0.318       +0.005      24.09
84625     GOODS-S    0.618    0.57    0.30    0.58    479.65    1.28    -0.030       -0.197       -0.023      21.68
92860     GOODS-S    0.680    0.58    0.39    0.64    149.48    1.15    -0.060       -0.173       -0.024      23.76
66708     GOODS-S    0.669    0.87    0.34    0.83    244.11    1.26    +0.120       -0.197       +0.096      22.88
35765     GOODS-S    0.761    0.92    0.49    0.93    288.77    1.39    +0.090       -0.154       +0.096      22.25
70878     GOODS-S    0.736    0.92    0.42    0.82    149.93    1.35    +0.106       -0.182       +0.048      23.66
34821     GOODS-S    1.096    1.04    0.38    1.04    249.11    1.12    -0.027       -0.342       -0.027      22.62
30763     GOODS-S    0.685    0.70    0.39    0.70    176.29    1.18    +0.009       -0.175       +0.009      22.89
79581     GOODS-S    1.030    1.05    0.39    1.06    389.88    1.34    +0.010       -0.315       +0.015      21.98
91472     GOODS-S    1.210    1.23    0.35    1.23    161.53    1.42    +0.009       -0.389       +0.009      23.38
39116     GOODS-S    0.648    0.65    0.30    0.65    152.68    1.29    +0.001       -0.211       +0.001      22.89
70264     GOODS-S    0.963    0.94    0.36    0.93    175.30    1.16    -0.012       -0.307       -0.017      23.38
28593     GOODS-S    0.660    1.41    0.34    1.49    24.50     1.59    +0.452       -0.193       +0.500      25.75
68525     GOODS-S    0.683    0.44    0.34    0.44    979.91    1.17    -0.144       -0.204       -0.144      20.57
13986     GOODS-S    0.620    0.53    0.47    0.55    128.63    1.53    -0.056       -0.093       -0.043      23.52
31861     GOODS-S    0.676    0.57    0.31    0.59    210.00    1.21    -0.063       -0.218       -0.051      22.47
76592     GOODS-S    0.668    0.59    0.30    0.64    132.67    1.20    -0.047       -0.220       -0.017      23.50
68675     GOODS-S    0.666    0.66    0.42    0.64    510.38    1.16    -0.004       -0.148       -0.016      22.01
35878     GOODS-S    0.650    0.64    0.30    0.62    383.65    1.16    -0.006       -0.212       -0.018      22.21
21612     GOODS-S    0.737    0.68    0.30    0.66    203.85    1.19    -0.033       -0.252       -0.044      22.75
72905     GOODS-S    0.666    0.65    0.47    0.65    680.72    1.38    -0.010       -0.118       -0.010      21.02
78077     GOODS-S    0.737    0.92    0.46    0.74    782.83    1.16    +0.105       -0.159       +0.002      21.68
17704     GOODS-S    0.732    0.62    0.48    0.59    151.80    1.44    -0.065       -0.145       -0.082      23.28
38417     GOODS-S    0.782    0.90    0.30    0.74    103.04    1.19    +0.066       -0.270       -0.024      23.90
62528     GOODS-S    0.680    0.79    0.48    0.74    501.83    1.50    +0.065       -0.119       +0.036      21.81
83883     GOODS-S    0.743    1.19    0.33    1.29    98.72     1.11    +0.256       -0.237       +0.314      24.13
62122     GOODS-S    0.627    0.68    0.34    0.74    81.70     1.26    +0.032       -0.177       +0.069      24.28
18260     GOODS-S    0.664    0.69    0.49    0.69    1314.17    1.37    +0.016       -0.105       +0.016      19.96
71200     GOODS-S    0.682    0.66    0.33    0.61    80.85     1.29    -0.013       -0.209       -0.043      23.79
47101     GOODS-S    0.783    0.75    0.33    0.76    303.79    1.23    -0.019       -0.254       -0.013      22.07
58222     GOODS-S    0.713    0.73    0.44    0.71    146.05    1.33    +0.010       -0.159       -0.002      23.55
59747     GOODS-S    0.736    0.69    0.46    0.69    699.21    1.20    -0.026       -0.159       -0.026      21.36
56922     GOODS-S    0.850    0.85    0.32    0.85    279.21    1.27    -0.000       -0.287       -0.000      22.00