# Catalog for all galaxies that now have refined redshifts. See paper/code for sample selection. 
# pearsid field ra dec old_z new_z new_z_err source dn4000 dn4000_err d4000 d4000_err old_chi2 new_chi2
9343 GOODS-S 53.172900 -27.928908 0.6417 0.5584 0.0142 3DHST 1.1378 0.1998 2.7993 0.3979 125.5048 69.0788
9378 GOODS-S 53.179339 -27.923595 0.6947 0.6724 0.0078 3DHST 0.9968 0.0794 1.2476 0.0520 305.2201 297.4786
9382 GOODS-S 53.144008 -27.928778 0.9816 0.9685 0.0109 3DHST 1.2138 0.1395 1.3320 0.0800 114.9272 110.9773
11507 GOODS-S 53.182752 -27.925014 0.6890 0.5734 0.0227 3DHST 1.2091 0.2759 1.8372 0.2449 178.3243 79.5903
12062 GOODS-S 53.158840 -27.925242 1.0427 1.0158 0.0172 3DHST 1.4197 0.1382 1.3240 0.0695 267.8958 254.8829
12378 GOODS-S 53.137956 -27.923834 0.6742 0.6742 0.0053 3DHST 1.0875 0.0740 1.4491 0.0503 153.0992 153.0992
13499 GOODS-S 53.169843 -27.918154 1.0053 0.9789 0.0104 3DHST 1.2477 0.0812 1.3933 0.0452 435.9987 399.9910
13856 GOODS-S 53.184806 -27.920428 0.9531 0.9023 0.0079 3DHST 0.9250 0.0816 1.2806 0.0515 360.3587 271.6248
13986 GOODS-S 53.172094 -27.920529 0.6124 0.6267 0.0131 3DHST 1.4569 0.3252 1.7331 0.1778 76.1958 72.7837
14215 GOODS-S 53.145639 -27.919770 0.8531 0.7703 0.0109 3DHST 1.1206 0.1131 1.3262 0.0574 354.5488 183.3958
14386 GOODS-S 53.139745 -27.920454 0.6661 0.6228 0.0095 3DHST 1.1970 0.1835 1.2351 0.0899 106.8103 86.0214
14555 GOODS-S 53.177962 -27.917693 0.6283 0.6175 0.0040 3DHST 1.4480 0.0989 1.7170 0.0572 110.5723 102.5693
14663 GOODS-S 53.193954 -27.918887 1.1146 1.1146 0.0279 3DHST 1.1860 0.1913 1.2438 0.0948 197.1439 197.1439
15005 GOODS-S 53.128251 -27.915264 0.6736 0.5887 0.0157 3DHST 1.1405 0.2017 1.5931 0.1492 191.2305 140.6862
16131 GOODS-S 53.192549 -27.915824 0.6353 0.5426 0.0108 3DHST 1.5698 0.2629 3.4386 0.5092 254.1011 90.5905
16290 GOODS-S 53.188921 -27.914171 0.7225 0.6887 0.0334 3DHST 1.5947 0.2908 1.3916 0.1404 98.1011 84.5961
17022 GOODS-S 53.191877 -27.912430 0.7286 0.8003 0.0195 3DHST 1.1092 0.0836 1.3186 0.0431 964.9904 808.4152
17024 GOODS-S 53.153370 -27.913962 0.6513 0.5577 0.0141 3DHST 1.1812 0.1337 2.8942 0.2663 400.3953 113.4727
17414 GOODS-S 53.205598 -27.907577 0.6446 0.6446 0.0100 3DHST 1.0847 0.0928 1.1159 0.0436 272.7282 272.7282
17704 GOODS-S 53.184784 -27.913397 0.7287 0.7060 0.0123 3DHST 1.2199 0.1925 1.4599 0.1068 69.9856 67.3065
18260 GOODS-S 53.193371 -27.903872 0.6637 0.6526 0.0061 3DHST 1.2342 0.0737 1.3997 0.0404 736.9036 726.6374
19226 GOODS-S 53.141256 -27.907070 0.6603 0.6493 0.0137 3DHST 1.1752 0.1488 1.6454 0.0965 1144.7695 1142.5760
19683 GOODS-S 53.148499 -27.908316 1.0252 0.6595 0.1857 3DHST 1.2121 0.2085 1.2155 0.1060 433.5350 216.7175
19774 GOODS-S 53.201988 -27.904447 0.8508 1.0031 0.0395 3DHST 1.1336 0.1305 1.3505 0.0852 1711.6876 1416.2994
21592 GOODS-S 53.145924 -27.901462 0.6773 0.6773 0.0051 3DHST 1.3191 0.1199 1.3561 0.0562 204.7636 204.7636
21612 GOODS-S 53.175819 -27.903717 0.7295 0.6213 0.0608 3DHST 1.1842 0.1542 1.3515 0.0764 438.7539 186.9169
22402 GOODS-S 53.141867 -27.901909 0.8215 0.7292 0.0074 3DHST 1.4952 0.1316 1.3889 0.0594 358.9005 121.8713
22708 GOODS-S 53.142595 -27.899975 0.6868 0.6429 0.0116 3DHST 1.1639 0.1149 1.1943 0.0550 139.0947 106.5959
22917 GOODS-S 53.170918 -27.900476 0.6721 0.6611 0.0063 3DHST 1.6831 0.2381 1.7278 0.1303 83.3357 83.1580
23142 GOODS-S 53.160673 -27.897112 0.6634 0.6523 0.0024 3DHST 1.3668 0.0812 1.6267 0.0475 127.4831 108.7920
23172 GOODS-S 53.145209 -27.897243 0.6746 0.6746 0.0026 3DHST 1.1219 0.0783 1.4799 0.0538 101.2099 101.2099
23407 GOODS-S 53.159475 -27.898455 0.6824 0.6712 0.0112 3DHST 1.6229 0.1517 1.5270 0.0745 151.2019 151.0501
24480 GOODS-S 53.156308 -27.897404 0.9522 0.9392 0.0100 3DHST 1.1173 0.1447 1.3059 0.0885 89.3927 85.3191
24521 GOODS-S 53.175351 -27.896841 0.6785 0.5833 0.0444 3DHST 1.2655 0.3158 1.7939 0.2479 159.1093 109.4203
25184 GOODS-S 53.142600 -27.895068 0.6629 0.6411 0.0088 3DHST 1.6012 0.5454 1.7401 0.3006 83.9901 76.2333
25205 GOODS-S 53.170033 -27.895421 0.9686 0.9426 0.0104 3DHST 1.1417 0.0788 1.1482 0.0419 444.2459 419.9739
25390 GOODS-S 53.130708 -27.888658 1.1336 1.3499 0.0371 3DHST 1.2780 0.1589 0.9437 0.0731 224.0625 91.3286
26158 GOODS-S 53.178564 -27.890211 0.6612 0.6612 0.0052 3DHST 1.4835 0.0964 1.9553 0.0593 100.9362 100.9362
26160 GOODS-S 53.179315 -27.892036 0.6771 0.6549 0.0236 3DHST 1.1647 0.2942 1.1986 0.1374 80.3463 78.8802
26891 GOODS-S 53.144178 -27.890151 1.0875 0.9944 0.0115 3DHST 1.1277 0.1001 1.2963 0.0569 662.5987 454.7659
26909 GOODS-S 53.139012 -27.892632 1.0676 1.1282 0.0065 3DHST 0.7915 0.0712 0.4620 0.0380 3695.6558 3483.6588
27974 GOODS-S 53.146612 -27.889677 0.6778 0.6778 0.0058 3DHST 1.3525 0.1687 1.6836 0.1040 113.9681 113.9681
28588 GOODS-S 53.176896 -27.889314 0.6619 0.6619 0.0125 3DHST 1.6467 0.3540 1.6514 0.1875 63.3259 63.3259
29322 GOODS-S 53.135877 -27.887968 0.9635 0.8292 0.0184 3DHST 1.0786 0.1643 1.5952 0.1111 227.4437 115.9020
29794 GOODS-S 53.138950 -27.886919 0.6940 0.6828 0.0129 3DHST 1.3713 0.2415 1.6106 0.1465 77.5780 74.2765
30010 GOODS-S 53.164521 -27.883791 0.6785 0.6676 0.0069 3DHST 1.4027 0.2062 2.1241 0.1483 127.4782 124.5205
30107 GOODS-S 53.133932 -27.886666 0.9140 0.9401 0.0096 3DHST 0.8422 0.0939 1.2769 0.0695 144.1821 108.2635
30286 GOODS-S 53.195926 -27.885478 0.6798 0.6363 0.0123 3DHST 1.2806 0.1822 1.5786 0.1076 135.5122 81.4026
30676 GOODS-S 53.164456 -27.883471 0.6766 0.7334 0.0124 3DHST 1.1584 0.0902 1.1954 0.0440 280.9714 226.4711
30763 GOODS-S 53.165467 -27.885331 0.6932 0.5773 0.0412 3DHST 1.4199 0.2703 1.9996 0.2403 318.5720 115.8107
30887 GOODS-S 53.179241 -27.884619 0.9127 0.7930 0.0578 3DHST 1.0477 0.1486 1.1224 0.0911 292.1388 138.3071
31086 GOODS-S 53.178130 -27.884897 0.8474 0.6395 0.0258 3DHST 1.2315 0.2730 1.3049 0.1400 328.9315 174.7836
31325 GOODS-S 53.185805 -27.882850 0.6663 0.6336 0.0150 3DHST 1.1904 0.1284 1.2130 0.0612 134.1122 95.1588
31861 GOODS-S 53.172679 -27.882669 0.6757 0.5908 0.0162 3DHST 0.9448 0.1290 1.2491 0.0953 187.4895 103.0229
31899 GOODS-S 53.139820 -27.880603 1.1610 1.1466 0.0162 3DHST 1.2018 0.0928 1.3982 0.0592 201.3984 200.0904
32674 GOODS-S 53.152949 -27.877295 0.6250 0.5827 0.0057 3DHST 1.1643 0.0835 1.4912 0.0566 137.4373 87.2323
32885 GOODS-S 53.185907 -27.880391 0.6154 0.5941 0.0106 3DHST 1.1248 0.2339 1.4121 0.1563 79.4568 75.2576
33294 GOODS-S 53.158667 -27.880188 1.0280 0.9498 0.0057 3DHST 0.9906 0.1023 1.1213 0.0592 375.9930 176.5798
34128 GOODS-S 53.158957 -27.877881 0.7288 0.5810 0.0209 3DHST 1.1049 0.1457 1.5813 0.1061 401.8493 129.3561
34208 GOODS-S 53.191189 -27.872941 0.9994 0.9994 0.0111 3DHST 1.1561 0.0947 1.3194 0.0525 204.2864 204.2864
34457 GOODS-S 53.146597 -27.876704 0.7884 0.8092 0.0113 3DHST 1.1607 0.0977 1.2895 0.0615 210.5440 200.8694
34803 GOODS-S 53.183195 -27.876363 0.6458 0.6135 0.0136 3DHST 1.1625 0.1194 1.3098 0.0685 202.3124 146.6728
34821 GOODS-S 53.165209 -27.873947 1.0445 1.0176 0.0124 3DHST 1.1286 0.1101 1.2235 0.0607 245.9490 213.8207
35475 GOODS-S 53.194943 -27.874946 1.2302 1.2154 0.0255 3DHST 1.4670 0.2481 1.3614 0.1181 152.4236 151.0738
35579 GOODS-S 53.186398 -27.874972 0.9675 0.9040 0.0298 3DHST 1.0424 0.1776 1.2545 0.1051 159.4778 138.2676
35765 GOODS-S 53.163142 -27.873062 0.8528 0.8165 0.0088 3DHST 1.5168 0.1339 1.3867 0.0576 241.6584 224.3119
36110 GOODS-S 53.172427 -27.873753 0.6231 0.5912 0.0086 3DHST 1.2110 0.1796 1.6589 0.1363 97.1290 72.6949
36121 GOODS-S 53.173438 -27.865976 0.7809 0.7691 0.0057 3DHST 1.7635 0.1324 1.5993 0.0610 145.9594 139.9440
36550 GOODS-S 53.185447 -27.872944 0.7060 0.6835 0.0125 3DHST 0.8802 0.1421 1.0956 0.0904 116.3693 111.7005
36896 GOODS-S 53.191299 -27.872109 1.0051 0.9279 0.0183 3DHST 1.1386 0.1981 1.2956 0.1138 141.8759 99.9475
37429 GOODS-S 53.150887 -27.868331 0.7789 0.7670 0.0069 3DHST 1.3600 0.1071 1.6156 0.0694 126.7395 120.9247
38350 GOODS-S 53.153101 -27.868566 0.7807 0.6904 0.0245 3DHST 1.4867 0.1309 1.2266 0.0549 510.4984 152.9917
38417 GOODS-S 53.186973 -27.869061 0.7926 0.7994 0.0255 3DHST 1.3040 0.2103 1.2069 0.0929 145.8850 145.0737
38577 GOODS-S 53.187607 -27.868807 0.7987 0.8149 0.0202 3DHST 1.2546 0.1753 1.4786 0.1147 122.2169 116.8132
38854 GOODS-S 53.178108 -27.868082 0.6618 0.6185 0.0081 3DHST 1.5241 0.1962 1.5886 0.1074 125.7939 97.2073
39116 GOODS-S 53.166565 -27.867970 0.6443 0.5610 0.0389 3DHST 0.9233 0.1629 1.9425 0.2722 134.4936 98.7526
39503 GOODS-S 53.173913 -27.865049 0.8533 0.8821 0.0236 3DHST 1.2270 0.1485 1.4451 0.0772 112.7928 101.6506
39835 GOODS-S 53.178034 -27.866458 1.1266 1.0986 0.0124 3DHST 1.1624 0.1638 1.4333 0.1007 160.4589 150.9559
40117 GOODS-S 53.181796 -27.866849 0.6988 0.6545 0.1684 3DHST 1.1769 0.2670 1.1959 0.1160 238.5505 229.2233
40163 GOODS-S 53.179131 -27.866557 0.9051 0.7971 0.0233 3DHST 0.9932 0.2325 1.2395 0.1220 224.4046 176.6100
40488 GOODS-S 53.168321 -27.865487 0.6729 0.5881 0.0106 3DHST 1.4995 0.1808 1.5188 0.1069 306.2963 122.2304
41478 GOODS-S 53.196579 -27.863206 1.1302 1.1302 0.0105 3DHST 1.2534 0.1165 1.4118 0.0754 85.7238 85.7238
42022 GOODS-S 53.193867 -27.863361 0.7082 0.6638 0.3003 3DHST 1.2521 0.3304 1.3504 0.1568 1107.4655 1020.9555
42277 GOODS-S 53.175667 -27.862315 0.8972 0.8722 0.0170 3DHST 1.3796 0.2191 1.5093 0.1210 84.2841 78.6327
42703 GOODS-S 53.136388 -27.850696 0.7301 0.7406 0.0054 3DHST 1.8451 0.1377 1.7794 0.0634 192.6420 173.2988
42894 GOODS-S 53.178791 -27.859692 0.8522 0.9753 0.0657 3DHST 1.1807 0.2242 1.4492 0.1476 96.5256 85.0943
43404 GOODS-S 53.207779 -27.858065 0.7758 0.6965 0.0202 3DHST 1.0228 0.1040 1.4593 0.0735 218.6006 102.1908
43478 GOODS-S 53.190104 -27.859178 0.8430 0.8308 0.0103 3DHST 1.1440 0.1187 1.2198 0.0545 127.5276 120.6311
43997 GOODS-S 53.161866 -27.858128 0.6444 0.6457 0.0054 3DHST 1.1991 0.2478 1.5029 0.1639 78.3678 76.2641
44047 GOODS-S 53.153420 -27.858637 1.2312 1.1874 0.0151 3DHST 1.1008 0.2371 1.1963 0.1438 118.3368 109.4879
44163 GOODS-S 53.153382 -27.857359 0.6746 0.5797 0.0132 3DHST 0.9048 0.1701 1.4631 0.1651 136.6987 82.8733
45314 GOODS-S 53.165789 -27.856155 0.6819 0.6901 0.0384 3DHST 1.3329 0.1837 1.1695 0.0890 185.2198 184.9668
45410 GOODS-S 53.195148 -27.855885 1.0798 1.0386 0.0348 3DHST 0.9409 0.1933 1.2449 0.1407 99.8360 90.6309
45462 GOODS-S 53.176780 -27.855401 0.8458 0.7635 0.0098 3DHST 0.9889 0.1308 1.0971 0.0646 426.9045 258.5982
45502 GOODS-S 53.167266 -27.856362 0.6927 0.6486 0.0151 3DHST 1.4436 0.2262 1.2753 0.1131 175.0888 122.7675
45879 GOODS-S 53.158459 -27.854919 0.6122 0.8514 0.0049 3DHST 2.0691 0.2277 3.1426 0.1660 3489.6705 683.0769
46037 GOODS-S 53.188363 -27.853537 1.2326 1.1605 0.0210 3DHST 0.9823 0.1819 1.2443 0.1292 147.9309 101.7464
46562 GOODS-S 53.164226 -27.853497 0.6617 0.5384 0.0652 3DHST 2.9908 1.0458 5.8116 1.9687 280.4261 115.7071
46603 GOODS-S 53.137145 -27.852164 0.7356 0.7438 0.0080 3DHST 1.0829 0.1592 1.5755 0.1213 97.0952 89.7408
47029 GOODS-S 53.204932 -27.851305 0.7913 0.6688 0.0696 3DHST 1.4157 0.3575 1.3310 0.1612 146.5088 95.8590
47038 GOODS-S 53.133894 -27.851542 0.6683 0.6464 0.0182 3DHST 1.1362 0.1947 1.2668 0.1036 104.0628 102.1928
47101 GOODS-S 53.206310 -27.851605 0.7809 0.5994 0.1048 3DHST 1.5626 0.1508 1.2097 0.0582 802.7288 142.7583
47324 GOODS-S 53.175354 -27.852604 0.9500 0.9587 0.0173 3DHST 1.1985 0.1329 1.1651 0.0693 218.8657 218.8445
47396 GOODS-S 53.146899 -27.851333 0.7351 0.7351 0.0139 3DHST 1.0291 0.1396 1.5471 0.1076 77.1954 77.1954
47469 GOODS-S 53.173538 -27.852422 0.9413 0.9158 0.0188 3DHST 1.0340 0.1668 1.0488 0.0944 117.3770 110.8132
47740 GOODS-S 53.161886 -27.845847 1.0943 1.1263 0.0133 3DHST 1.2297 0.1047 1.5287 0.0614 171.3270 144.3553
48890 GOODS-S 53.206965 -27.848048 0.8867 0.8617 0.0082 3DHST 1.1511 0.0958 1.2693 0.0538 221.5800 184.2617
49022 GOODS-S 53.135730 -27.848313 0.6660 0.6018 0.0122 3DHST 1.1848 0.1779 1.1974 0.0856 121.5831 84.3773
50107 GOODS-S 53.210764 -27.847465 0.7448 0.6255 0.0365 3DHST 1.0028 0.2162 1.4464 0.1601 157.3517 105.6995
51356 GOODS-S 53.156680 -27.843269 0.6313 0.5292 0.0111 3DHST 4.0761 1.1811 9.6969 2.7642 396.8189 149.4090
52204 GOODS-S 53.187297 -27.843166 0.6165 0.3774 0.0445 3DHST nan nan nan nan 168.9284 102.7742
52259 GOODS-S 53.179682 -27.843878 0.7298 0.7182 0.0148 3DHST 1.3615 0.1176 1.1638 0.0482 430.1707 429.8652
52481 GOODS-S 53.169227 -27.842715 0.8391 0.8615 0.0149 3DHST 1.2816 0.1540 1.7050 0.1103 104.7558 87.4965
52774 GOODS-S 53.159822 -27.841340 0.6128 0.5118 0.0129 3DHST nan nan nan nan 343.9825 147.9522
52945 GOODS-S 53.203373 -27.841532 0.6335 0.5507 0.0155 3DHST 1.0700 0.2140 2.2915 0.3741 139.7494 92.5597
53650 GOODS-S 53.152482 -27.841956 0.7401 0.6731 0.0176 3DHST 1.6812 0.4129 1.5125 0.1850 100.5278 68.5760
54553 GOODS-S 53.177902 -27.839194 0.7807 0.6588 0.0132 3DHST 1.4483 0.1383 1.2315 0.0600 392.4954 84.9101
54921 GOODS-S 53.214937 -27.838243 0.8201 0.7844 0.0080 3DHST 1.0816 0.0622 1.2959 0.0389 958.3641 803.7822
54922 GOODS-S 53.158032 -27.838407 1.2329 1.1333 0.0226 3DHST 0.9355 0.2439 1.2473 0.1702 123.6609 81.8342
54977 GOODS-S 53.189606 -27.838391 1.0591 1.0455 0.0117 3DHST 0.9058 0.1261 1.1556 0.0851 133.6218 128.1435
55434 GOODS-S 53.204335 -27.837635 1.1179 1.1518 0.0132 3DHST 1.2334 0.1683 1.4581 0.1025 101.0579 92.3307
56922 GOODS-S 53.218124 -27.833686 0.8485 0.7436 0.0385 3DHST 1.2406 0.0981 1.5710 0.0643 424.4648 163.2365
57014 GOODS-S 53.184564 -27.836041 1.0614 1.0343 0.0125 3DHST 1.4660 0.1761 1.5984 0.0907 107.9288 100.3046
57446 GOODS-S 53.152157 -27.835112 0.6877 0.6227 0.0061 3DHST 1.1375 0.0982 1.3165 0.0488 385.1614 164.0466
57685 GOODS-S 53.152486 -27.834321 0.7808 0.6386 0.0145 3DHST 1.3741 0.1411 1.1642 0.0615 354.2352 134.8626
58181 GOODS-S 53.168022 -27.832514 0.6748 0.6748 0.0048 3DHST 1.1149 0.0882 1.4190 0.0604 104.7412 104.7412
58222 GOODS-S 53.208757 -27.834432 0.7111 0.6996 0.0100 3DHST 1.4971 0.2529 1.5359 0.1317 78.8531 78.4036
59492 GOODS-S 53.146181 -27.832902 1.0457 0.8049 0.0971 3DHST 1.2833 0.2766 1.6189 0.1612 173.4000 129.9468
59586 GOODS-S 53.157403 -27.832064 0.8935 0.8323 0.0479 3DHST 0.9423 0.2151 1.3353 0.1514 126.4361 108.6084
59747 GOODS-S 53.215527 -27.830838 0.7284 0.6002 0.0069 3DHST 1.1993 0.0843 1.4190 0.0433 1031.6809 222.7437
60296 GOODS-S 53.160272 -27.825516 0.6604 0.6067 0.0120 3DHST 1.1620 0.1360 1.4358 0.0806 141.0541 109.7119
61172 GOODS-S 53.164745 -27.824545 0.6627 0.6675 0.0024 3DHST 1.6617 0.1084 1.5776 0.0548 192.6326 185.5807
61235 GOODS-S 53.188120 -27.827765 1.1280 1.1422 0.0147 3DHST 1.5754 0.1840 1.7695 0.1056 138.8430 133.3824
61447 GOODS-S 53.185231 -27.827841 0.9198 0.9300 0.0104 3DHST 1.2256 0.1044 1.4552 0.0650 197.8433 178.7148
62528 GOODS-S 53.189880 -27.826710 0.6956 0.7094 0.0120 3DHST 0.9745 0.0618 1.2653 0.0409 180.9391 155.0101
62788 GOODS-S 53.179058 -27.825762 0.6078 0.6131 0.0090 3DHST 1.6021 0.5421 1.6598 0.2722 83.9844 83.9670
63902 GOODS-S 53.161746 -27.824573 0.8348 0.8225 0.0061 3DHST 1.3663 0.1620 1.6313 0.0833 116.3355 109.3883
64797 GOODS-S 53.168097 -27.823211 0.6799 1.2875 0.3718 3DHST 1.2840 0.4630 1.5311 0.2533 171.8158 67.9883
65572 GOODS-S 53.155882 -27.822220 0.6685 1.3902 0.0697 3DHST nan nan nan nan nan nan
65620 GOODS-S 53.164979 -27.819329 0.9673 0.9807 0.0073 3DHST 1.7266 0.1207 1.8323 0.0584 253.4750 223.4807
65708 GOODS-S 53.161077 -27.821909 0.6686 0.5545 0.1859 3DHST 1.0352 0.4501 2.4078 0.8386 130.9453 94.6617
65825 GOODS-S 53.171733 -27.821792 0.8740 0.8740 0.0074 3DHST 1.0661 0.1282 1.1888 0.0615 221.3358 221.3358
65981 GOODS-S 53.172631 -27.821429 0.7153 0.6600 0.0173 3DHST 1.0149 0.1450 1.2233 0.0924 161.1303 107.6348
66256 GOODS-S 53.193205 -27.820214 0.6780 0.6780 0.0055 3DHST 1.5105 0.1475 1.7668 0.0857 108.4506 108.4506
66708 GOODS-S 53.161708 -27.819261 0.6662 0.5918 0.0150 3DHST 1.1855 0.1508 1.2691 0.0759 177.0544 123.9169
66729 GOODS-S 53.136332 -27.816537 0.6820 0.6069 0.0064 3DHST 1.4906 0.1015 1.3624 0.0500 477.7057 161.5174
67814 GOODS-S 53.137182 -27.815682 0.8387 0.7679 0.0085 3DHST 1.2066 0.0882 1.5354 0.0592 275.6156 132.7515
68033 GOODS-S 53.167772 -27.816705 1.1357 1.2049 0.0278 3DHST 1.1455 0.3220 1.4181 0.1927 119.5804 100.3121
68104 GOODS-S 53.191211 -27.817277 1.1398 1.0842 0.0164 3DHST 1.0104 0.1993 1.1448 0.1298 123.2204 98.0109
68675 GOODS-S 53.174511 -27.814960 0.6732 0.7197 0.0172 3DHST 1.0476 0.0676 1.1583 0.0364 738.7255 650.2140
68841 GOODS-S 53.164449 -27.815337 1.0964 1.1129 0.0261 3DHST 1.3668 0.2121 1.6725 0.1245 98.7480 93.8846
68982 GOODS-S 53.154285 -27.815934 0.8175 0.8054 0.0144 3DHST 1.1504 0.1720 1.1690 0.0973 153.6131 151.2607
69168 GOODS-S 53.173437 -27.815726 0.7096 0.4010 0.1438 3DHST nan nan nan nan 166.0336 109.9326
69419 GOODS-S 53.132376 -27.814240 0.7482 0.7626 0.0061 3DHST 1.1309 0.1101 1.7314 0.0841 155.4289 116.9914
69522 GOODS-S 53.164816 -27.814367 0.6124 0.8656 0.0054 3DHST 1.8757 0.1944 2.5555 0.1292 2770.6694 633.3499
70001 GOODS-S 53.200552 -27.812487 0.6767 0.6767 0.0051 3DHST 1.3927 0.1214 1.5774 0.0640 89.1716 89.1716
70264 GOODS-S 53.168175 -27.812932 0.9494 0.8987 0.0074 3DHST 1.0919 0.1040 1.0802 0.0556 255.7556 147.6960
70682 GOODS-S 53.179923 -27.811745 0.7386 0.7044 0.0520 3DHST 1.1193 0.3629 1.3090 0.1821 88.7775 86.0097
70878 GOODS-S 53.164309 -27.810825 0.7228 0.6671 0.0266 3DHST 1.4117 0.2226 1.3159 0.1121 103.8987 89.1214
71524 GOODS-S 53.145084 -27.809846 1.2004 1.2046 0.1293 3DHST 1.2237 0.1690 1.2092 0.0892 618.5251 618.3833
71560 GOODS-S 53.138046 -27.809661 0.6762 0.6433 0.0113 3DHST 1.1990 0.3221 1.3608 0.1809 82.2694 76.0876
71864 GOODS-S 53.150604 -27.809505 0.7578 0.5239 0.3118 3DHST 5.0171 8.9620 11.4966 20.3371 228.3322 126.9076
72048 GOODS-S 53.151041 -27.809461 1.0563 1.0029 0.0210 3DHST 1.2787 0.3311 1.4401 0.1889 100.0685 82.4762
72082 GOODS-S 53.137538 -27.808167 0.6626 0.6407 0.0094 3DHST 1.2485 0.1610 1.2899 0.0920 143.6101 132.7417
72524 GOODS-S 53.130330 -27.805615 1.1916 1.3418 0.0442 3DHST 1.2321 0.2182 0.6244 0.1118 125.2330 95.2561
72905 GOODS-S 53.180242 -27.798928 0.6625 0.7017 0.0099 3DHST 1.4812 0.0873 1.3799 0.0439 196.6003 128.3672
73333 GOODS-S 53.149846 -27.803301 0.6168 0.6168 0.0062 3DHST 1.2529 0.0809 1.4689 0.0459 64.8286 64.8286
73385 GOODS-S 53.151191 -27.805557 0.6711 0.6491 0.0160 3DHST 1.1101 0.4455 1.5556 0.3120 84.5812 83.3499
73423 GOODS-S 53.140539 -27.804566 0.6808 0.6057 0.0098 3DHST 1.0896 0.2840 1.6572 0.2144 128.8167 79.3923
73549 GOODS-S 53.161238 -27.804879 0.6939 0.5398 0.0958 3DHST 1.7605 1.6416 4.3246 3.7367 99.1661 78.2803
73866 GOODS-S 53.140757 -27.804472 0.6870 0.6759 0.0155 3DHST 1.1768 0.2365 1.1897 0.1137 76.1173 74.6930
73974 GOODS-S 53.137771 -27.802096 1.1960 1.1389 0.0462 3DHST 1.5259 0.3361 1.8552 0.1870 104.6348 90.5854
74011 GOODS-S 53.148753 -27.804300 0.9248 0.8044 0.0193 3DHST 0.7816 0.1156 1.1954 0.0821 390.8043 192.3110
74039 GOODS-S 53.181639 -27.801309 0.7623 0.7506 0.0076 3DHST 1.7189 0.2726 1.3619 0.1049 233.3827 231.4593
74060 GOODS-S 53.163418 -27.799548 0.6613 0.6613 0.0035 3DHST 1.3837 0.0914 1.9238 0.0590 151.9447 151.9447
74133 GOODS-S 53.148958 -27.799680 0.6615 0.6669 0.0032 3DHST 1.6374 0.0922 1.7382 0.0497 312.1136 302.5112
75495 GOODS-S 53.157278 -27.798455 0.6764 0.5814 0.0208 3DHST 1.1479 0.2328 1.4621 0.1626 137.8195 76.3369
75604 GOODS-S 53.168163 -27.799841 0.6251 0.6681 0.0390 3DHST 1.7433 0.8767 1.7278 0.3875 103.1868 97.2900
75733 GOODS-S 53.169865 -27.800123 0.6822 0.6278 0.0336 3DHST 1.9564 0.9445 1.7049 0.4471 80.0596 74.3555
76094 GOODS-S 53.155448 -27.791484 0.6777 0.6989 0.0070 3DHST 1.2149 0.0732 1.2914 0.0359 426.5318 396.9734
76154 GOODS-S 53.151198 -27.798700 0.6127 0.5309 0.0746 3DHST 7.5128 5.7173 13.5328 10.2550 578.5493 532.7633
76197 GOODS-S 53.178972 -27.798668 1.0512 1.0243 0.0144 3DHST 1.0469 0.2844 1.1500 0.1630 79.0699 72.6953
76349 GOODS-S 53.157848 -27.797485 0.7801 0.6083 0.1371 3DHST 1.4363 0.2319 1.2948 0.1016 315.9945 107.7882
76592 GOODS-S 53.173667 -27.797363 0.6838 0.5784 0.0194 3DHST 1.1670 0.2633 1.6637 0.2338 155.0228 90.6888
76612 GOODS-S 53.166878 -27.797709 0.8730 0.8606 0.0308 3DHST 0.8678 0.1700 1.1574 0.1108 114.4382 112.3648
76751 GOODS-S 53.156749 -27.795597 1.1078 1.0397 0.0089 3DHST 1.0547 0.0929 1.2331 0.0555 406.6458 232.2701
76863 GOODS-S 53.176198 -27.796140 1.0067 1.0067 0.0158 3DHST 1.2254 0.2067 1.4348 0.1233 82.3757 82.3757
76864 GOODS-S 53.134472 -27.797556 0.8380 0.7339 0.0451 3DHST 1.0452 0.2671 1.3817 0.2011 107.1342 82.6445
77522 GOODS-S 53.172524 -27.788092 0.6262 0.6348 0.0062 3DHST 1.2763 0.0817 1.5076 0.0475 299.5122 290.0665
77579 GOODS-S 53.161249 -27.792865 0.7008 0.6674 0.0211 3DHST 1.6335 0.9277 1.8672 0.5885 96.6915 94.7281
77821 GOODS-S 53.137615 -27.791914 0.9951 1.0780 0.0112 3DHST 1.1992 0.1311 1.3386 0.0748 264.0869 128.0820
77902 GOODS-S 53.155870 -27.794899 1.0814 0.9512 0.0469 3DHST 1.4362 0.1434 1.0985 0.0588 461.3224 347.4427
78077 GOODS-S 53.184165 -27.792630 0.7441 0.7490 0.0160 3DHST 1.0958 0.0685 1.3341 0.0388 1245.7021 1237.5521
78177 GOODS-S 53.130643 -27.790259 0.6613 0.5771 0.0085 3DHST 1.0674 0.0687 1.7780 0.0636 568.6537 227.1221
78360 GOODS-S 53.166209 -27.793911 1.0420 0.9634 0.0220 3DHST 1.3166 0.2312 1.2678 0.1278 142.1300 86.6195
78415 GOODS-S 53.169475 -27.791939 0.6615 0.6897 0.0065 3DHST 1.6379 0.1025 1.7544 0.0569 264.7658 166.6005
78527 GOODS-S 53.182200 -27.793979 0.7791 1.4070 0.3615 3DHST 1.2612 0.2271 1.4593 0.1504 755.6344 117.9292
78576 GOODS-S 53.193869 -27.793295 0.6956 0.6623 0.0122 3DHST 0.9721 0.1275 1.2313 0.0824 144.2283 129.4054
78710 GOODS-S 53.149135 -27.792985 1.1641 1.1355 0.1205 3DHST 1.2068 0.3201 1.3497 0.1637 86.5328 83.6743
78885 GOODS-S 53.167566 -27.792511 1.0840 1.0167 0.0119 3DHST 1.0978 0.1501 1.3859 0.0925 173.4114 108.1500
79058 GOODS-S 53.171335 -27.792940 0.9175 0.9822 0.0331 3DHST 0.9970 0.1864 1.1603 0.1088 163.9801 135.0970
79581 GOODS-S 53.166182 -27.787518 1.1066 1.0926 0.0135 3DHST 1.0985 0.0861 1.2753 0.0497 383.8014 380.0809
79895 GOODS-S 53.155840 -27.790464 0.6662 0.6551 0.0100 3DHST 1.3919 0.4307 1.5318 0.2246 98.6387 93.4481
80115 GOODS-S 53.168014 -27.789665 0.6029 0.5714 0.0158 3DHST 1.2066 0.1404 2.0371 0.1674 119.4305 77.4396
80255 GOODS-S 53.184823 -27.789929 0.9458 0.9075 0.0124 3DHST 1.1392 0.1376 1.4088 0.0895 157.3612 113.6377
80500 GOODS-S 53.147179 -27.788481 0.6613 0.5010 0.0204 3DHST nan nan nan nan 476.2030 197.6084
80618 GOODS-S 53.162522 -27.789646 0.7103 0.7897 0.0254 3DHST 1.9644 0.7900 2.4416 0.5298 110.2562 97.1765
81011 GOODS-S 53.160354 -27.784002 0.9295 0.9351 0.0087 3DHST 1.3171 0.0858 1.4816 0.0511 400.0265 389.5873
81021 GOODS-S 53.174030 -27.788006 1.0897 1.1684 0.0199 3DHST 0.8470 0.1586 1.3097 0.1197 141.6688 96.5145
81256 GOODS-S 53.192066 -27.787169 1.0870 1.0595 0.0217 3DHST 1.2136 0.1262 1.3730 0.0744 302.6079 295.1689
81306 GOODS-S 53.157227 -27.785265 0.6874 0.7399 0.0397 3DHST 1.1511 0.2068 1.2221 0.1037 114.9675 101.8121
81328 GOODS-S 53.181119 -27.786918 1.0464 1.0748 0.0414 3DHST 1.3669 0.3726 1.5153 0.2101 130.3043 125.4437
81636 GOODS-S 53.139403 -27.786768 1.2211 1.2285 0.0252 3DHST 1.0192 0.2825 1.3053 0.1989 109.5011 107.1424
81973 GOODS-S 53.160958 -27.786503 1.1246 1.1998 0.0721 3DHST 1.3479 0.3467 1.3514 0.1780 122.9463 110.6424
83248 GOODS-S 53.161632 -27.780247 0.6281 0.6172 0.0034 3DHST 1.4146 0.1172 1.6431 0.0680 184.3551 176.1497
83479 GOODS-S 53.165885 -27.781539 1.0878 1.0074 0.0134 3DHST 1.1331 0.1289 1.3794 0.0790 271.6051 170.7830
83686 GOODS-S 53.151837 -27.782861 0.8503 0.7907 0.0064 3DHST 1.0956 0.1090 1.1531 0.0635 352.2839 242.0062
83834 GOODS-S 53.158176 -27.781094 0.6115 0.5298 0.0084 3DHST 4.1579 1.1706 8.8191 2.4464 438.5692 214.7842
83975 GOODS-S 53.172613 -27.780967 0.6284 0.5964 0.0068 3DHST 1.1578 0.0980 1.4122 0.0606 122.8694 94.3270
84173 GOODS-S 53.170684 -27.781968 0.7182 0.6521 0.0193 3DHST 1.0926 0.2427 1.4771 0.1477 119.6777 95.4219
84197 GOODS-S 53.151856 -27.781965 0.9187 0.8810 0.0139 3DHST 1.1230 0.1837 1.2168 0.0992 134.0859 113.0362
84478 GOODS-S 53.139283 -27.780668 0.7306 0.5924 0.0244 3DHST 1.4002 0.1779 1.4219 0.0947 323.5649 93.3197
84625 GOODS-S 53.160815 -27.775379 0.6425 0.5793 0.0059 3DHST 1.5216 0.1189 1.8216 0.0921 246.6041 95.3710
84991 GOODS-S 53.174431 -27.780859 0.7306 0.7191 0.0124 3DHST 1.7696 0.3820 1.5237 0.1536 86.5193 84.8895
85260 GOODS-S 53.197016 -27.780600 0.7360 0.6585 0.0297 3DHST 0.8668 0.1212 1.3470 0.0970 197.9205 112.2462
85517 GOODS-S 53.176316 -27.780850 0.8845 0.8987 0.0186 3DHST 1.2720 0.2655 0.9899 0.1282 463.7611 451.4105
85552 GOODS-S 53.179270 -27.780251 0.9134 0.9801 0.0458 3DHST 0.9948 0.3341 1.6119 0.2740 90.2018 86.5967
85692 GOODS-S 53.173775 -27.780426 0.6908 0.4490 0.1962 3DHST nan nan nan nan 86.6410 69.3942
85748 GOODS-S 53.184164 -27.779736 0.6878 0.6125 0.1794 3DHST 1.5467 0.5302 1.4435 0.1971 165.1183 131.6841
86051 GOODS-S 53.169918 -27.771019 0.6466 0.5533 0.0082 3DHST 1.0561 0.0659 2.2416 0.1119 742.9591 434.0289
86604 GOODS-S 53.145223 -27.777903 1.0944 1.0805 0.0156 3DHST 1.1867 0.1342 1.5056 0.0821 203.9942 198.6437
86719 GOODS-S 53.172993 -27.777857 1.0595 1.0458 0.0121 3DHST 0.8965 0.1365 1.1019 0.0903 108.6983 106.3702
87420 GOODS-S 53.151053 -27.777309 0.7268 0.7390 0.0238 3DHST 0.8967 0.1541 1.2481 0.1054 104.9960 102.8211
87658 GOODS-S 53.147773 -27.776948 1.0629 0.9963 0.0121 3DHST 1.4087 0.1914 1.3335 0.0983 147.8981 91.0756
87755 GOODS-S 53.151786 -27.775421 1.0334 0.9551 0.0209 3DHST 1.3167 0.2349 1.4689 0.1351 123.3141 75.8272
87783 GOODS-S 53.183219 -27.775713 1.1304 0.6993 0.0150 3DHST 0.9784 0.0869 1.2604 0.0684 3940.0285 2787.8632
87827 GOODS-S 53.160161 -27.775527 0.6284 0.6176 0.0050 3DHST 1.3984 0.1497 1.7232 0.0924 89.2109 80.4758
87843 GOODS-S 53.152786 -27.775293 0.9475 0.9975 0.0156 3DHST 1.1521 0.1055 1.3312 0.0616 170.3550 141.8075
87958 GOODS-S 53.181036 -27.776173 0.6599 0.7119 0.0107 3DHST 1.1661 0.1117 1.5093 0.0659 167.1690 121.9241
88069 GOODS-S 53.152073 -27.774814 0.7808 0.6590 0.0103 3DHST 1.4474 0.1260 1.2023 0.0535 475.7970 176.2461
88222 GOODS-S 53.149080 -27.774303 1.1140 1.1356 0.0125 3DHST 1.3628 0.2449 1.6795 0.1425 94.9446 88.4747
88279 GOODS-S 53.120738 -27.773213 0.8405 0.8044 0.0545 3DHST 1.2428 0.1204 1.4631 0.0765 141.1471 114.7327
88671 GOODS-S 53.119725 -27.772304 0.7441 0.7441 0.0051 3DHST 1.3967 0.1183 1.8678 0.0754 147.4706 147.4706
88888 GOODS-S 53.197229 -27.774191 0.6446 0.7513 0.0611 3DHST 1.1769 0.1175 1.1982 0.0565 255.3664 167.6733
89212 GOODS-S 53.128513 -27.772701 0.9094 0.9509 0.0172 3DHST 1.4385 0.0971 1.7315 0.0618 656.7816 507.4320
90246 GOODS-S 53.151221 -27.772836 0.6001 0.5895 0.0103 3DHST 0.9943 0.2889 1.2888 0.1963 248.0070 246.4796
90325 GOODS-S 53.178381 -27.768232 0.6759 0.6218 0.0123 3DHST 1.1634 0.0715 1.1972 0.0339 233.6425 132.1043
90359 GOODS-S 53.155244 -27.769531 0.7797 0.7563 0.0088 3DHST 1.4064 0.2250 1.3801 0.1036 199.7642 182.6065
90388 GOODS-S 53.105935 -27.771416 0.8715 0.7766 0.0263 3DHST 1.2406 0.0867 1.4242 0.0551 405.5185 131.9301
90546 GOODS-S 53.154974 -27.768908 1.0890 1.1094 0.0107 3DHST 1.4203 0.1176 1.7546 0.0735 220.3633 192.1536
90791 GOODS-S 53.114947 -27.767561 0.6597 0.7236 0.0498 3DHST 1.1618 0.0791 1.5012 0.0470 382.2882 240.0240
91095 GOODS-S 53.136311 -27.763179 1.0033 1.0966 0.0095 3DHST 1.1484 0.0746 1.3645 0.0439 733.4051 359.4425
91139 GOODS-S 53.158743 -27.770526 0.9902 0.9385 0.0151 3DHST 1.1803 0.0963 1.3459 0.0560 398.1769 340.5478
91382 GOODS-S 53.162456 -27.770907 1.0702 0.8482 0.0470 3DHST 0.8635 0.2763 0.9254 0.1715 156.3216 89.2449
91584 GOODS-S 53.172100 -27.770383 0.6279 0.6171 0.0158 3DHST 1.3094 0.3413 1.5176 0.2023 74.9875 74.7502
91615 GOODS-S 53.131570 -27.770207 0.6515 0.7069 0.0898 3DHST 1.1064 0.0813 1.3412 0.0455 967.0558 874.7181
91651 GOODS-S 53.137568 -27.763176 1.0068 1.0694 0.0263 3DHST 1.1528 0.1121 1.4085 0.0663 217.3358 148.4138
92468 GOODS-S 53.153532 -27.769443 0.7210 0.5836 0.0562 3DHST 1.8283 0.8894 1.9821 0.5312 119.3810 86.1435
92495 GOODS-S 53.157364 -27.768284 1.1148 1.0205 0.0551 3DHST 1.0185 0.3528 1.1873 0.1970 107.3270 84.0408
92860 GOODS-S 53.161499 -27.767621 0.7287 0.8003 0.0734 3DHST 1.1352 0.1394 1.1627 0.0638 365.5759 324.8034
93198 GOODS-S 53.153620 -27.767822 0.6970 0.3682 0.0259 3DHST nan nan nan nan 228.4861 96.2968
93370 GOODS-S 53.113891 -27.767554 0.6618 0.6618 0.0068 3DHST 1.6366 0.1907 1.8132 0.1121 106.4724 106.4724
93759 GOODS-S 53.159865 -27.766840 1.0716 0.9542 0.0200 3DHST 1.3651 0.2287 1.1388 0.1037 191.7382 115.1862
93811 GOODS-S 53.146088 -27.766564 0.9409 0.9154 0.0207 3DHST 1.1790 0.1705 1.1306 0.0900 173.4284 166.7761
93984 GOODS-S 53.106928 -27.765439 1.0272 0.9367 0.0082 3DHST 1.0420 0.1056 1.2411 0.0600 444.8063 180.7401
93988 GOODS-S 53.151372 -27.766686 0.8760 0.8154 0.0137 3DHST 1.4820 0.1894 1.5870 0.0955 145.5838 114.7440
94128 GOODS-S 53.135618 -27.766625 0.9706 0.9446 0.0179 3DHST 1.1244 0.1170 1.2828 0.0677 230.3520 226.3373
94200 GOODS-S 53.178467 -27.766546 0.6819 0.4751 0.0418 3DHST nan nan nan nan 150.8865 100.0103
94356 GOODS-S 53.155412 -27.766071 1.1207 1.1066 0.0113 3DHST 1.2551 0.1775 1.3867 0.1156 85.4323 84.6102
94632 GOODS-S 53.179549 -27.766177 0.8170 1.4056 0.1236 3DHST 0.3757 0.6322 0.4154 0.2351 nan nan
94792 GOODS-S 53.164446 -27.765859 1.0618 0.8516 0.0528 3DHST 1.6188 0.4836 1.4526 0.2354 100.3974 70.7732
95110 GOODS-S 53.109422 -27.764092 1.2242 1.2452 0.0196 3DHST 1.2151 0.2126 1.5783 0.1528 86.6595 79.8692
95688 GOODS-S 53.149196 -27.763622 0.7412 0.6022 0.0322 3DHST 1.4529 0.1974 1.1260 0.0758 471.9314 237.4450
95800 GOODS-S 53.114160 -27.763772 0.7351 0.5583 0.0270 3DHST 0.8927 0.1527 2.1912 0.2837 278.6270 82.8883
96023 GOODS-S 53.168375 -27.760592 0.9410 0.9541 0.0277 3DHST 1.1414 0.1639 1.1421 0.0877 140.9736 135.7454
96481 GOODS-S 53.125270 -27.759500 0.6544 0.5705 0.0058 3DHST 0.9177 0.0681 1.6513 0.0809 438.8571 119.4772
96737 GOODS-S 53.116161 -27.760854 0.7336 0.6353 0.0300 3DHST 1.2157 0.2949 1.4079 0.1723 118.4897 82.5720
97568 GOODS-S 53.125254 -27.756535 1.0068 1.0144 0.0119 3DHST 1.0612 0.0800 1.2297 0.0457 671.5950 663.7229
98384 GOODS-S 53.130091 -27.759084 1.0953 1.0676 0.0259 3DHST 1.5429 0.2730 1.8536 0.1597 87.6628 75.2961
98698 GOODS-S 53.111936 -27.757828 0.8493 0.7896 0.0127 3DHST 1.2178 0.0963 1.5557 0.0639 420.0409 358.0979
98855 GOODS-S 53.170633 -27.757923 0.6636 0.5595 0.0713 3DHST 1.0752 0.1571 2.3993 0.2880 429.6532 186.5765
99014 GOODS-S 53.105246 -27.756648 0.6777 0.6131 0.0034 3DHST 1.2201 0.0796 1.2181 0.0371 525.9142 194.4144
99156 GOODS-S 53.120423 -27.757021 0.9476 0.9476 0.1054 3DHST 1.0907 0.1015 1.1940 0.0562 419.2285 419.2285
99487 GOODS-S 53.156221 -27.757377 0.8813 0.6405 0.1637 3DHST 1.5112 0.7898 1.7208 0.5871 106.3795 80.1451
100020 GOODS-S 53.124398 -27.755748 1.1045 1.0498 0.0139 3DHST 1.1921 0.1389 1.5876 0.0879 123.9216 103.4724
100349 GOODS-S 53.080485 -27.753902 0.7285 0.4564 0.0739 3DHST nan nan nan nan 498.6455 100.7878
100543 GOODS-S 53.115619 -27.755188 0.6936 0.5489 0.0167 3DHST 1.7595 0.3830 3.8480 0.7646 432.9831 163.1695
100572 GOODS-S 53.137158 -27.754179 0.7739 0.6423 0.0145 3DHST 1.0933 0.1641 1.4179 0.1022 233.5934 117.7409
101405 GOODS-S 53.104753 -27.753344 0.7555 0.6879 0.0077 3DHST 0.9698 0.1035 1.3990 0.0736 168.0642 82.2212
102153 GOODS-S 53.123770 -27.751992 0.7395 0.7461 0.0179 3DHST 1.3530 0.1111 1.1650 0.0456 349.1423 344.5668
102693 GOODS-S 53.086339 -27.748277 0.9942 0.9298 0.0096 3DHST 1.2498 0.1081 1.4570 0.0632 175.4686 112.6802
102735 GOODS-S 53.145445 -27.750531 0.6619 0.6082 0.0111 3DHST 1.4668 0.1670 1.5191 0.0897 176.6656 101.8387
103037 GOODS-S 53.159407 -27.748641 0.6706 0.6706 0.0054 3DHST 1.4271 0.1334 1.9564 0.0884 78.3601 78.3601
103116 GOODS-S 53.105623 -27.750783 0.9638 0.8881 0.0089 3DHST 1.0246 0.0763 1.0683 0.0399 552.9547 376.7478
103918 GOODS-S 53.133505 -27.747705 0.9098 0.9098 0.0066 3DHST 1.2975 0.0893 1.4412 0.0513 114.4728 114.4728
104292 GOODS-S 53.161611 -27.746921 0.7808 0.7690 0.0092 3DHST 1.5087 0.1832 1.2839 0.0785 101.2885 99.0222
104774 GOODS-S 53.086105 -27.746234 0.7266 0.7152 0.0059 3DHST 1.1287 0.0978 1.6353 0.0701 104.0277 101.2167
105015 GOODS-S 53.139279 -27.744748 0.6113 0.3730 0.0303 3DHST nan nan nan nan 355.0327 267.5092
105016 GOODS-S 53.097315 -27.746653 0.7376 0.7261 0.0242 3DHST 0.9412 0.1638 1.2343 0.1076 115.4804 114.6991
105522 GOODS-S 53.094430 -27.745873 0.6610 0.5475 0.0161 3DHST 1.7438 0.5716 4.0045 1.1927 218.3378 141.9029
105547 GOODS-S 53.137591 -27.743506 0.6120 0.6120 0.0053 3DHST 1.3764 0.0873 1.6622 0.0520 76.7087 76.7087
105980 GOODS-S 53.145346 -27.744600 0.6781 0.6670 0.0136 3DHST 1.2950 0.2237 1.6654 0.1377 69.6987 69.5341
106067 GOODS-S 53.094097 -27.740505 0.7751 0.7517 0.0055 3DHST 0.9276 0.0534 1.3637 0.0383 283.9400 244.9919
106073 GOODS-S 53.146396 -27.744310 1.0534 0.9871 0.0189 3DHST 1.1894 0.1616 1.3431 0.0904 196.6998 159.9258
106318 GOODS-S 53.151940 -27.742127 0.6882 0.6659 0.0479 3DHST 1.2021 0.2776 1.3397 0.1364 104.0429 101.9704
106649 GOODS-S 53.158782 -27.742386 1.2316 1.3931 0.0928 3DHST 0.6115 0.1351 nan nan 138.1085 116.7749
106859 GOODS-S 53.096508 -27.739684 0.7270 0.5891 0.0113 3DHST 0.8737 0.0838 1.2865 0.0651 411.4047 219.4072
106861 GOODS-S 53.066596 -27.739707 0.7522 0.7532 0.0080 3DHST 1.4923 0.1360 1.2611 0.0590 76.4711 74.4679
107136 GOODS-S 53.107347 -27.741929 0.9435 0.9179 0.0114 3DHST 0.9713 0.1121 1.4575 0.0757 94.2166 87.5205
107836 GOODS-S 53.150126 -27.739938 1.0339 0.9940 0.0119 3DHST 1.1712 0.0965 1.3312 0.0544 411.9943 365.8879
108063 GOODS-S 53.079208 -27.736643 0.9284 0.9344 0.0062 3DHST 1.3149 0.1634 1.6699 0.1069 76.8765 75.2121
108147 GOODS-S 53.130543 -27.738609 0.6194 0.5981 0.0061 3DHST 1.7314 0.4682 2.0507 0.3050 102.8185 95.0769
108322 GOODS-S 53.147256 -27.738675 1.2066 1.0815 0.0172 3DHST 1.2528 0.2544 1.2654 0.1298 186.9315 111.3398
108510 GOODS-S 53.147721 -27.739197 0.9312 0.9312 0.0098 3DHST 1.2817 0.1032 1.3698 0.0597 112.9367 112.9367
108795 GOODS-S 53.152981 -27.735115 0.6797 0.7598 0.0478 3DHST 1.1764 0.0930 1.4280 0.0535 497.9617 382.7772
108892 GOODS-S 53.077932 -27.736875 0.9812 1.0010 0.0115 3DHST 1.1769 0.1351 1.4258 0.0824 89.7075 85.8214
108922 GOODS-S 53.138205 -27.737523 0.6447 0.6447 0.0065 3DHST 1.4151 0.3121 1.3747 0.1428 87.5587 87.5587
109073 GOODS-S 53.112599 -27.735343 1.1392 1.1250 0.0124 3DHST 1.2340 0.1678 1.6047 0.1048 191.7098 188.9686
109107 GOODS-S 53.136472 -27.737698 1.1284 1.0865 0.0141 3DHST 1.1367 0.1777 1.2520 0.1036 121.0880 84.7234
109151 GOODS-S 53.140917 -27.736119 0.6737 0.6737 0.0056 3DHST 1.3221 0.0992 1.5921 0.0585 102.6890 102.6890
109794 GOODS-S 53.143109 -27.730585 0.6679 0.7524 0.0454 3DHST 1.1002 0.0742 1.2655 0.0426 368.6482 251.7450
109824 GOODS-S 53.113602 -27.735265 0.7505 0.5443 0.0798 3DHST 1.9353 0.5267 3.8382 0.9822 365.7549 117.2697
109885 GOODS-S 53.071336 -27.735481 0.7436 0.7436 0.0074 3DHST 1.3386 0.2043 1.5745 0.1190 64.9688 64.9688
109886 GOODS-S 53.079358 -27.731388 0.6427 0.5693 0.0068 3DHST 1.4908 0.1142 2.0641 0.1164 429.0844 140.0646
109900 GOODS-S 53.112810 -27.734630 0.7312 0.7651 0.0087 3DHST 1.3904 0.0948 1.3142 0.0465 777.7463 732.4460
109967 GOODS-S 53.155861 -27.735275 1.0226 0.9446 0.0194 3DHST 1.4800 0.1629 1.4402 0.0858 118.7723 85.0617
110487 GOODS-S 53.141122 -27.732656 0.9708 0.9825 0.0102 3DHST 1.4469 0.1900 1.7858 0.1160 75.2240 74.6288
110870 GOODS-S 53.125097 -27.729791 0.6684 0.6464 0.0076 3DHST 1.0854 0.0683 1.1992 0.0366 1005.8560 994.9550
111151 GOODS-S 53.116719 -27.732612 0.6124 0.4745 0.0472 3DHST nan nan nan nan 332.1949 133.7664
111366 GOODS-S 53.045475 -27.732853 0.6313 0.4392 0.0254 3DHST nan nan nan nan 828.6405 521.6183
111700 GOODS-S 53.133940 -27.730519 0.9747 0.9109 0.0213 3DHST 1.1042 0.1684 1.2987 0.1018 147.5842 105.5104
111741 GOODS-S 53.045461 -27.728629 1.1088 1.0810 0.0231 3DHST 1.1460 0.0934 1.3684 0.0551 287.7799 283.0572
111982 GOODS-S 53.107926 -27.728122 0.7114 1.3920 0.0000 3DHST 1.4369 0.0817 1.4811 0.0439 15043.2062 9007.6052
112093 GOODS-S 53.042327 -27.726208 1.0450 0.9917 0.0110 3DHST 1.5326 0.1893 1.8736 0.1107 203.0954 169.1415
112133 GOODS-S 53.073995 -27.729504 0.7474 0.5693 0.0230 3DHST 1.0087 0.2308 2.1987 0.3438 288.4632 111.3402
112448 GOODS-S 53.155483 -27.726190 0.6615 0.6668 0.0061 3DHST 1.6335 0.1396 1.7042 0.0756 190.2369 174.4775
112789 GOODS-S 53.106111 -27.724322 0.6611 0.6780 0.0087 3DHST 1.2572 0.0779 1.6896 0.0492 362.2855 327.5066
112827 GOODS-S 53.141037 -27.726180 0.9502 0.9502 0.0294 3DHST 1.1995 0.2176 1.2464 0.1192 96.1515 96.1515
112943 GOODS-S 53.104414 -27.728511 0.7298 0.6115 0.0297 3DHST 1.3610 0.2814 1.2287 0.1286 161.7056 122.4173
113279 GOODS-S 53.075516 -27.727750 0.6444 0.6121 0.0148 3DHST 0.9057 0.1987 1.1136 0.1289 109.9977 99.1281
113298 GOODS-S 53.041827 -27.725868 1.0839 1.1507 0.0517 3DHST 1.2266 0.0990 1.6458 0.0637 331.4876 235.0826
113361 GOODS-S 53.113234 -27.726632 0.6612 0.6668 0.0146 3DHST 1.0994 0.1349 1.4573 0.0839 129.7209 128.3296
113555 GOODS-S 53.114876 -27.725394 0.7298 0.6317 0.0147 3DHST 1.4655 0.1566 1.3751 0.0716 367.1919 126.8399
113678 GOODS-S 53.061175 -27.726963 0.9824 0.7911 0.0713 3DHST 1.2849 0.1746 1.4219 0.0946 238.1467 121.2056
113877 GOODS-S 53.107875 -27.726220 1.2320 0.8698 0.1037 3DHST 1.1594 0.1580 1.1870 0.0894 487.6652 215.4867
114108 GOODS-S 53.095892 -27.725411 0.7294 0.7294 0.0055 3DHST 1.4280 0.1621 1.7375 0.0858 84.4176 84.4176
114230 GOODS-S 53.042172 -27.725927 1.0805 1.1054 0.1182 3DHST 0.9902 0.1544 1.4450 0.1183 136.2656 135.5238
114563 GOODS-S 53.069616 -27.723368 0.7114 0.8828 0.0081 3DHST 2.1159 0.1262 2.1038 0.0631 8500.3929 5020.3917
114644 GOODS-S 53.063403 -27.724998 0.7460 0.6166 0.0185 3DHST 1.0529 0.1896 1.4491 0.1316 198.1992 76.2449
114657 GOODS-S 53.045639 -27.724930 1.2305 1.1174 0.0406 3DHST 1.3710 0.1563 1.3462 0.0784 398.0178 300.1793
114978 GOODS-S 53.054705 -27.723817 0.7143 0.6697 0.0000 3DHST 8.0062 1.5772 7.6500 0.7759 6504.1605 6407.1675
115331 GOODS-S 53.094715 -27.723573 0.7286 0.5907 0.0089 3DHST 1.1949 0.1200 1.5789 0.0771 570.4131 115.9392
115446 GOODS-S 53.125297 -27.721949 1.1712 1.1011 0.0136 3DHST 1.1791 0.0922 1.3643 0.0591 358.1541 273.5702
115462 GOODS-S 53.097521 -27.721266 0.6442 0.5911 0.0057 3DHST 0.9598 0.0533 1.3398 0.0401 253.3235 157.1662
115775 GOODS-S 53.130476 -27.723096 1.1066 1.0518 0.0184 3DHST 1.1098 0.2084 1.2821 0.1210 153.9094 124.5811
115794 GOODS-S 53.128099 -27.721501 1.0439 1.0037 0.0138 3DHST 1.2164 0.1452 1.4342 0.0876 143.7857 121.1005
116031 GOODS-S 53.063491 -27.720266 0.6246 0.5229 0.0214 3DHST 4.0278 2.1268 8.3959 4.3761 224.2907 111.6635
116284 GOODS-S 53.112882 -27.719905 1.1159 1.0476 0.0149 3DHST 1.1472 0.1379 1.3998 0.0814 281.4496 184.6187
116653 GOODS-S 53.077625 -27.721495 0.7412 0.6529 0.0183 3DHST 1.6690 0.2947 1.3371 0.1199 208.2293 94.8327
116724 GOODS-S 53.128734 -27.721139 0.6791 0.6679 0.0068 3DHST 1.2386 0.1799 1.5582 0.1071 185.2727 183.5607
117066 GOODS-S 53.142561 -27.719135 0.7333 0.6774 0.0175 3DHST 0.9529 0.1477 1.0784 0.0820 179.6530 141.9824
117138 GOODS-S 53.072352 -27.718686 0.6446 0.5712 0.0128 3DHST 1.1299 0.0801 1.6781 0.0698 586.8741 290.5697
117178 GOODS-S 53.039818 -27.720517 1.0442 1.3986 0.0000 3DHST 1.3141 0.0894 1.0932 0.0466 3515.7550 1811.4397
117180 GOODS-S 53.150712 -27.716204 0.9577 1.3955 0.0000 3DHST -0.0000 nan -0.0000 nan nan nan
117358 GOODS-S 53.045590 -27.719439 1.0036 0.9902 0.0128 3DHST 1.2093 0.1245 1.2870 0.0679 189.9416 185.5004
117376 GOODS-S 53.082196 -27.718195 1.0059 1.0059 0.0122 3DHST 1.2350 0.1457 1.3784 0.0839 121.4680 121.4680
117429 GOODS-S 53.071428 -27.717579 0.6446 0.5515 0.0086 3DHST 1.1715 0.0730 2.5536 0.1277 684.7506 86.4250
117608 GOODS-S 53.081636 -27.717718 0.6427 0.6448 0.0035 3DHST 1.8490 0.1331 1.8978 0.0719 218.1936 205.2819
117632 GOODS-S 53.047138 -27.709112 0.6256 0.5937 0.0058 3DHST 1.1417 0.0722 1.2450 0.0379 424.4662 388.7393
117725 GOODS-S 53.040435 -27.713365 0.7452 0.7611 0.0069 3DHST 0.9868 0.0619 1.4634 0.0453 394.0695 360.3131
117790 GOODS-S 53.136506 -27.719179 0.6773 0.7706 0.0496 3DHST 1.0764 0.1833 1.0706 0.0872 123.6459 99.4456
118100 GOODS-S 53.070304 -27.717853 0.6430 0.5798 0.0255 3DHST 1.0961 0.1837 1.7396 0.1783 455.3890 386.8184
118155 GOODS-S 53.128120 -27.718576 0.8668 0.8065 0.0123 3DHST 1.3043 0.2017 1.4844 0.1114 95.8651 70.8103
118193 GOODS-S 53.073136 -27.718190 1.1679 1.1751 0.0042 3DHST 1.8077 0.1714 3.3799 0.1481 8586.4340 8583.5272
118448 GOODS-S 53.069294 -27.717555 0.6603 0.6067 0.0851 3DHST 1.0911 0.1519 1.3626 0.0906 256.0823 218.0183
118455 GOODS-S 53.059861 -27.716273 1.0274 1.1844 0.0226 3DHST 1.2636 0.0901 1.6505 0.0557 2167.6494 1256.5871
118526 GOODS-S 53.073527 -27.717389 0.6436 0.5124 0.0181 3DHST nan nan nan nan 653.0976 379.0455
119016 GOODS-S 53.120915 -27.715390 1.0977 1.0977 0.0113 3DHST 1.1865 0.1137 1.4121 0.0673 118.9710 118.9710
119088 GOODS-S 53.073419 -27.715952 0.6446 0.5813 0.0090 3DHST 1.1663 0.1284 1.5070 0.0898 268.6003 155.5597
119193 GOODS-S 53.057745 -27.713586 0.7757 0.7294 0.0069 3DHST 0.9313 0.0574 1.3141 0.0398 958.7118 888.9450
119489 GOODS-S 53.055124 -27.711379 0.6280 0.5261 0.0102 3DHST 4.4318 0.8835 9.4186 1.8481 968.9183 467.4834
119504 GOODS-S 53.112597 -27.715656 0.9498 1.0551 0.0376 3DHST 1.2277 0.1892 1.1504 0.0966 329.9011 255.7291
119612 GOODS-S 53.079783 -27.716203 1.0107 0.9585 0.0089 3DHST 1.0090 0.1525 1.1591 0.0924 133.0714 95.3541
119702 GOODS-S 53.057255 -27.715320 1.0613 1.0342 0.0160 3DHST 1.1783 0.1893 1.1013 0.0914 114.8518 107.1859
119899 GOODS-S 53.042096 -27.713943 0.7031 0.4937 0.0179 3DHST nan nan nan nan 921.6847 672.7647
120351 GOODS-S 53.123510 -27.711820 0.6777 0.6131 0.0034 3DHST 1.1617 0.0685 1.1990 0.0326 855.4652 255.4632
120559 GOODS-S 53.040175 -27.713881 0.7404 0.7288 0.0178 3DHST 1.4822 0.4786 1.2765 0.1865 94.7965 93.3639
120803 GOODS-S 53.074779 -27.712808 0.6115 0.5299 0.0255 3DHST 4.2214 2.7517 8.2624 5.3165 187.9350 139.8174
120825 GOODS-S 53.096061 -27.707305 0.7621 0.5825 0.0486 3DHST 1.4623 0.1560 1.4894 0.0944 685.3513 97.5560
121095 GOODS-S 53.079236 -27.711868 1.0441 1.0173 0.0325 3DHST 1.3866 0.1831 1.6354 0.1069 113.4436 104.7046
121405 GOODS-S 53.122073 -27.712453 1.0957 1.0150 0.0363 3DHST 1.1736 0.2039 1.5570 0.1268 109.0375 95.5126
121781 GOODS-S 53.119344 -27.709333 1.0743 1.0470 0.0135 3DHST 1.1741 0.1085 1.4407 0.0632 102.4326 92.8751
121886 GOODS-S 53.110874 -27.711435 1.0148 0.9247 0.0125 3DHST 1.1514 0.1593 1.2288 0.0892 264.3670 145.3546
121967 GOODS-S 53.039161 -27.710034 0.7304 0.7408 0.0066 3DHST 1.5772 0.1150 1.5313 0.0545 127.9134 125.2814
122146 GOODS-S 53.055414 -27.710116 1.0501 1.1051 0.0896 3DHST 1.2705 0.1456 1.5005 0.0826 606.6143 528.1512
122182 GOODS-S 53.116508 -27.710257 0.7329 0.8028 0.0591 3DHST 1.1214 0.1276 1.1603 0.0647 277.0883 237.4063
122449 GOODS-S 53.089263 -27.708657 0.7679 0.7737 0.0084 3DHST 0.9456 0.0690 1.3633 0.0485 93.3680 93.2621
122669 GOODS-S 53.033499 -27.705838 0.7422 0.8080 0.0324 3DHST 1.4752 0.1111 1.3805 0.0555 237.9454 127.7798
122722 GOODS-S 53.035556 -27.704930 0.7444 0.7484 0.0038 3DHST 1.2669 0.0907 1.6456 0.0560 668.7045 664.3001
122863 GOODS-S 53.038305 -27.707113 0.7379 0.7379 0.0058 3DHST 1.1751 0.0965 1.7742 0.0724 72.6175 72.6175
122949 GOODS-S 53.049764 -27.708714 1.2067 1.2067 0.0109 3DHST 1.2023 0.1065 1.5172 0.0608 1505.0432 1505.0432
123066 GOODS-S 53.050812 -27.707512 0.7292 0.7761 0.0209 3DHST 1.1859 0.2124 1.3852 0.1031 107.8103 100.4535
123294 GOODS-S 53.037080 -27.706200 0.6672 0.6344 0.0267 3DHST 1.1258 0.1602 1.2016 0.0857 128.4211 121.0299
123301 GOODS-S 53.077393 -27.708195 0.6122 1.0216 0.3244 3DHST 1.0888 0.1270 1.8611 0.1020 1508.9046 1143.0398
123472 GOODS-S 53.093059 -27.707373 1.0380 1.0112 0.0273 3DHST 1.4567 0.2224 1.7224 0.1332 90.3239 84.6964
123477 GOODS-S 53.089893 -27.706539 0.6392 0.5761 0.0076 3DHST 1.1220 0.0774 1.6580 0.0665 318.6096 124.8618
123543 GOODS-S 53.078603 -27.707427 1.1117 1.3929 0.0946 3DHST 1.3594 0.2387 0.8059 0.1257 244.6941 144.1312
124152 GOODS-S 53.063392 -27.706962 0.8260 0.7117 0.0424 3DHST 0.9706 0.1630 1.2347 0.0992 232.9609 98.8452
124539 GOODS-S 53.077039 -27.705928 0.7778 1.0696 0.1004 3DHST 1.4830 0.2165 2.2509 0.1583 929.4004 479.7025
124728 GOODS-S 53.038257 -27.701686 0.7323 0.7420 0.0061 3DHST 1.5378 0.0962 1.5054 0.0513 173.0086 164.2452
124807 GOODS-S 53.036023 -27.704059 0.7462 0.4879 0.0656 3DHST nan nan nan nan 1343.7981 747.2424
124964 GOODS-S 53.091513 -27.703895 1.0253 0.9599 0.0267 3DHST 1.2076 0.1843 1.3733 0.1042 184.4686 159.6314
125687 GOODS-S 53.033122 -27.703374 0.7304 0.7304 0.0071 3DHST 1.8780 0.3588 1.5475 0.1364 103.9445 103.9445
125952 GOODS-S 53.033512 -27.701204 1.0704 1.1896 0.0271 3DHST 0.9072 0.0990 1.2350 0.0689 599.1444 398.2897
126094 GOODS-S 53.053361 -27.700461 1.0086 0.9953 0.0104 3DHST 1.1004 0.0854 1.3216 0.0514 209.7761 208.4518
126365 GOODS-S 53.074843 -27.701080 0.6427 0.6318 0.0046 3DHST 1.6076 0.3063 1.5396 0.1583 59.3969 58.8232
126478 GOODS-S 53.035188 -27.696088 0.7372 0.4973 0.0342 3DHST nan nan nan nan 2612.0514 2430.3051
126643 GOODS-S 53.109702 -27.699466 0.7606 0.6101 0.0171 3DHST 1.4659 0.1405 1.3103 0.0605 583.9648 111.6901
126790 GOODS-S 53.078945 -27.697729 0.9819 0.9430 0.0083 3DHST 1.1671 0.0768 1.3287 0.0443 599.9886 536.4101
126958 GOODS-S 53.044897 -27.696014 0.7114 0.7001 0.0115 3DHST 1.4338 0.1093 1.4946 0.0576 529.6213 529.1037
127226 GOODS-S 53.061782 -27.699201 0.6712 0.6712 0.0018 3DHST 1.7607 0.1656 1.8726 0.0909 79.3625 79.3625
127741 GOODS-S 53.056089 -27.697177 0.7472 0.6277 0.1461 3DHST 0.8370 0.0924 1.1326 0.0601 640.7255 534.3801
127783 GOODS-S 53.031575 -27.698526 0.6816 0.3485 0.0028 3DHST nan nan nan nan 2858.8547 1568.8909
128422 GOODS-S 53.030315 -27.696597 1.0677 1.1428 0.0110 3DHST 1.1263 0.0997 1.3183 0.0585 1173.7488 889.6102
128510 GOODS-S 53.084469 -27.695718 0.7304 0.6854 0.0111 3DHST 1.4608 0.1181 1.3703 0.0526 123.3201 79.4316
128537 GOODS-S 53.032464 -27.697082 0.7338 0.3471 0.0327 3DHST nan nan nan nan 1042.6760 656.5916
129741 GOODS-S 53.039229 -27.693055 0.7327 1.3816 0.0389 3DHST 1.6046 0.4321 1.6390 0.2325 859.3954 366.5951
129968 GOODS-S 53.049383 -27.694312 0.6122 0.3737 0.0434 3DHST nan nan nan nan 1729.8275 1522.6016
130264 GOODS-S 53.046931 -27.690835 1.0868 1.1084 0.0358 3DHST 1.1661 0.0899 1.4532 0.0533 634.9892 619.7305
131165 GOODS-S 53.074629 -27.689635 1.0647 1.0374 0.0096 3DHST 1.4213 0.1505 1.8608 0.0927 114.4362 94.3563
131724 GOODS-S 53.070211 -27.689561 0.6197 0.4904 0.0449 3DHST nan nan nan nan 299.4634 105.1915
132104 GOODS-S 53.061049 -27.688081 0.7996 0.8035 0.0146 3DHST 1.1494 0.1005 1.2682 0.0624 287.1213 286.5228
132474 GOODS-S 53.086501 -27.687486 0.6880 0.6126 0.0083 3DHST 1.1656 0.1639 1.3558 0.0865 205.2322 95.4819
133150 GOODS-S 53.088138 -27.685179 1.1394 1.0974 0.0310 3DHST 1.2271 0.1609 1.6452 0.1019 120.7886 116.7345
133694 GOODS-S 53.083427 -27.684513 0.6632 0.6678 0.0021 3DHST 1.4231 0.1405 1.7363 0.0860 106.9122 88.8252
134389 GOODS-S 53.085453 -27.683033 0.9198 0.8341 0.0132 3DHST 1.1575 0.1244 1.2570 0.0690 226.8611 89.8716
135087 GOODS-S 53.080772 -27.681003 0.7809 0.7234 0.0123 3DHST 1.4763 0.0902 1.1980 0.0377 292.0493 168.2429
