# Catalog for all galaxies that matched between CANDELS and PEARS in GOODS-S.
# If a galaxy did not match with CANDELS then a matching in 3DHST was attempted.
# the 'zphot_source' column indicates the source of the photometric redshift.
# pearsid field redshift zphot_source ra dec dn4000 dn4000_err d4000 d4000_err
8051 GOODS-S 1.0882 3DHST 53.156380 -27.931625 0.9813 0.1491 1.1361 0.0932
8929 GOODS-S 0.9000 CANDELS 53.162728 -27.931829 0.9389 0.6153 0.8659 0.2532
9020 GOODS-S 1.2280 CANDELS 53.177312 -27.931279 1.3719 1.3239 1.4142 0.7453
9343 GOODS-S 0.6760 CANDELS 53.172900 -27.928908 0.9535 0.1341 1.0053 0.0603
9378 GOODS-S 0.6740 CANDELS 53.179339 -27.923595 0.9348 0.0738 1.2165 0.0496
10075 GOODS-S 0.7660 CANDELS 53.166284 -27.929969 1.2702 0.6705 1.4815 0.3960
10429 GOODS-S 0.6220 CANDELS 53.160986 -27.929124 1.2399 0.5396 1.1576 0.2632
11507 GOODS-S 0.6390 CANDELS 53.182752 -27.925014 1.0735 0.2115 1.2254 0.1194
11532 GOODS-S 0.7532 3DHST 53.129945 -27.927424 1.2385 1.2222 0.8105 0.3396
12062 GOODS-S 1.0390 CANDELS 53.158840 -27.925242 1.0435 0.1040 1.1714 0.0615
12230 GOODS-S 1.1590 CANDELS 53.172619 -27.926144 0.8142 0.5092 0.9308 0.3201
12350 GOODS-S 0.6590 CANDELS 53.151704 -27.925680 0.6757 0.5490 1.0238 0.3383
12378 GOODS-S 0.6380 CANDELS 53.137956 -27.923834 1.3145 0.1023 1.6571 0.0635
12457 GOODS-S 0.6710 CANDELS 53.170518 -27.924233 0.9023 0.2217 1.2200 0.1381
12926 GOODS-S 0.7050 CANDELS 53.172266 -27.924404 0.5967 0.5211 0.3944 0.2472
13283 GOODS-S 0.7810 CANDELS 53.160557 -27.923022 1.7013 0.6012 1.1450 0.1979
13425 GOODS-S 0.7830 CANDELS 53.151226 -27.923327 0.7061 0.2001 0.6641 0.1282
13499 GOODS-S 0.9230 CANDELS 53.169843 -27.918154 0.9538 0.0684 1.4380 0.0450
13543 GOODS-S 1.1130 CANDELS 53.131480 -27.921453 1.2416 0.2605 1.4335 0.1403
13856 GOODS-S 0.9060 CANDELS 53.184806 -27.920428 1.4122 0.1299 1.4165 0.0594
14093 GOODS-S 0.7870 CANDELS 53.171685 -27.921843 0.7981 0.1978 1.1280 0.1607
14209 GOODS-S 1.0630 CANDELS 53.151785 -27.922011 1.0541 0.2175 1.0450 0.1123
14386 GOODS-S 0.6190 CANDELS 53.139745 -27.920454 1.2000 0.1900 1.3865 0.1070
14405 GOODS-S 1.0530 CANDELS 53.156925 -27.921328 1.0234 0.4404 1.2368 0.2529
14663 GOODS-S 1.1146 3DHST 53.193954 -27.918887 1.1442 0.1846 1.2421 0.0946
14990 GOODS-S 1.1170 CANDELS 53.174072 -27.918450 1.1007 0.7187 1.1117 0.4104
15005 GOODS-S 0.6430 CANDELS 53.128251 -27.915264 1.4288 0.2042 1.3645 0.0994
15118 GOODS-S 0.7950 CANDELS 53.132213 -27.919844 1.1798 0.5942 1.2352 0.2619
15324 GOODS-S 1.0040 CANDELS 53.182111 -27.919279 0.9043 0.6042 0.9076 0.3100
15391 GOODS-S 1.0040 CANDELS 53.155234 -27.919130 1.4423 0.6344 1.5028 0.3634
15929 GOODS-S 0.6220 CANDELS 53.160712 -27.917590 0.4183 0.3988 1.1884 0.3714
16073 GOODS-S 0.6810 CANDELS 53.128673 -27.917061 1.3365 0.4456 1.0540 0.1735
16131 GOODS-S 0.6030 CANDELS 53.192549 -27.915824 0.9289 0.0919 1.1255 0.0584
16151 GOODS-S 1.0550 CANDELS 53.131806 -27.917095 1.0694 0.2382 1.4682 0.1545
16179 GOODS-S 1.1360 CANDELS 53.167959 -27.917303 0.8882 0.3691 0.9522 0.2230
16183 GOODS-S 1.0560 CANDELS 53.153333 -27.917250 0.9053 0.5713 1.2412 0.3699
16371 GOODS-S 1.1970 CANDELS 53.160616 -27.916860 1.0956 0.4195 1.1922 0.2259
16596 GOODS-S 0.6820 CANDELS 53.130366 -27.915512 1.3401 0.1878 1.0980 0.0827
16788 GOODS-S 0.6310 CANDELS 53.184946 -27.916068 0.9802 0.7192 1.5483 0.5287
16836 GOODS-S 0.9800 CANDELS 53.138123 -27.910514 1.0553 0.1299 1.1325 0.0741
16850 GOODS-S 0.6810 CANDELS 53.131613 -27.915364 1.8337 1.6304 1.3346 0.5523
17022 GOODS-S 0.6860 CANDELS 53.191877 -27.912430 0.8996 0.0648 1.1326 0.0410
17024 GOODS-S 0.6520 CANDELS 53.153370 -27.913962 1.3508 0.1090 1.3296 0.0558
17055 GOODS-S 0.9730 CANDELS 53.191901 -27.915316 0.7462 0.5371 1.2995 0.4073
17163 GOODS-S 0.8640 CANDELS 53.183307 -27.915043 1.1317 0.1960 1.2331 0.0911
17264 GOODS-S 0.6280 CANDELS 53.179497 -27.914648 1.2379 0.7120 1.6337 0.5683
17455 GOODS-S 0.7870 CANDELS 53.197219 -27.914054 0.6433 0.3522 1.2258 0.3161
17468 GOODS-S 0.6780 CANDELS 53.196595 -27.914347 1.0069 0.5706 1.0158 0.2658
17494 GOODS-S 1.1700 CANDELS 53.156738 -27.913369 1.2295 0.8492 1.2623 0.4031
17495 GOODS-S 0.6980 CANDELS 53.130366 -27.913615 1.1782 0.4140 1.1222 0.1619
17688 GOODS-S 0.7280 CANDELS 53.199009 -27.913962 0.9127 0.5909 0.9152 0.3545
17704 GOODS-S 0.6540 CANDELS 53.184784 -27.913397 1.0205 0.1757 1.4627 0.1300
18213 GOODS-S 0.8860 CANDELS 53.195071 -27.911212 1.2244 0.4452 1.2059 0.2112
18260 GOODS-S 0.6690 CANDELS 53.193371 -27.903872 1.1910 0.0707 1.5368 0.0420
18337 GOODS-S 1.1050 CANDELS 53.177905 -27.909533 1.0574 0.0851 1.1650 0.0455
18484 GOODS-S 0.9220 CANDELS 53.175111 -27.909915 1.2340 0.5316 1.3092 0.3069
18564 GOODS-S 0.8070 CANDELS 53.130174 -27.910975 0.7554 0.2909 1.2181 0.2024
18882 GOODS-S 0.6780 CANDELS 53.161364 -27.910446 1.0626 0.2103 1.1635 0.1157
18972 GOODS-S 0.9390 CANDELS 53.171617 -27.910572 1.2294 0.3222 1.3481 0.1902
19088 GOODS-S 0.9210 CANDELS 53.131920 -27.910282 0.9438 0.1637 1.0024 0.0973
19226 GOODS-S 0.6230 CANDELS 53.141256 -27.907070 1.2486 0.1655 1.4326 0.0938
19435 GOODS-S 0.6570 CANDELS 53.142984 -27.909361 0.9055 0.2328 1.2132 0.1529
19585 GOODS-S 0.6260 CANDELS 53.196591 -27.908622 1.2655 0.4310 1.3177 0.2101
19733 GOODS-S 0.8410 CANDELS 53.174323 -27.908979 1.1327 0.5468 1.1277 0.3619
20072 GOODS-S 1.1750 CANDELS 53.168695 -27.907433 0.9014 0.3378 1.0841 0.1991
20200 GOODS-S 0.7440 CANDELS 53.204767 -27.907101 1.2337 0.9002 1.4142 0.5095
20266 GOODS-S 0.8420 CANDELS 53.187522 -27.907495 1.2005 0.3772 1.1410 0.2106
20387 GOODS-S 1.1480 CANDELS 53.151883 -27.907410 1.1902 1.0219 1.5292 0.6632
20681 GOODS-S 0.8880 CANDELS 53.171402 -27.905208 1.1272 0.3001 1.2867 0.1857
20877 GOODS-S 1.0900 CANDELS 53.176781 -27.906117 0.8462 0.3134 1.1461 0.2246
20901 GOODS-S 1.1540 CANDELS 53.144242 -27.905625 1.3602 0.4609 1.2144 0.1978
20957 GOODS-S 0.6180 CANDELS 53.134580 -27.905617 1.2462 0.2504 1.4145 0.1448
21023 GOODS-S 1.1070 CANDELS 53.160710 -27.905997 1.5772 1.8928 1.6478 0.9434
21196 GOODS-S 0.8250 CANDELS 53.141363 -27.904972 1.0031 0.5446 1.3134 0.2887
21363 GOODS-S 0.6430 CANDELS 53.146706 -27.904563 1.1074 0.1010 1.1582 0.0529
21385 GOODS-S 0.7490 CANDELS 53.143181 -27.904855 1.1312 1.0205 1.0504 0.4839
21529 GOODS-S 0.8620 CANDELS 53.132943 -27.904770 1.4680 0.7292 1.3275 0.3668
21592 GOODS-S 0.6450 CANDELS 53.145924 -27.901462 1.2930 0.1227 1.3733 0.0593
21605 GOODS-S 1.1660 CANDELS 53.176645 -27.903724 0.9420 0.1243 0.7884 0.0551
21612 GOODS-S 0.6920 CANDELS 53.175819 -27.903717 1.4229 0.1450 1.2521 0.0670
21614 GOODS-S 0.7230 CANDELS 53.140516 -27.904663 0.9918 0.4837 1.1134 0.2224
21647 GOODS-S 0.8580 CANDELS 53.154657 -27.903758 1.1281 0.1844 1.1983 0.0979
21730 GOODS-S 0.8970 CANDELS 53.183049 -27.903219 1.0547 0.2229 1.1983 0.1218
21741 GOODS-S 0.8250 CANDELS 53.211895 -27.903781 0.9762 0.2424 1.0768 0.1187
21777 GOODS-S 0.6690 CANDELS 53.148082 -27.903771 1.0521 0.1495 1.2359 0.0765
21891 GOODS-S 0.6250 CANDELS 53.191908 -27.903925 0.9198 0.7717 1.2789 0.4349
21957 GOODS-S 0.6950 CANDELS 53.131267 -27.896306 0.9502 0.1588 1.0357 0.0876
22217 GOODS-S 1.1350 CANDELS 53.151415 -27.902618 1.5326 1.1076 1.4765 0.5254
22233 GOODS-S 0.6830 CANDELS 53.186936 -27.903100 0.8203 0.2931 1.0593 0.1881
22259 GOODS-S 0.8060 CANDELS 53.208274 -27.901509 0.9189 0.1531 1.2644 0.1098
22368 GOODS-S 0.8280 CANDELS 53.155395 -27.902379 1.8892 1.5186 1.1613 0.5265
22402 GOODS-S 0.7770 CANDELS 53.141867 -27.901909 0.9459 0.0769 1.3045 0.0536
22486 GOODS-S 0.8360 CANDELS 53.175419 -27.902233 1.2339 0.4784 1.0977 0.1900
22695 GOODS-S 0.9040 CANDELS 53.138161 -27.901785 0.7801 0.2999 1.3668 0.2436
22708 GOODS-S 0.6750 CANDELS 53.142595 -27.899975 0.9269 0.0768 1.1714 0.0500
22784 GOODS-S 0.6940 CANDELS 53.179390 -27.901761 1.2119 0.4202 1.2687 0.1928
22917 GOODS-S 0.6410 CANDELS 53.170918 -27.900476 1.4336 0.2577 2.0129 0.1695
23142 GOODS-S 0.6480 CANDELS 53.160673 -27.897112 1.3564 0.0802 1.5892 0.0460
23172 GOODS-S 0.6790 CANDELS 53.145209 -27.897243 1.4054 0.1121 1.8652 0.0705
23215 GOODS-S 1.0680 CANDELS 53.147745 -27.900513 1.1610 0.2712 1.4734 0.1689
23242 GOODS-S 0.8140 CANDELS 53.205972 -27.900376 0.9162 0.4494 1.0123 0.1953
23407 GOODS-S 0.6310 CANDELS 53.159475 -27.898455 1.1157 0.1208 1.5785 0.0781
23595 GOODS-S 0.9380 CANDELS 53.210659 -27.899203 1.2412 0.1854 1.3361 0.1011
23775 GOODS-S 0.9800 CANDELS 53.132941 -27.898279 1.2608 0.2634 1.3329 0.1468
24136 GOODS-S 0.9420 CANDELS 53.133885 -27.898901 1.1321 0.2968 1.3903 0.2006
24252 GOODS-S 0.9519 3DHST 53.133151 -27.898650 0.9318 0.5600 0.8249 0.2563
24396 GOODS-S 0.9860 CANDELS 53.181923 -27.897801 1.3234 0.6631 1.2916 0.3691
24480 GOODS-S 0.9900 CANDELS 53.156308 -27.897404 1.0445 0.1386 1.2226 0.0888
24521 GOODS-S 0.6680 CANDELS 53.175351 -27.896841 0.9876 0.1785 1.0470 0.0938
24588 GOODS-S 0.7270 CANDELS 53.153918 -27.896791 0.7878 0.5506 0.9402 0.2883
24609 GOODS-S 1.0700 CANDELS 53.185755 -27.897268 0.8917 0.3686 1.1321 0.2766
24707 GOODS-S 0.9560 CANDELS 53.181230 -27.894515 1.1955 0.2372 1.6547 0.1727
24717 GOODS-S 0.6930 CANDELS 53.143907 -27.897703 1.1964 1.3643 1.1351 0.7675
24770 GOODS-S 0.9030 CANDELS 53.139390 -27.897459 0.7943 0.4745 1.2580 0.3403
24842 GOODS-S 0.9290 CANDELS 53.198888 -27.895487 1.2631 0.8087 1.2393 0.4061
25184 GOODS-S 0.6920 CANDELS 53.142600 -27.895068 1.5039 0.3309 1.4680 0.1848
25205 GOODS-S 0.9220 CANDELS 53.170033 -27.895421 1.1082 0.0748 1.1621 0.0410
25316 GOODS-S 0.8710 CANDELS 53.139463 -27.895650 1.2368 0.5331 1.2736 0.3289
25390 GOODS-S 1.0470 CANDELS 53.130708 -27.888658 1.2157 0.1443 1.7154 0.0947
25474 GOODS-S 0.8450 CANDELS 53.165212 -27.895714 1.3739 0.3572 1.2771 0.1614
25687 GOODS-S 0.9340 CANDELS 53.185707 -27.895560 0.4815 0.4499 0.9823 0.3071
25909 GOODS-S 1.1620 CANDELS 53.205287 -27.893722 0.9499 0.5169 1.3036 0.3558
26158 GOODS-S 0.6650 CANDELS 53.178564 -27.890211 1.1441 0.0659 1.4637 0.0433
26160 GOODS-S 0.6600 CANDELS 53.179315 -27.892036 1.2482 0.3296 1.3979 0.1648
26345 GOODS-S 1.1160 CANDELS 53.127373 -27.893653 2.0023 1.8910 2.1754 0.9172
26450 GOODS-S 0.6120 CANDELS 53.183476 -27.893893 0.9272 0.1986 1.1781 0.1356
26475 GOODS-S 0.8740 CANDELS 53.131815 -27.893586 0.8852 0.3425 1.3070 0.2182
26728 GOODS-S 1.0760 CANDELS 53.156644 -27.893386 2.5993 3.5264 1.8236 0.8469
26891 GOODS-S 1.0920 CANDELS 53.144178 -27.890151 1.2575 0.1051 1.0374 0.0461
26909 GOODS-S 0.7750 CANDELS 53.139012 -27.892632 1.0616 0.1130 1.1852 0.0581
26973 GOODS-S 0.8780 CANDELS 53.204633 -27.893232 1.4166 1.9039 2.0907 1.5566
27304 GOODS-S 0.6940 CANDELS 53.166069 -27.891976 1.2422 0.2996 1.5224 0.1967
27562 GOODS-S 0.9030 CANDELS 53.146168 -27.891951 0.8365 0.1707 1.2072 0.1240
27652 GOODS-S 0.7300 CANDELS 53.174002 -27.891508 1.1960 0.3056 1.1173 0.1416
27831 GOODS-S 0.9340 CANDELS 53.198910 -27.891354 0.6540 0.5536 1.4115 0.5138
27892 GOODS-S 0.8260 CANDELS 53.201581 -27.890548 0.7209 0.1065 0.9030 0.0601
27974 GOODS-S 0.6380 CANDELS 53.146612 -27.889677 1.3515 0.2177 1.7030 0.1285
27994 GOODS-S 0.9460 CANDELS 53.133533 -27.890769 1.3145 0.2932 1.5346 0.1701
28326 GOODS-S 0.8540 CANDELS 53.202214 -27.890513 1.2239 0.7262 0.9372 0.2941
29091 GOODS-S 0.9670 CANDELS 53.140820 -27.888530 1.8553 1.1070 1.5468 0.4545
29252 GOODS-S 0.9960 CANDELS 53.174922 -27.888526 0.7494 0.4134 0.8275 0.2108
29322 GOODS-S 0.9640 CANDELS 53.135877 -27.887968 1.1162 0.1489 1.2540 0.0815
29515 GOODS-S 0.6220 CANDELS 53.182039 -27.887975 1.0822 0.3445 1.2497 0.1779
29598 GOODS-S 1.0430 CANDELS 53.135199 -27.888215 1.1106 0.7695 1.3043 0.5313
29626 GOODS-S 0.8520 CANDELS 53.168528 -27.887806 0.8144 0.2733 0.6247 0.1302
29630 GOODS-S 0.9120 CANDELS 53.170713 -27.887528 1.0218 0.5423 1.0328 0.2652
29922 GOODS-S 1.2020 CANDELS 53.146450 -27.887230 0.6926 0.3914 0.7779 0.2902
30286 GOODS-S 0.6190 CANDELS 53.195926 -27.885478 1.2096 0.1813 1.3654 0.1022
30492 GOODS-S 0.6680 CANDELS 53.184351 -27.882793 1.2282 0.4763 1.2397 0.2711
30742 GOODS-S 1.0000 CANDELS 53.133410 -27.884884 1.2748 0.2959 1.2977 0.1456
30763 GOODS-S 0.6850 CANDELS 53.165467 -27.885331 0.8733 0.1109 1.0521 0.0663
30887 GOODS-S 0.9060 CANDELS 53.179241 -27.884619 1.2684 0.2221 1.1724 0.0961
30931 GOODS-S 0.6190 CANDELS 53.133725 -27.885608 0.9462 0.1527 0.7436 0.0626
31086 GOODS-S 0.8800 CANDELS 53.178130 -27.884897 1.1325 0.1659 1.0136 0.0841
31325 GOODS-S 0.6070 CANDELS 53.185805 -27.882850 1.1309 0.1259 1.2942 0.0711
31356 GOODS-S 1.2230 CANDELS 53.176323 -27.883910 1.2068 0.2827 1.5575 0.1898
31393 GOODS-S 1.1080 CANDELS 53.136864 -27.884116 1.0244 0.4317 1.4320 0.2791
31548 GOODS-S 0.6190 CANDELS 53.150256 -27.884272 0.9679 0.3856 1.0868 0.2137
31736 GOODS-S 0.8300 CANDELS 53.197023 -27.883870 1.0751 0.6135 1.3636 0.3923
31772 GOODS-S 1.0940 CANDELS 53.151813 -27.883911 0.5993 0.5956 0.8057 0.4661
31861 GOODS-S 0.6390 CANDELS 53.172679 -27.882669 1.0135 0.1387 1.2003 0.0798
31899 GOODS-S 1.1000 CANDELS 53.139820 -27.880603 0.9759 0.0809 1.2739 0.0543
32005 GOODS-S 0.9130 CANDELS 53.198754 -27.883207 0.5765 0.3242 0.9908 0.2754
32879 GOODS-S 0.6570 CANDELS 53.164936 -27.881432 1.1605 0.4463 1.5035 0.2811
32905 GOODS-S 0.9610 CANDELS 53.158369 -27.881665 1.1217 0.1828 1.0194 0.0802
33074 GOODS-S 1.0590 CANDELS 53.142705 -27.881445 0.5699 0.7541 0.7537 0.4321
33094 GOODS-S 1.1780 CANDELS 53.194615 -27.880621 0.9208 0.3977 1.1881 0.2368
33247 GOODS-S 0.6840 CANDELS 53.159682 -27.881162 0.6933 0.6733 0.8252 0.4268
33294 GOODS-S 1.0530 CANDELS 53.158667 -27.880188 1.1011 0.1294 1.1852 0.0679
33407 GOODS-S 1.1390 CANDELS 53.195032 -27.880102 1.1640 0.4574 1.4722 0.2999
33422 GOODS-S 0.8720 CANDELS 53.148203 -27.880818 1.9172 1.7664 1.6891 0.8492
33498 GOODS-S 0.7290 CANDELS 53.161762 -27.879840 1.3052 0.4821 1.4019 0.2438
33636 GOODS-S 1.2030 CANDELS 53.198363 -27.879935 1.0865 0.7887 1.5380 0.5202
33725 GOODS-S 1.2210 CANDELS 53.196791 -27.880149 1.2373 0.7235 1.4004 0.4587
33734 GOODS-S 0.7660 CANDELS 53.161077 -27.878505 1.0142 0.2505 1.5342 0.1850
33949 GOODS-S 0.8250 CANDELS 53.170333 -27.879079 1.0571 0.3555 1.1058 0.1624
34128 GOODS-S 0.6900 CANDELS 53.158957 -27.877881 1.1164 0.1206 1.4505 0.0714
34208 GOODS-S 0.9590 CANDELS 53.191189 -27.872941 1.1315 0.0898 1.1882 0.0495
34243 GOODS-S 0.7360 CANDELS 53.193241 -27.878513 0.9478 0.2011 1.1439 0.1162
34457 GOODS-S 0.7710 CANDELS 53.146597 -27.876704 1.4399 0.1503 1.1817 0.0624
34620 GOODS-S 0.7790 CANDELS 53.145331 -27.877486 1.7678 2.2564 0.8176 0.8493
34821 GOODS-S 1.0190 CANDELS 53.165209 -27.873947 1.1143 0.1077 1.1320 0.0538
35475 GOODS-S 1.2070 CANDELS 53.194943 -27.874946 1.0925 0.2053 1.3554 0.1179
35537 GOODS-S 1.1150 CANDELS 53.135287 -27.875003 1.1734 0.5734 1.5818 0.3932
35579 GOODS-S 0.9790 CANDELS 53.186398 -27.874972 1.1787 0.2141 1.1426 0.1045
35589 GOODS-S 0.7030 CANDELS 53.165224 -27.874531 3.2467 1814.2550 10.6139 7012.8765
35657 GOODS-S 1.1010 CANDELS 53.174857 -27.875661 0.9543 0.1435 0.8826 0.0849
35692 GOODS-S 0.9360 CANDELS 53.174152 -27.875744 1.3933 0.7383 1.0502 0.2411
35765 GOODS-S 0.8190 CANDELS 53.163142 -27.873062 1.2142 0.0915 1.3478 0.0555
35783 GOODS-S 0.7270 CANDELS 53.187129 -27.875198 0.7397 0.1510 0.8061 0.0825
35878 GOODS-S 0.6330 CANDELS 53.175082 -27.873892 1.1207 0.0821 1.1945 0.0430
35989 GOODS-S 0.8150 CANDELS 53.143862 -27.875152 1.0856 0.3579 1.1530 0.1644
35993 GOODS-S 0.9540 CANDELS 53.185313 -27.875067 0.6256 0.2901 0.8395 0.1983
36001 GOODS-S 0.9380 CANDELS 53.167022 -27.874898 1.0538 0.2083 0.9722 0.1005
36121 GOODS-S 0.7340 CANDELS 53.173438 -27.865976 1.3434 0.1143 1.7119 0.0707
36143 GOODS-S 0.7510 CANDELS 53.177795 -27.873662 1.4370 0.1535 1.0744 0.0583
36213 GOODS-S 0.9117 3DHST 53.165160 -27.874669 0.7525 0.1037 0.5993 0.0526
36277 GOODS-S 0.7780 CANDELS 53.151643 -27.874054 -1.2104 19.1586 -3.8883 17.8565
36664 GOODS-S 0.7100 CANDELS 53.183290 -27.872860 1.0477 0.2332 1.2158 0.1261
36925 GOODS-S 0.6450 CANDELS 53.173317 -27.872817 0.9353 0.2106 1.0317 0.1100
37302 GOODS-S 0.6870 CANDELS 53.154067 -27.871164 1.2946 0.6388 1.6751 0.3699
37417 GOODS-S 0.8860 CANDELS 53.196471 -27.871720 1.6028 0.4544 1.4662 0.1890
37429 GOODS-S 0.7560 CANDELS 53.150887 -27.868331 1.0829 0.0933 1.5939 0.0678
37846 GOODS-S 1.0810 CANDELS 53.174020 -27.871186 1.3780 0.5176 1.2608 0.2448
37950 GOODS-S 0.9690 CANDELS 53.150789 -27.870529 1.2581 0.7026 1.2088 0.3725
38198 GOODS-S 0.7600 CANDELS 53.196509 -27.870726 1.7021 1.1345 1.0685 0.2726
38350 GOODS-S 0.7670 CANDELS 53.153101 -27.868566 0.9010 0.0712 1.2181 0.0461
38417 GOODS-S 0.7540 CANDELS 53.186973 -27.869061 1.0308 0.1721 1.3304 0.1074
38571 GOODS-S 1.0880 CANDELS 53.163977 -27.868946 0.9274 0.5669 1.2890 0.3797
38854 GOODS-S 0.6690 CANDELS 53.178108 -27.868082 1.0687 0.1335 1.4200 0.0838
38993 GOODS-S 0.6320 CANDELS 53.192286 -27.866328 1.1127 0.1122 1.2719 0.0574
39109 GOODS-S 0.6430 CANDELS 53.176494 -27.868392 1.5397 1.0036 1.2181 0.3487
39116 GOODS-S 0.6660 CANDELS 53.166565 -27.867970 1.2325 0.1932 1.1404 0.0780
39835 GOODS-S 1.0560 CANDELS 53.178034 -27.866458 1.1522 0.1594 1.6161 0.1061
40048 GOODS-S 0.6100 CANDELS 53.156028 -27.867282 1.2385 1.0449 1.0866 0.4501
40063 GOODS-S 0.6500 CANDELS 53.162984 -27.866973 0.8257 0.3658 1.0079 0.2133
40163 GOODS-S 0.8540 CANDELS 53.179131 -27.866557 1.0520 0.2196 1.0676 0.1045
40286 GOODS-S 0.6050 CANDELS 53.153956 -27.866584 1.2109 2.0380 1.3414 0.7362
40295 GOODS-S 0.6870 CANDELS 53.164027 -27.865856 1.1550 0.3266 1.0837 0.1448
40488 GOODS-S 0.6730 CANDELS 53.168321 -27.865487 1.1874 0.1214 1.2528 0.0673
40779 GOODS-S 0.6900 CANDELS 53.211323 -27.864287 0.9726 0.2781 1.1350 0.1460
40875 GOODS-S 0.9450 CANDELS 53.176471 -27.864730 1.1191 0.4891 1.4331 0.2879
40999 GOODS-S 0.6670 CANDELS 53.208522 -27.864908 1.3690 0.5550 1.2140 0.2615
41075 GOODS-S 0.7410 CANDELS 53.169286 -27.865057 1.3865 0.3515 1.0984 0.1330
41078 GOODS-S 0.9500 CANDELS 53.180791 -27.865151 0.8529 0.1986 0.8685 0.1113
41115 GOODS-S 0.9260 CANDELS 53.213657 -27.864474 1.4696 0.6007 1.5152 0.2833
41478 GOODS-S 1.1140 CANDELS 53.196579 -27.863206 1.3638 0.1538 1.4684 0.0772
41807 GOODS-S 0.6840 CANDELS 53.156554 -27.863775 0.3921 1.2224 0.6887 0.9150
41822 GOODS-S 0.9160 CANDELS 53.160001 -27.863673 1.2659 0.4056 1.3260 0.2203
42022 GOODS-S 0.7120 CANDELS 53.193867 -27.863361 1.5077 0.3038 1.5098 0.1645
42193 GOODS-S 0.9330 CANDELS 53.215805 -27.863000 0.8065 0.5588 1.2340 0.3662
42277 GOODS-S 0.8410 CANDELS 53.175667 -27.862315 1.1951 0.1762 1.5713 0.1352
42395 GOODS-S 0.8750 CANDELS 53.170504 -27.862103 1.0941 0.2934 1.3096 0.1389
42659 GOODS-S 0.8440 CANDELS 53.150221 -27.861811 0.6951 1.0549 0.9435 0.8094
42703 GOODS-S 0.6520 CANDELS 53.136388 -27.850696 1.4688 0.1231 1.7893 0.0776
43170 GOODS-S 0.6530 CANDELS 53.156200 -27.860788 1.1597 0.3324 1.0729 0.1554
43202 GOODS-S 0.9060 CANDELS 53.199688 -27.861159 0.5963 0.6572 1.1081 0.5235
43404 GOODS-S 0.7620 CANDELS 53.207779 -27.858065 1.4456 0.1319 1.1639 0.0548
43532 GOODS-S 0.9570 CANDELS 53.154896 -27.857764 1.4248 0.1290 1.4965 0.0618
43758 GOODS-S 1.2320 CANDELS 53.184452 -27.857426 1.3063 0.2089 1.4526 0.1224
43816 GOODS-S 0.7340 CANDELS 53.137828 -27.856631 1.2575 0.2357 1.4437 0.1329
43909 GOODS-S 0.8180 CANDELS 53.157373 -27.859633 0.9245 0.5848 1.1158 0.3617
43997 GOODS-S 0.6170 CANDELS 53.161866 -27.858128 1.1648 0.3083 1.6758 0.2296
44047 GOODS-S 1.1880 CANDELS 53.153420 -27.858637 1.2167 0.2829 1.2878 0.1533
44163 GOODS-S 0.6740 CANDELS 53.153382 -27.857359 0.8829 0.1349 1.0903 0.0864
44204 GOODS-S 0.9920 CANDELS 53.165862 -27.858858 0.9101 0.3557 1.5399 0.2980
44349 GOODS-S 0.7760 CANDELS 53.175618 -27.858337 0.8220 0.3001 1.3436 0.2235
44769 GOODS-S 1.1870 CANDELS 53.193673 -27.857784 1.1160 0.7397 1.2759 0.3766
44843 GOODS-S 1.0410 CANDELS 53.187919 -27.857914 1.0821 0.3173 1.2181 0.1855
44893 GOODS-S 1.1160 CANDELS 53.191308 -27.857491 1.0537 0.5473 1.1742 0.3015
45221 GOODS-S 0.7700 CANDELS 53.143634 -27.857083 1.6096 0.8795 1.5229 0.3469
45314 GOODS-S 0.6730 CANDELS 53.165789 -27.856155 1.1068 0.1743 1.1451 0.0887
45462 GOODS-S 0.8500 CANDELS 53.176780 -27.855401 1.1744 0.1245 1.2169 0.0677
45502 GOODS-S 0.6720 CANDELS 53.167266 -27.856362 1.3593 0.1764 1.3173 0.0885
45804 GOODS-S 0.6560 CANDELS 53.137200 -27.855682 1.1960 0.4384 1.2042 0.2098
45879 GOODS-S 0.6020 CANDELS 53.158459 -27.854919 2.1126 0.5535 1.9923 0.2801
45919 GOODS-S 1.0600 CANDELS 53.186093 -27.855339 0.8410 0.1811 1.0780 0.1217
45989 GOODS-S 0.6290 CANDELS 53.146860 -27.855550 0.7452 0.6118 0.8426 0.3175
46037 GOODS-S 1.1840 CANDELS 53.188363 -27.853537 0.8773 0.1828 1.2794 0.1331
46284 GOODS-S 0.7040 CANDELS 53.163786 -27.854760 1.0476 0.1317 1.0562 0.0633
46433 GOODS-S 0.7730 CANDELS 53.209225 -27.854832 0.8261 0.7419 1.1133 0.4688
46562 GOODS-S 0.6440 CANDELS 53.164226 -27.853497 0.9177 0.1119 1.0240 0.0661
46603 GOODS-S 0.6260 CANDELS 53.137145 -27.852164 1.3517 0.3623 1.7277 0.2495
46988 GOODS-S 0.7280 CANDELS 53.203968 -27.853485 0.6421 1.8645 1.1080 1.9921
47038 GOODS-S 0.6300 CANDELS 53.133894 -27.851542 1.0717 0.1856 1.2066 0.1014
47101 GOODS-S 0.7940 CANDELS 53.206310 -27.851605 1.1227 0.0968 1.2308 0.0453
47225 GOODS-S 1.1800 CANDELS 53.196543 -27.851664 1.4719 0.1960 1.6933 0.1160
47324 GOODS-S 0.9300 CANDELS 53.175354 -27.852604 1.1340 0.1227 1.1615 0.0677
47396 GOODS-S 0.6850 CANDELS 53.146899 -27.851333 1.1755 0.1896 1.4986 0.1260
47469 GOODS-S 0.9230 CANDELS 53.173538 -27.852422 0.8088 0.1421 1.2053 0.1008
47720 GOODS-S 0.8190 CANDELS 53.211775 -27.852116 0.9927 0.1909 1.1848 0.1263
47740 GOODS-S 1.0150 CANDELS 53.161886 -27.845847 1.1774 0.0929 1.4095 0.0554
48056 GOODS-S 0.7250 CANDELS 53.144610 -27.851552 0.7972 0.4835 0.9996 0.2777
48126 GOODS-S 0.9330 CANDELS 53.160952 -27.851559 3.1332 4.5298 2.9026 1.3795
48311 GOODS-S 0.9440 CANDELS 53.146620 -27.850945 1.0417 0.3355 1.4723 0.2511
48446 GOODS-S 0.6260 CANDELS 53.135534 -27.849849 0.6670 0.7733 0.9762 0.4324
48447 GOODS-S 1.1010 CANDELS 53.160213 -27.850985 1.2950 1.6074 1.5686 0.9499
48890 GOODS-S 0.8530 CANDELS 53.206965 -27.848048 1.2080 0.1276 1.3189 0.0573
48917 GOODS-S 0.6500 CANDELS 53.148897 -27.848658 1.2403 0.6884 1.4476 0.4026
48934 GOODS-S 0.6090 CANDELS 53.192571 -27.850074 1.2830 0.7956 1.1414 0.3044
49165 GOODS-S 1.0420 CANDELS 53.166100 -27.849779 1.4363 0.4539 1.1179 0.2087
49366 GOODS-S 0.9460 CANDELS 53.170548 -27.849234 1.2569 0.7941 1.2828 0.3834
49879 GOODS-S 0.6160 CANDELS 53.200862 -27.848435 1.0380 0.3436 0.9922 0.1582
50107 GOODS-S 0.7640 CANDELS 53.210764 -27.847465 1.1356 0.2119 1.3676 0.1232
50261 GOODS-S 0.9220 CANDELS 53.199420 -27.846937 1.1076 0.2256 1.1037 0.1250
50907 GOODS-S 0.7610 CANDELS 53.150238 -27.846461 1.7835 1.5814 1.5846 0.6213
51356 GOODS-S 0.6010 CANDELS 53.156680 -27.843269 1.0770 0.0792 1.2018 0.0431
51522 GOODS-S 1.0960 CANDELS 53.184301 -27.844309 1.2001 0.4684 1.2411 0.2357
51976 GOODS-S 0.9140 CANDELS 53.204560 -27.842450 0.8613 0.1126 1.1914 0.0788
52034 GOODS-S 0.8440 CANDELS 53.170168 -27.845048 0.8535 0.7216 0.5807 0.2823
52086 GOODS-S 0.6130 CANDELS 53.157807 -27.844311 1.1392 0.1615 1.0546 0.0746
52204 GOODS-S 0.6360 CANDELS 53.187297 -27.843166 1.0297 0.1995 1.0925 0.1075
52259 GOODS-S 0.7520 CANDELS 53.179682 -27.843878 1.4229 0.1148 1.0086 0.0428
52529 GOODS-S 0.8730 CANDELS 53.168653 -27.844022 1.1710 0.4451 1.2892 0.2681
52774 GOODS-S 0.6030 CANDELS 53.159822 -27.841340 0.8591 0.0539 1.0365 0.0333
52890 GOODS-S 0.6130 CANDELS 53.142636 -27.843843 3.4777 11.8106 2.4333 1.8343
52945 GOODS-S 0.6300 CANDELS 53.203373 -27.841532 1.0526 0.1766 1.2765 0.1075
53248 GOODS-S 0.8000 CANDELS 53.186876 -27.841159 1.0758 0.0635 1.1443 0.0364
53588 GOODS-S 1.1370 CANDELS 53.187953 -27.842376 1.3417 0.5348 1.5179 0.3286
53650 GOODS-S 0.6980 CANDELS 53.152482 -27.841956 1.0559 0.2525 1.2970 0.1321
54056 GOODS-S 0.8120 CANDELS 53.156934 -27.841899 1.4966 0.5142 1.3803 0.2068
54666 GOODS-S 1.0490 CANDELS 53.205402 -27.841288 0.5881 0.4815 0.9866 0.3933
54823 GOODS-S 0.9280 CANDELS 53.144942 -27.840218 1.0536 0.1151 1.1326 0.0622
54920 GOODS-S 1.1790 CANDELS 53.148404 -27.840620 1.1081 0.5875 1.0820 0.3096
54921 GOODS-S 0.8700 CANDELS 53.214937 -27.838243 1.0497 0.0629 1.1085 0.0362
54977 GOODS-S 1.0090 CANDELS 53.189606 -27.838391 1.1656 0.1695 1.3727 0.1008
55145 GOODS-S 1.0440 CANDELS 53.195826 -27.839363 1.2584 0.2874 1.3685 0.1588
55199 GOODS-S 0.7560 CANDELS 53.144268 -27.840138 0.9651 0.4952 1.6733 0.4167
55434 GOODS-S 1.1220 CANDELS 53.204335 -27.837635 1.1391 0.1299 1.4454 0.0902
55951 GOODS-S 0.9020 CANDELS 53.199366 -27.839042 0.9452 0.5905 0.9808 0.2958
56067 GOODS-S 1.0120 CANDELS 53.144147 -27.839158 1.3674 0.7510 1.3315 0.3835
56391 GOODS-S 0.9650 CANDELS 53.197156 -27.838248 1.0649 0.5434 1.3317 0.3442
56681 GOODS-S 0.6470 CANDELS 53.213399 -27.837210 0.9455 0.2575 1.0681 0.1431
56875 GOODS-S 0.6000 CANDELS 53.152998 -27.837695 1.2323 0.4283 1.4245 0.2407
56922 GOODS-S 0.8140 CANDELS 53.218124 -27.833686 1.1567 0.1066 1.3464 0.0535
57014 GOODS-S 1.0460 CANDELS 53.184564 -27.836041 1.4842 0.1758 1.9136 0.1093
57146 GOODS-S 1.1490 CANDELS 53.188573 -27.836453 0.9421 0.4347 1.3428 0.3005
57446 GOODS-S 0.6590 CANDELS 53.152157 -27.835112 1.1377 0.0901 1.2607 0.0492
57648 GOODS-S 1.0670 CANDELS 53.211357 -27.835301 1.1336 0.4279 1.7618 0.2967
57737 GOODS-S 1.0790 CANDELS 53.214837 -27.836069 1.0257 0.3305 1.4631 0.2075
57822 GOODS-S 1.0130 CANDELS 53.144044 -27.835109 1.1204 0.2766 1.0838 0.1474
58181 GOODS-S 0.6690 CANDELS 53.168022 -27.832514 1.3893 0.1258 1.8793 0.0833
58222 GOODS-S 0.7190 CANDELS 53.208757 -27.834432 1.0473 0.1558 1.3265 0.0924
58615 GOODS-S 1.0190 CANDELS 53.157928 -27.834274 1.1619 0.4726 1.1182 0.2490
58985 GOODS-S 0.6480 CANDELS 53.199896 -27.834068 1.0183 0.1498 0.9870 0.0739
59747 GOODS-S 0.7120 CANDELS 53.215527 -27.830838 1.3893 0.0805 1.2397 0.0390
59792 GOODS-S 1.1750 CANDELS 53.154217 -27.832725 1.8695 3.1302 1.5554 1.3180
59873 GOODS-S 1.0060 CANDELS 53.196796 -27.832362 1.3487 0.8614 1.4576 0.4931
60049 GOODS-S 0.8770 CANDELS 53.206751 -27.832297 1.1008 0.2115 1.1553 0.1171
60133 GOODS-S 0.9240 CANDELS 53.212748 -27.831330 0.7745 0.3010 1.6047 0.2871
60296 GOODS-S 0.6290 CANDELS 53.160272 -27.825516 1.0475 0.1086 1.2312 0.0642
60438 GOODS-S 1.2120 CANDELS 53.204899 -27.831788 1.5438 1.6495 1.2622 0.7765
60481 GOODS-S 1.0810 CANDELS 53.146270 -27.831469 1.0998 0.4646 1.0359 0.2486
60709 GOODS-S 1.1980 CANDELS 53.190922 -27.831035 1.3084 0.3095 1.2802 0.1573
60999 GOODS-S 1.1790 CANDELS 53.202886 -27.829515 1.4230 0.2380 1.3302 0.1181
61153 GOODS-S 0.7480 CANDELS 53.217107 -27.829525 0.6532 0.2568 0.9192 0.1885
61172 GOODS-S 0.6060 CANDELS 53.164745 -27.824545 1.2535 0.0956 1.5314 0.0571
61447 GOODS-S 0.9760 CANDELS 53.185231 -27.827841 1.2584 0.1083 1.5322 0.0659
61510 GOODS-S 0.6110 CANDELS 53.215165 -27.829792 2.1463 2.6859 1.5767 0.7901
61563 GOODS-S 1.1830 CANDELS 53.141325 -27.829877 0.3533 0.6386 1.0176 0.5151
62042 GOODS-S 0.7300 CANDELS 53.210275 -27.828847 1.6929 1.0632 1.0224 0.2744
62122 GOODS-S 0.6690 CANDELS 53.191648 -27.828335 1.1630 0.2998 1.3565 0.1638
62223 GOODS-S 0.8370 CANDELS 53.141881 -27.827172 1.4166 0.2118 1.5103 0.1146
62440 GOODS-S 1.1480 CANDELS 53.144690 -27.827329 1.3062 0.3070 1.3653 0.1760
62528 GOODS-S 0.6600 CANDELS 53.189880 -27.826710 1.2478 0.0923 1.7307 0.0597
63861 GOODS-S 1.0810 CANDELS 53.200076 -27.825486 1.7730 0.7179 0.9675 0.2492
63902 GOODS-S 0.7600 CANDELS 53.161746 -27.824573 1.5537 0.1754 1.6505 0.0925
63998 GOODS-S 0.7920 CANDELS 53.147978 -27.825590 1.3825 0.6110 0.9554 0.3179
64234 GOODS-S 0.8750 CANDELS 53.207834 -27.824500 0.8868 0.9105 0.7760 0.5326
64376 GOODS-S 0.6050 CANDELS 53.174198 -27.824970 1.2699 2.3331 3.3081 4.0090
64393 GOODS-S 0.7150 CANDELS 53.154091 -27.824409 0.9141 0.2803 1.1532 0.2046
64769 GOODS-S 0.6430 CANDELS 53.158377 -27.822814 0.9191 1.3661 1.2234 0.5953
64797 GOODS-S 0.6200 CANDELS 53.168097 -27.823211 0.8916 0.3123 1.0068 0.1756
65040 GOODS-S 0.7920 CANDELS 53.206992 -27.823359 1.1570 0.8743 1.1837 0.4061
65145 GOODS-S 1.0460 CANDELS 53.147358 -27.822427 1.0197 0.1400 1.2764 0.0838
65179 GOODS-S 0.7490 CANDELS 53.190984 -27.823561 1.1620 0.6643 1.1833 0.3478
65335 GOODS-S 0.6600 CANDELS 53.153245 -27.822980 2.0952 1.1179 1.6560 0.3817
65551 GOODS-S 0.9720 CANDELS 53.142691 -27.822023 1.0079 0.2469 1.1168 0.1285
65572 GOODS-S 0.6520 CANDELS 53.155882 -27.822220 1.6259 0.2803 1.4955 0.1494
65620 GOODS-S 0.9720 CANDELS 53.164979 -27.819329 1.3817 0.0836 1.6905 0.0507
65708 GOODS-S 0.6740 CANDELS 53.161077 -27.821909 0.7292 0.1938 0.9974 0.1304
65746 GOODS-S 1.1950 CANDELS 53.154377 -27.821485 0.7685 0.2166 0.8940 0.1323
65825 GOODS-S 0.8800 CANDELS 53.171733 -27.821792 1.1370 0.1124 1.0759 0.0538
65981 GOODS-S 0.7200 CANDELS 53.172631 -27.821429 1.3961 0.1728 1.2683 0.0754
66190 GOODS-S 0.6070 CANDELS 53.170470 -27.821614 0.2751 0.4062 0.6657 0.4419
66256 GOODS-S 0.6820 CANDELS 53.193205 -27.820214 1.8726 0.1673 1.7686 0.0870
66572 GOODS-S 0.9000 CANDELS 53.175318 -27.819897 0.6096 0.1004 1.2091 0.1475
66708 GOODS-S 0.6790 CANDELS 53.161708 -27.819261 1.1854 0.1394 1.3904 0.0749
66729 GOODS-S 0.6480 CANDELS 53.136332 -27.816537 1.1421 0.0795 1.3036 0.0444
66853 GOODS-S 0.9710 CANDELS 53.189057 -27.819816 1.2189 0.4563 1.2706 0.2266
67558 GOODS-S 0.9370 CANDELS 53.152592 -27.818424 1.8158 1.1857 1.4097 0.3755
67630 GOODS-S 1.0760 CANDELS 53.164224 -27.818469 1.1227 0.4463 1.2425 0.2529
67654 GOODS-S 0.8110 CANDELS 53.195573 -27.817674 1.2971 0.2894 1.2231 0.1267
67814 GOODS-S 0.7740 CANDELS 53.137182 -27.815682 1.1774 0.1054 1.4942 0.0632
68033 GOODS-S 1.0950 CANDELS 53.167772 -27.816705 1.2595 0.3358 1.6978 0.2163
68104 GOODS-S 1.1510 CANDELS 53.191211 -27.817277 1.1677 0.2446 1.1776 0.1446
68115 GOODS-S 0.6080 CANDELS 53.175627 -27.817535 1.2942 0.5894 1.6322 0.4753
68352 GOODS-S 0.9480 CANDELS 53.173328 -27.817174 0.8399 0.3666 1.1003 0.2179
68641 GOODS-S 0.6290 CANDELS 53.134039 -27.815788 1.4688 0.5815 1.6312 0.3150
68675 GOODS-S 0.6310 CANDELS 53.174511 -27.814960 1.1010 0.0732 1.3873 0.0435
68841 GOODS-S 1.1230 CANDELS 53.164449 -27.815337 1.2603 0.1941 1.4671 0.1083
68941 GOODS-S 1.1510 CANDELS 53.146995 -27.815890 1.2831 0.7697 1.3381 0.4417
68944 GOODS-S 0.6637 3DHST 53.203627 -27.816027 0.6458 0.6730 1.0060 0.5211
68982 GOODS-S 0.8300 CANDELS 53.154285 -27.815934 1.1292 0.1710 1.3574 0.1120
69044 GOODS-S 0.9280 CANDELS 53.172314 -27.815994 0.9592 0.5927 0.8192 0.2696
69084 GOODS-S 0.6700 CANDELS 53.126267 -27.814526 1.1670 0.1919 1.4448 0.1102
69234 GOODS-S 0.9910 CANDELS 53.195139 -27.813961 1.1336 0.3705 1.0627 0.1706
69419 GOODS-S 0.7500 CANDELS 53.132376 -27.814240 1.7708 0.2031 1.6944 0.0889
70001 GOODS-S 0.6270 CANDELS 53.200552 -27.812487 1.2609 0.1273 1.6818 0.0819
70161 GOODS-S 0.7100 CANDELS 53.200115 -27.813227 1.3447 0.6064 1.5664 0.3823
70232 GOODS-S 0.6290 CANDELS 53.156402 -27.810814 1.1014 0.0674 1.1770 0.0352
70264 GOODS-S 0.9130 CANDELS 53.168175 -27.812932 0.9087 0.0889 1.1873 0.0626
70337 GOODS-S 0.8820 CANDELS 53.193825 -27.812880 1.0270 0.0876 1.0228 0.0561
70635 GOODS-S 0.9110 CANDELS 53.181351 -27.812652 0.8330 0.4761 0.7421 0.2387
70682 GOODS-S 0.6800 CANDELS 53.179923 -27.811745 0.9654 0.3166 1.2654 0.1834
70878 GOODS-S 0.6920 CANDELS 53.164309 -27.810825 1.4845 0.2214 1.3221 0.0991
71011 GOODS-S 0.7630 CANDELS 53.196379 -27.811905 1.2026 0.9312 1.4037 0.6322
71051 GOODS-S 0.9470 CANDELS 53.175594 -27.811209 1.3060 0.6248 1.5864 0.3480
71071 GOODS-S 1.0180 CANDELS 53.132301 -27.810923 1.2116 0.3952 1.4766 0.2311
71200 GOODS-S 0.6280 CANDELS 53.199680 -27.810448 0.9972 0.2722 1.2081 0.1613
71305 GOODS-S 1.1620 CANDELS 53.189599 -27.811137 1.1288 0.7064 1.3513 0.4429
71370 GOODS-S 1.0780 CANDELS 53.201545 -27.810932 0.7866 0.4754 0.8480 0.2974
71524 GOODS-S 1.1990 CANDELS 53.145084 -27.809846 1.2924 0.1752 1.2806 0.0927
71858 GOODS-S 0.6180 CANDELS 53.159100 -27.810061 1.7860 2.2159 1.8706 0.9973
71864 GOODS-S 0.8290 CANDELS 53.150604 -27.809505 0.9438 0.1510 1.1038 0.0885
72024 GOODS-S 1.2210 CANDELS 53.145944 -27.808541 1.0675 0.3641 0.9930 0.2178
72319 GOODS-S 0.9040 CANDELS 53.166608 -27.808504 0.7995 0.4560 1.3597 0.3354
72524 GOODS-S 1.1140 CANDELS 53.130330 -27.805615 1.1635 0.2062 1.4310 0.1164
72598 GOODS-S 0.8730 CANDELS 53.200931 -27.807547 0.8473 0.1932 1.1811 0.1282
72692 GOODS-S 1.1830 CANDELS 53.178242 -27.807615 1.0867 0.5817 1.5102 0.3558
72853 GOODS-S 1.0330 CANDELS 53.168680 -27.807373 0.8383 0.4131 0.9181 0.1997
72905 GOODS-S 0.6220 CANDELS 53.180242 -27.798928 1.2041 0.0839 1.6062 0.0520
73423 GOODS-S 0.6060 CANDELS 53.140539 -27.804566 1.1652 0.2853 1.4415 0.1761
73549 GOODS-S 0.6410 CANDELS 53.161238 -27.804879 0.9206 0.3149 1.3561 0.2166
73908 GOODS-S 0.8580 CANDELS 53.136288 -27.804140 1.3761 0.6321 1.4713 0.3191
73974 GOODS-S 1.1660 CANDELS 53.137771 -27.802096 1.5379 0.3236 1.5865 0.1666
74011 GOODS-S 0.9150 CANDELS 53.148753 -27.804300 1.0501 0.2126 1.1966 0.0974
74060 GOODS-S 0.6860 CANDELS 53.163418 -27.799548 1.0796 0.0626 1.4321 0.0430
74133 GOODS-S 0.6430 CANDELS 53.148958 -27.799680 1.3638 0.0853 1.5884 0.0481
74313 GOODS-S 0.9350 CANDELS 53.198988 -27.803013 1.2867 0.4837 1.3948 0.2817
74418 GOODS-S 0.6840 CANDELS 53.166388 -27.801828 0.9541 0.2719 1.1600 0.1805
74900 GOODS-S 0.9070 CANDELS 53.188772 -27.802209 0.7857 0.4292 0.8964 0.1989
74946 GOODS-S 0.8870 CANDELS 53.199561 -27.801964 0.6774 0.5053 0.7189 0.3180
75397 GOODS-S 0.9160 CANDELS 53.162210 -27.801217 1.1934 1.3183 1.4928 0.6193
75733 GOODS-S 0.6360 CANDELS 53.169865 -27.800123 1.6091 0.8574 1.5218 0.3796
76094 GOODS-S 0.6650 CANDELS 53.155448 -27.791484 1.0292 0.0568 1.3271 0.0373
76125 GOODS-S 1.0660 CANDELS 53.138550 -27.799460 1.1147 0.3196 1.4381 0.1909
76486 GOODS-S 1.1560 CANDELS 53.192347 -27.797884 1.1395 0.5002 1.1841 0.2810
76541 GOODS-S 0.8440 CANDELS 53.129050 -27.798412 1.0280 0.3324 1.2638 0.1724
76592 GOODS-S 0.6080 CANDELS 53.173667 -27.797363 1.1534 0.2307 1.2265 0.1151
76706 GOODS-S 0.6480 CANDELS 53.146926 -27.798138 1.0502 1.2947 1.8797 1.4655
76751 GOODS-S 1.0840 CANDELS 53.156749 -27.795597 1.0445 0.0929 1.3847 0.0584
76864 GOODS-S 0.7970 CANDELS 53.134472 -27.797556 1.0146 0.0000 1.2579 0.1323
77087 GOODS-S 0.9330 CANDELS 53.198371 -27.797248 0.6549 0.3722 0.9837 0.2616
77325 GOODS-S 0.6630 CANDELS 53.130802 -27.796195 1.1399 0.3480 1.1426 0.1742
77668 GOODS-S 0.6950 CANDELS 53.136410 -27.795534 0.7275 0.0000 0.8321 0.0000
77821 GOODS-S 0.9440 CANDELS 53.137615 -27.791914 0.8942 0.1063 1.3610 0.0722
77902 GOODS-S 1.0390 CANDELS 53.155870 -27.794899 0.8760 0.0901 1.1053 0.0593
78045 GOODS-S 0.7440 CANDELS 53.154120 -27.795088 1.3330 0.7160 1.1556 0.4910
78077 GOODS-S 0.7050 CANDELS 53.184165 -27.792630 0.8724 0.0489 1.0603 0.0302
78177 GOODS-S 0.6280 CANDELS 53.130643 -27.790259 1.1309 0.0691 1.2394 0.0368
78415 GOODS-S 0.6580 CANDELS 53.169475 -27.791939 1.2707 0.0898 1.5138 0.0529
78418 GOODS-S 1.0390 CANDELS 53.129046 -27.793934 0.6541 0.5294 0.8194 0.3381
78493 GOODS-S 1.0570 CANDELS 53.132840 -27.794165 1.2420 0.9796 1.5332 0.5347
79058 GOODS-S 0.9590 CANDELS 53.171335 -27.792940 0.9458 0.1742 0.9944 0.1011
79581 GOODS-S 1.0620 CANDELS 53.166182 -27.787518 1.3627 0.0941 1.2829 0.0485
79649 GOODS-S 0.8710 CANDELS 53.133840 -27.791096 0.8805 0.2220 0.9959 0.1998
80076 GOODS-S 1.2210 CANDELS 53.174411 -27.789398 1.4300 0.5263 1.4411 0.3126
80297 GOODS-S 1.0500 CANDELS 53.142734 -27.790020 0.8058 0.3664 0.8535 0.1942
80500 GOODS-S 0.6310 CANDELS 53.147179 -27.788481 1.0979 0.1210 1.1153 0.0573
80892 GOODS-S 1.0400 CANDELS 53.157373 -27.789221 0.9863 0.8334 1.0136 0.3560
81011 GOODS-S 0.9100 CANDELS 53.160354 -27.784002 1.2480 0.0814 1.4541 0.0498
81021 GOODS-S 1.0530 CANDELS 53.174030 -27.788006 1.3958 0.2606 1.6403 0.1613
81256 GOODS-S 1.0720 CANDELS 53.192066 -27.787169 1.3306 0.1289 1.1975 0.0625
81296 GOODS-S 0.9740 CANDELS 53.134675 -27.788440 1.2629 0.5738 1.3873 0.3411
81306 GOODS-S 0.6380 CANDELS 53.157227 -27.785265 1.2077 0.2969 1.3362 0.1549
81384 GOODS-S 0.6070 CANDELS 53.136199 -27.786679 1.1124 0.6492 1.8833 0.5587
81470 GOODS-S 1.1380 CANDELS 53.197586 -27.786397 1.0356 0.3415 1.5752 0.2613
81508 GOODS-S 0.7890 CANDELS 53.128231 -27.786753 1.2124 0.5564 0.9962 0.2506
81609 GOODS-S 1.0270 CANDELS 53.164095 -27.787292 0.8888 0.1571 1.0405 0.0928
81636 GOODS-S 1.2260 CANDELS 53.139403 -27.786768 0.8894 0.2837 1.2907 0.2243
81658 GOODS-S 0.8620 CANDELS 53.198328 -27.787810 1.3554 0.7037 0.9282 0.2605
81743 GOODS-S 1.2210 CANDELS 53.165165 -27.785873 1.2032 0.1779 1.3816 0.1077
81815 GOODS-S 1.0260 CANDELS 53.131524 -27.786433 1.0688 0.3239 1.2524 0.1842
81832 GOODS-S 0.9360 CANDELS 53.177763 -27.786980 1.2609 0.3716 1.0853 0.1339
82058 GOODS-S 0.8350 CANDELS 53.194712 -27.787023 1.3340 0.0000 1.4011 0.0000
82112 GOODS-S 0.6530 CANDELS 53.135044 -27.786805 1.0897 0.4963 1.3554 0.3241
82729 GOODS-S 0.9780 CANDELS 53.147432 -27.784519 0.9495 0.4199 1.0888 0.2479
83351 GOODS-S 0.8650 CANDELS 53.192594 -27.783793 0.8242 0.3920 1.1696 0.2153
83479 GOODS-S 1.0720 CANDELS 53.165885 -27.781539 1.3750 0.1526 1.1801 0.0682
83511 GOODS-S 1.2260 CANDELS 53.191558 -27.782675 0.9994 0.2245 1.3725 0.1611
83686 GOODS-S 0.8410 CANDELS 53.151837 -27.782861 1.1010 0.1086 1.2000 0.0632
83735 GOODS-S 1.0890 CANDELS 53.178229 -27.783074 1.1149 0.1319 1.1674 0.0713
83789 GOODS-S 0.7740 CANDELS 53.152780 -27.782707 0.9898 0.2925 1.0636 0.1459
84173 GOODS-S 0.6920 CANDELS 53.170684 -27.781968 1.4822 0.3237 1.3314 0.1614
84323 GOODS-S 0.6810 CANDELS 53.138310 -27.782326 1.3491 0.5407 1.2646 0.2491
84478 GOODS-S 0.6660 CANDELS 53.139283 -27.780668 1.1615 0.1124 1.1459 0.0510
85256 GOODS-S 1.1580 CANDELS 53.128825 -27.780420 1.2373 0.2735 1.5732 0.1806
85260 GOODS-S 0.7430 CANDELS 53.197016 -27.780600 1.1737 0.1112 1.2067 0.0609
85298 GOODS-S 0.8280 CANDELS 53.179063 -27.780521 1.1549 0.3437 1.3359 0.2214
85517 GOODS-S 0.6070 CANDELS 53.176316 -27.780850 1.0947 0.4769 1.0720 0.1840
85748 GOODS-S 0.6150 CANDELS 53.184164 -27.779736 1.3017 0.4159 1.2503 0.1781
85918 GOODS-S 0.9740 CANDELS 53.164886 -27.778745 1.1940 0.5327 1.1688 0.2417
86051 GOODS-S 0.6080 CANDELS 53.169918 -27.771019 1.1029 0.0644 1.1649 0.0331
86077 GOODS-S 1.1840 CANDELS 53.196382 -27.779000 0.8729 0.3478 1.4639 0.2922
86109 GOODS-S 0.6480 CANDELS 53.172260 -27.779503 1.3153 0.6242 1.2238 0.2980
86184 GOODS-S 1.0720 CANDELS 53.147080 -27.778432 1.3068 0.2350 0.9581 0.0979
86399 GOODS-S 1.1510 CANDELS 53.128273 -27.777055 1.1839 0.3369 1.0757 0.1953
86431 GOODS-S 0.9760 CANDELS 53.131677 -27.779374 1.1858 0.5764 1.5158 0.3503
86604 GOODS-S 1.0420 CANDELS 53.145223 -27.777903 1.3960 0.1437 1.3779 0.0744
87259 GOODS-S 0.6760 CANDELS 53.109486 -27.775934 1.1903 0.2479 1.4860 0.1547
87334 GOODS-S 0.6210 CANDELS 53.196134 -27.777822 1.6673 2.2341 1.3144 0.6497
87420 GOODS-S 0.6970 CANDELS 53.151053 -27.777309 1.0878 0.3068 1.2646 0.1548
87611 GOODS-S 1.0560 CANDELS 53.144271 -27.777147 1.2746 0.7294 1.3766 0.4009
87658 GOODS-S 1.0750 CANDELS 53.147773 -27.776948 1.1736 0.1840 1.4124 0.1107
87735 GOODS-S 0.6680 CANDELS 53.174071 -27.776993 1.0122 0.6954 0.8876 0.3001
87958 GOODS-S 0.6280 CANDELS 53.181036 -27.776173 1.1327 0.1357 1.3295 0.0779
88069 GOODS-S 0.7470 CANDELS 53.152073 -27.774814 0.9133 0.0720 1.2640 0.0485
88167 GOODS-S 0.7640 CANDELS 53.121665 -27.775504 1.4012 0.9839 1.4575 0.4541
88279 GOODS-S 0.7880 CANDELS 53.120738 -27.773213 0.9508 0.1013 1.4252 0.0741
88671 GOODS-S 0.7130 CANDELS 53.119725 -27.772304 1.4081 0.1219 1.6157 0.0689
89031 GOODS-S 0.8600 CANDELS 53.101614 -27.773408 1.4508 0.2171 1.8358 0.1453
89212 GOODS-S 0.9410 CANDELS 53.128513 -27.772701 1.4448 0.1016 1.7778 0.0654
89393 GOODS-S 1.0902 3DHST 53.120155 -27.774427 0.8935 0.7062 0.9298 0.3898
89759 GOODS-S 1.1380 CANDELS 53.102540 -27.772278 1.1564 0.2688 1.3866 0.1647
89760 GOODS-S 0.7560 CANDELS 53.119337 -27.773840 0.9178 0.8231 1.0006 0.4477
90103 GOODS-S 0.7430 CANDELS 53.191136 -27.772826 1.0865 0.2446 1.1626 0.1544
90116 GOODS-S 0.6000 CANDELS 53.194815 -27.773348 1.2940 0.7245 1.2126 0.3205
90132 GOODS-S 0.9830 CANDELS 53.195654 -27.773094 1.0661 0.7014 1.9074 0.5108
90321 GOODS-S 1.1940 CANDELS 53.189929 -27.772199 0.6303 0.3969 0.9420 0.2731
90325 GOODS-S 0.6360 CANDELS 53.178381 -27.768232 1.2005 0.0719 1.3511 0.0393
90388 GOODS-S 0.7850 CANDELS 53.105935 -27.771416 1.2714 0.1066 1.6250 0.0650
90439 GOODS-S 0.9660 CANDELS 53.114626 -27.772691 1.2908 1.6748 1.5691 0.8728
90546 GOODS-S 1.0920 CANDELS 53.154974 -27.768908 1.7416 0.1366 1.6341 0.0659
90734 GOODS-S 1.1140 CANDELS 53.132881 -27.772389 1.2964 1.1554 1.0819 0.4036
90740 GOODS-S 0.8470 CANDELS 53.153972 -27.770983 1.0786 0.1729 1.0229 0.0844
90791 GOODS-S 0.6340 CANDELS 53.114947 -27.767561 0.9503 0.0631 1.2342 0.0421
90809 GOODS-S 1.1720 CANDELS 53.187139 -27.772072 1.2798 0.7675 1.3938 0.4164
91095 GOODS-S 0.9700 CANDELS 53.136311 -27.763179 1.2354 0.0775 1.4928 0.0468
91139 GOODS-S 0.9810 CANDELS 53.158743 -27.770526 1.1785 0.0992 1.3260 0.0572
91196 GOODS-S 0.9800 CANDELS 53.172644 -27.770913 1.2490 0.7952 0.8532 0.3349
91479 GOODS-S 0.7470 CANDELS 53.129329 -27.770888 0.8582 0.1374 1.1771 0.0879
91517 GOODS-S 0.8500 CANDELS 53.138049 -27.768912 1.1001 0.2977 1.2165 0.1741
92025 GOODS-S 0.9590 CANDELS 53.161123 -27.770336 2.2364 1.2793 1.9495 0.5181
92455 GOODS-S 0.7250 CANDELS 53.118445 -27.767902 1.2475 0.6265 1.3135 0.3258
92503 GOODS-S 0.6320 CANDELS 53.114870 -27.769073 1.0940 0.3177 1.4882 0.2135
92589 GOODS-S 1.1410 CANDELS 53.117009 -27.768361 1.0753 0.3181 1.2038 0.2156
92715 GOODS-S 0.7330 CANDELS 53.189352 -27.769277 1.2488 1.1733 1.0095 0.4281
92755 GOODS-S 1.0950 CANDELS 53.098378 -27.766944 1.2493 0.4027 1.6908 0.2616
92860 GOODS-S 0.7110 CANDELS 53.161499 -27.767621 1.3363 0.1785 1.3240 0.0890
92933 GOODS-S 1.0980 CANDELS 53.194322 -27.768867 2.8176 3.2062 2.5957 1.2711
93039 GOODS-S 0.8830 CANDELS 53.158353 -27.768294 0.8002 0.6256 0.9068 0.3430
93102 GOODS-S 1.2050 CANDELS 53.100469 -27.767594 0.9016 0.2050 1.1571 0.1364
93128 GOODS-S 0.9360 CANDELS 53.108275 -27.767814 1.3466 0.2342 1.3102 0.1080
93370 GOODS-S 0.6180 CANDELS 53.113891 -27.767554 1.2342 0.1888 1.6966 0.1293
93563 GOODS-S 1.1220 CANDELS 53.159448 -27.767785 1.0825 0.4090 1.6997 0.3480
93627 GOODS-S 1.1860 CANDELS 53.109056 -27.767658 1.3899 0.8647 1.0694 0.3258
93672 GOODS-S 0.9810 CANDELS 53.191335 -27.767665 1.1214 0.1924 1.2721 0.1137
93759 GOODS-S 1.0300 CANDELS 53.159865 -27.766840 0.9911 0.1829 1.1192 0.1054
93811 GOODS-S 0.9300 CANDELS 53.146088 -27.766564 1.1500 0.1565 1.1416 0.0875
93815 GOODS-S 1.1620 CANDELS 53.181207 -27.765670 1.2139 0.1135 1.3358 0.0706
93923 GOODS-S 0.9610 CANDELS 53.107129 -27.767090 1.2805 0.5069 1.4361 0.2867
93946 GOODS-S 1.0050 CANDELS 53.120603 -27.766837 1.1712 0.4374 1.5395 0.2790
93984 GOODS-S 0.9890 CANDELS 53.106928 -27.765439 1.0500 0.1114 1.1571 0.0594
93988 GOODS-S 0.8920 CANDELS 53.151372 -27.766686 1.1178 0.1250 1.2721 0.0803
94128 GOODS-S 0.8970 CANDELS 53.135618 -27.766625 1.1205 0.1232 1.2932 0.0700
94200 GOODS-S 0.6520 CANDELS 53.178467 -27.766546 1.4166 0.3479 1.5883 0.1967
94290 GOODS-S 0.8780 CANDELS 53.100647 -27.766726 0.9564 0.1792 1.0843 0.1013
94356 GOODS-S 1.0550 CANDELS 53.155412 -27.766071 1.2058 0.1856 1.7104 0.1293
94544 GOODS-S 1.1240 CANDELS 53.194616 -27.765542 1.2339 0.3890 1.4918 0.2105
94632 GOODS-S 0.6850 CANDELS 53.179549 -27.766177 0.5590 0.2246 0.6757 0.1709
94792 GOODS-S 1.0170 CANDELS 53.164446 -27.765859 1.3001 0.3987 1.3300 0.2057
94854 GOODS-S 0.9550 CANDELS 53.104703 -27.765902 1.1272 0.3434 0.8894 0.1587
94900 GOODS-S 1.1760 CANDELS 53.117592 -27.766191 0.6796 0.8635 1.0280 0.7888
95028 GOODS-S 0.6230 CANDELS 53.196696 -27.765193 0.9640 0.4009 0.9895 0.2166
95110 GOODS-S 1.2020 CANDELS 53.109422 -27.764092 1.4685 0.2341 1.7799 0.1534
95330 GOODS-S 0.7780 CANDELS 53.115628 -27.765180 0.8229 0.1625 1.0930 0.1096
95513 GOODS-S 1.1400 CANDELS 53.111170 -27.765222 1.1718 0.8910 1.1670 0.5161
95688 GOODS-S 0.7430 CANDELS 53.149196 -27.763622 1.1452 0.1239 1.1993 0.0649
95800 GOODS-S 0.7000 CANDELS 53.114160 -27.763772 1.1007 0.1437 1.3818 0.0820
95997 GOODS-S 0.7370 CANDELS 53.153760 -27.763753 1.0501 0.4569 1.4929 0.3445
96013 GOODS-S 0.9830 CANDELS 53.174471 -27.764401 0.9133 0.5757 1.3514 0.2802
96023 GOODS-S 0.9410 CANDELS 53.168375 -27.760592 1.1401 0.1670 1.1782 0.0940
96270 GOODS-S 0.8850 CANDELS 53.157354 -27.762226 1.1539 0.8059 1.3985 0.4238
96378 GOODS-S 0.6550 CANDELS 53.122564 -27.763648 1.2404 1.3630 1.7056 0.8755
96481 GOODS-S 0.6000 CANDELS 53.125270 -27.759500 1.1379 0.0878 1.2641 0.0474
96494 GOODS-S 0.6090 CANDELS 53.144032 -27.761488 0.8988 1.2199 1.0787 0.8581
96737 GOODS-S 0.7400 CANDELS 53.116161 -27.760854 1.3654 0.2352 1.2878 0.1019
96927 GOODS-S 0.6900 CANDELS 53.098875 -27.760032 1.1093 0.2198 1.2803 0.1231
97120 GOODS-S 0.8240 CANDELS 53.167355 -27.762756 1.0858 1.0265 0.9806 0.4554
97327 GOODS-S 1.1750 CANDELS 53.096683 -27.762249 0.7923 0.7382 0.9748 0.4253
97498 GOODS-S 0.8870 CANDELS 53.151680 -27.761279 0.8673 0.0852 1.0865 0.0552
97568 GOODS-S 1.0820 CANDELS 53.125254 -27.756535 1.3214 0.0994 1.1228 0.0445
97750 GOODS-S 1.2120 CANDELS 53.174295 -27.761486 1.0628 0.7960 0.9995 0.4952
97910 GOODS-S 1.0410 CANDELS 53.152786 -27.760827 1.1978 0.8682 1.4921 0.5309
98048 GOODS-S 1.1750 CANDELS 53.109547 -27.760050 1.4272 0.1458 1.8718 0.0872
98333 GOODS-S 1.1880 CANDELS 53.126439 -27.756544 1.0928 0.1601 1.4514 0.0958
98372 GOODS-S 0.6630 CANDELS 53.079999 -27.758969 1.1055 0.2286 1.1167 0.1061
98698 GOODS-S 0.8580 CANDELS 53.111936 -27.757828 1.1717 0.0882 1.3695 0.0515
98855 GOODS-S 0.6360 CANDELS 53.170633 -27.757923 1.1739 0.1402 1.1310 0.0660
98911 GOODS-S 1.0430 CANDELS 53.192102 -27.759245 3.0935 5.2675 1.6918 1.0452
99014 GOODS-S 0.6450 CANDELS 53.105246 -27.756648 1.1378 0.0720 1.1704 0.0341
99156 GOODS-S 0.9070 CANDELS 53.120423 -27.757021 1.0918 0.1051 1.2103 0.0572
99252 GOODS-S 0.7860 CANDELS 53.102068 -27.758679 0.8826 0.7000 1.1471 0.4265
99275 GOODS-S 0.8240 CANDELS 53.111568 -27.758484 0.9611 0.2784 1.2413 0.1548
99381 GOODS-S 0.8990 CANDELS 53.132179 -27.758550 1.0910 0.5188 1.1402 0.2592
99452 GOODS-S 0.8240 CANDELS 53.091323 -27.758460 0.8537 0.6251 0.8692 0.2922
99487 GOODS-S 0.8000 CANDELS 53.156221 -27.757377 0.9535 0.4395 1.2585 0.2718
99490 GOODS-S 0.6270 CANDELS 53.106589 -27.758035 1.2559 0.4408 1.4083 0.2638
99644 GOODS-S 0.9040 CANDELS 53.143614 -27.758164 1.4668 1.9695 2.0226 1.8808
99727 GOODS-S 0.9740 CANDELS 53.177805 -27.757797 1.1230 0.2189 1.1204 0.1108
99864 GOODS-S 0.9790 CANDELS 53.149433 -27.757084 0.9086 0.8547 1.5438 0.8356
99892 GOODS-S 1.0590 CANDELS 53.095101 -27.755100 0.8634 0.1518 1.0845 0.0984
100094 GOODS-S 1.1660 CANDELS 53.123539 -27.756869 1.2702 0.4093 1.2567 0.2269
100157 GOODS-S 1.1890 CANDELS 53.183547 -27.756741 1.3872 0.3997 1.4358 0.2129
100349 GOODS-S 0.7340 CANDELS 53.080485 -27.753902 1.0788 0.1293 1.1417 0.0675
100526 GOODS-S 0.6280 CANDELS 53.114858 -27.756057 1.0586 0.2922 1.2322 0.1651
100543 GOODS-S 0.6930 CANDELS 53.115619 -27.755188 1.1359 0.1134 1.1630 0.0559
100572 GOODS-S 0.7200 CANDELS 53.137158 -27.754179 1.4347 0.1700 1.2615 0.0734
100679 GOODS-S 0.7270 CANDELS 53.098260 -27.755856 0.9944 0.4296 1.3737 0.2899
101093 GOODS-S 0.8380 CANDELS 53.131768 -27.753584 1.0082 0.2894 1.0927 0.1766
101176 GOODS-S 1.0160 CANDELS 53.098350 -27.754722 1.0153 0.2168 0.9555 0.1051
101405 GOODS-S 0.7080 CANDELS 53.104753 -27.753344 1.2084 0.1380 1.3607 0.0671
101457 GOODS-S 1.2020 CANDELS 53.109840 -27.754255 1.5012 0.4922 1.7389 0.3212
101526 GOODS-S 0.7430 CANDELS 53.086135 -27.754484 1.0758 0.9675 1.0056 0.4534
101634 GOODS-S 0.9440 CANDELS 53.131165 -27.753828 0.8571 0.1459 1.2539 0.0966
101795 GOODS-S 0.9470 CANDELS 53.115448 -27.753526 1.1407 0.5818 1.0930 0.2563
101849 GOODS-S 0.6120 CANDELS 53.101615 -27.753826 0.9694 0.4342 1.2488 0.2396
102027 GOODS-S 0.8860 CANDELS 53.119948 -27.750980 1.3929 0.3866 1.3560 0.1736
102037 GOODS-S 1.2260 CANDELS 53.097120 -27.753407 0.5502 0.6219 0.8593 0.4799
102153 GOODS-S 0.7150 CANDELS 53.123770 -27.751992 0.8848 0.0688 1.0518 0.0431
102156 GOODS-S 0.9820 CANDELS 53.125896 -27.751279 1.1388 0.0700 1.2321 0.0376
102163 GOODS-S 1.0430 CANDELS 53.115253 -27.751588 1.1212 0.2638 1.3049 0.1621
102205 GOODS-S 0.9380 CANDELS 53.125050 -27.753155 1.1079 0.5642 1.2365 0.3025
102393 GOODS-S 0.8940 CANDELS 53.150487 -27.752931 0.7460 0.6052 1.1189 0.4081
102547 GOODS-S 1.0740 CANDELS 53.131855 -27.751345 1.1978 0.2588 1.4345 0.1565
102847 GOODS-S 1.0630 CANDELS 53.100103 -27.751121 1.0860 0.2168 1.3474 0.1279
103037 GOODS-S 0.6460 CANDELS 53.159407 -27.748641 1.4715 0.1493 1.7897 0.0902
103049 GOODS-S 0.9500 CANDELS 53.160788 -27.749989 0.9338 0.2885 1.1042 0.1724
103116 GOODS-S 0.9720 CANDELS 53.105623 -27.750783 1.0477 0.0830 1.0737 0.0417
103146 GOODS-S 0.9210 CANDELS 53.152786 -27.750513 1.1607 0.2839 1.3882 0.1783
103421 GOODS-S 0.6690 CANDELS 53.141572 -27.750809 0.8996 0.8332 1.1285 0.5508
103422 GOODS-S 0.8760 CANDELS 53.107384 -27.749806 1.0522 0.1202 1.2337 0.0601
103683 GOODS-S 0.6810 CANDELS 53.118900 -27.749974 1.6919 0.7453 1.8330 0.4202
103864 GOODS-S 0.7730 CANDELS 53.083171 -27.747170 1.1971 0.2006 1.2781 0.0962
103918 GOODS-S 0.8570 CANDELS 53.133505 -27.747705 1.3203 0.0915 1.6479 0.0555
104125 GOODS-S 1.0610 CANDELS 53.121969 -27.748821 1.0427 0.2796 1.1263 0.1420
104150 GOODS-S 0.9110 CANDELS 53.118456 -27.748156 1.2129 0.2949 1.4861 0.1939
104180 GOODS-S 0.9120 CANDELS 53.160579 -27.748685 0.7789 0.5348 1.1970 0.4079
104292 GOODS-S 0.7030 CANDELS 53.161611 -27.746921 1.3071 0.1867 1.5495 0.1096
104363 GOODS-S 0.7270 CANDELS 53.093000 -27.748771 1.0420 1.0493 1.6109 0.8064
104408 GOODS-S 0.7440 CANDELS 53.116023 -27.747212 1.1313 0.3058 1.3896 0.1599
104446 GOODS-S 0.8040 CANDELS 53.137135 -27.746580 1.0878 0.4176 1.0063 0.1723
104478 GOODS-S 0.8930 CANDELS 53.122216 -27.748625 0.7323 0.1831 0.9441 0.1362
104498 GOODS-S 1.0990 CANDELS 53.124668 -27.748388 1.0778 0.3792 0.9370 0.1851
104514 GOODS-S 0.9220 CANDELS 53.105678 -27.747697 0.9383 0.4178 0.9390 0.2102
104622 GOODS-S 0.6390 CANDELS 53.135023 -27.748006 1.1261 0.4953 1.3418 0.3096
104641 GOODS-S 0.6800 CANDELS 53.143615 -27.747921 1.0706 0.6563 0.9913 0.3181
104669 GOODS-S 1.0920 CANDELS 53.152145 -27.748235 1.1359 1.2401 1.0418 0.4923
104774 GOODS-S 0.6410 CANDELS 53.086105 -27.746234 1.1158 0.1224 1.6935 0.0858
104801 GOODS-S 0.6110 CANDELS 53.144835 -27.748135 1.3588 1.5843 1.2143 0.6265
104981 GOODS-S 0.7850 CANDELS 53.134215 -27.747716 1.4648 2.1811 1.8190 1.4146
105016 GOODS-S 0.7240 CANDELS 53.097315 -27.746653 1.0788 0.2030 1.1936 0.1046
105411 GOODS-S 0.6430 CANDELS 53.083329 -27.745336 0.8778 1.0409 0.5607 0.4752
105522 GOODS-S 0.6890 CANDELS 53.094430 -27.745873 1.1024 0.1942 1.4388 0.1107
105771 GOODS-S 0.6430 CANDELS 53.059870 -27.745408 1.9379 2.0200 1.4023 0.7578
105820 GOODS-S 0.7090 CANDELS 53.164550 -27.744427 0.9459 0.2454 0.9823 0.1064
105980 GOODS-S 0.6620 CANDELS 53.145346 -27.744600 1.6677 0.2738 1.6403 0.1356
106061 GOODS-S 0.6990 CANDELS 53.092427 -27.744574 1.5942 0.8801 1.5273 0.3315
106067 GOODS-S 0.7190 CANDELS 53.094097 -27.740505 1.1776 0.0742 1.3698 0.0375
106073 GOODS-S 0.9980 CANDELS 53.146396 -27.744310 1.1948 0.1582 1.2464 0.0859
106295 GOODS-S 1.1112 3DHST 53.063542 -27.744114 1.5735 1.0582 1.3788 0.5299
106318 GOODS-S 0.6620 CANDELS 53.151940 -27.742127 1.3456 0.2739 1.4102 0.1517
106341 GOODS-S 1.2190 CANDELS 53.063477 -27.743847 1.9763 1.2129 1.5125 0.4698
106414 GOODS-S 0.9940 CANDELS 53.153466 -27.744603 1.0407 1.0373 0.9719 0.4987
106606 GOODS-S 0.6160 CANDELS 53.121294 -27.743923 0.7595 0.2899 1.0906 0.1896
106641 GOODS-S 0.9720 CANDELS 53.102756 -27.744191 1.1347 0.4947 1.0442 0.2199
106649 GOODS-S 1.2030 CANDELS 53.158782 -27.742386 1.1003 0.1458 1.6020 0.1070
106650 GOODS-S 0.8610 CANDELS 53.150104 -27.744195 1.4816 0.8780 1.9497 0.7316
106859 GOODS-S 0.7450 CANDELS 53.096508 -27.739684 0.9086 0.0710 1.2844 0.0490
106861 GOODS-S 0.6640 CANDELS 53.066596 -27.739707 0.9683 0.1007 1.2887 0.0703
106863 GOODS-S 1.2240 CANDELS 53.075307 -27.742621 0.9854 0.2168 1.2711 0.1455
106891 GOODS-S 1.0610 CANDELS 53.065858 -27.742923 1.0143 0.3251 0.9194 0.1467
106920 GOODS-S 0.9130 CANDELS 53.081807 -27.743011 0.7596 0.6039 1.0864 0.4165
106985 GOODS-S 0.6610 CANDELS 53.061598 -27.742533 1.2963 0.3674 2.1318 0.2955
106993 GOODS-S 0.9140 CANDELS 53.101162 -27.743079 0.8438 0.3930 1.1211 0.2453
107036 GOODS-S 0.6340 CANDELS 53.144866 -27.743417 1.0766 0.2742 1.1478 0.1545
107040 GOODS-S 1.2270 CANDELS 53.064686 -27.742471 1.1883 1.0482 0.9710 0.5000
107055 GOODS-S 0.9070 CANDELS 53.102174 -27.743426 1.1399 0.3685 1.1755 0.1768
107060 GOODS-S 1.2100 CANDELS 53.129547 -27.742592 1.2250 0.2173 0.9788 0.0943
107106 GOODS-S 1.2260 CANDELS 53.074829 -27.742079 0.8621 0.3357 0.9312 0.2231
107136 GOODS-S 0.8100 CANDELS 53.107347 -27.741929 1.2196 0.1278 1.7092 0.0959
107208 GOODS-S 1.1920 CANDELS 53.097183 -27.742252 0.9395 0.3303 1.4354 0.2528
107266 GOODS-S 0.6310 CANDELS 53.075866 -27.741998 1.1821 0.1913 1.5546 0.1203
107269 GOODS-S 0.7690 CANDELS 53.081705 -27.742804 0.8408 0.6361 1.5224 0.6064
107369 GOODS-S 1.1990 CANDELS 53.121332 -27.742194 1.4932 0.2538 1.5439 0.1327
107370 GOODS-S 0.7240 CANDELS 53.079954 -27.742059 1.0124 0.3627 1.1703 0.2003
107381 GOODS-S 0.7030 CANDELS 53.149248 -27.742520 0.3925 0.7502 0.7535 0.4765
107736 GOODS-S 1.1610 CANDELS 53.083792 -27.739571 1.1534 0.1430 1.3602 0.0955
107754 GOODS-S 1.0720 CANDELS 53.130558 -27.740928 1.2165 0.6726 0.6241 0.2639
107778 GOODS-S 0.9610 CANDELS 53.141693 -27.740847 0.9727 0.3036 1.1199 0.2103
107823 GOODS-S 0.9300 CANDELS 53.107290 -27.741084 1.0272 0.1775 1.0784 0.1015
107836 GOODS-S 1.0110 CANDELS 53.150126 -27.739938 1.1654 0.0960 1.2913 0.0533
107947 GOODS-S 0.6390 CANDELS 53.156754 -27.738558 1.0311 0.1956 1.2630 0.1179
108004 GOODS-S 0.7100 CANDELS 53.165339 -27.740842 1.1963 0.3021 1.3351 0.1602
108075 GOODS-S 0.6430 CANDELS 53.162265 -27.740613 1.1087 0.2051 1.3309 0.1268
108251 GOODS-S 0.9290 CANDELS 53.155166 -27.740748 0.9546 1.9510 0.6759 0.6500
108336 GOODS-S 1.2260 CANDELS 53.104614 -27.740445 0.9884 0.5304 1.2778 0.3367
108358 GOODS-S 0.9320 CANDELS 53.157250 -27.739795 1.0725 0.3521 1.2044 0.2455
108359 GOODS-S 0.7590 CANDELS 53.056935 -27.739959 1.3133 0.2606 1.0616 0.1046
108366 GOODS-S 1.0580 CANDELS 53.147933 -27.740480 0.9911 0.5654 1.1821 0.3448
108456 GOODS-S 1.0010 CANDELS 53.141609 -27.738597 1.0502 0.2014 1.2934 0.1228
108510 GOODS-S 0.8520 CANDELS 53.147721 -27.739197 1.2815 0.1079 1.6425 0.0739
108576 GOODS-S 0.7140 CANDELS 53.075873 -27.739463 1.2060 0.5316 1.4952 0.3537
108694 GOODS-S 0.8440 CANDELS 53.148781 -27.738887 0.9599 0.1315 1.2005 0.0895
108766 GOODS-S 0.8810 CANDELS 53.068984 -27.739378 1.0991 0.6684 1.1636 0.4395
108795 GOODS-S 0.6500 CANDELS 53.152981 -27.735115 1.1811 0.1057 1.4826 0.0627
108892 GOODS-S 0.8480 CANDELS 53.077932 -27.736875 1.3625 0.1859 1.7748 0.1228
108922 GOODS-S 0.6210 CANDELS 53.138205 -27.737523 1.1229 0.2863 1.5535 0.1954
108987 GOODS-S 1.2010 CANDELS 53.157086 -27.737865 0.9882 0.2505 1.1972 0.1805
109007 GOODS-S 0.6450 CANDELS 53.060077 -27.737748 1.1125 0.1683 1.0021 0.0731
109019 GOODS-S 0.9670 CANDELS 53.068916 -27.736969 1.2604 0.3509 1.0926 0.1400
109107 GOODS-S 1.0850 CANDELS 53.136472 -27.737698 1.1654 0.1813 1.4992 0.1150
109151 GOODS-S 0.6570 CANDELS 53.140917 -27.736119 1.2914 0.0961 1.5772 0.0580
109167 GOODS-S 0.8750 CANDELS 53.141678 -27.736678 1.0990 0.3222 1.4579 0.2011
109185 GOODS-S 0.6650 CANDELS 53.050845 -27.737555 0.8405 0.2108 0.9133 0.1169
109227 GOODS-S 0.6150 CANDELS 53.058740 -27.738177 1.0348 0.1960 1.0171 0.0933
109396 GOODS-S 0.7180 CANDELS 53.093161 -27.737726 1.0687 0.3737 1.1512 0.1784
109435 GOODS-S 0.6730 CANDELS 53.082662 -27.737156 1.0055 0.3978 1.0817 0.2025
109438 GOODS-S 0.7160 CANDELS 53.143484 -27.737160 0.7343 0.1843 1.2560 0.1580
109505 GOODS-S 1.1820 CANDELS 53.144355 -27.735552 1.0838 0.2381 1.4002 0.1637
109710 GOODS-S 0.9080 CANDELS 53.152071 -27.736943 1.2426 0.4180 1.2123 0.2050
109766 GOODS-S 0.9340 CANDELS 53.059515 -27.736047 0.8080 0.1156 1.2933 0.0851
109770 GOODS-S 1.0000 CANDELS 53.057173 -27.736597 0.9817 0.2923 1.1004 0.2010
109794 GOODS-S 0.6280 CANDELS 53.143109 -27.730585 1.1838 0.0928 1.3772 0.0519
109824 GOODS-S 0.6660 CANDELS 53.113602 -27.735265 0.9770 0.1438 1.0190 0.0678
109872 GOODS-S 0.7570 CANDELS 53.075716 -27.736087 0.8583 0.2858 1.0010 0.1691
109885 GOODS-S 0.7040 CANDELS 53.071336 -27.735481 1.3963 0.2321 1.6877 0.1471
109886 GOODS-S 0.6160 CANDELS 53.079358 -27.731388 1.1259 0.0851 1.2629 0.0463
109889 GOODS-S 0.6220 CANDELS 53.138923 -27.736140 1.1906 0.4904 1.6141 0.3151
109900 GOODS-S 0.7620 CANDELS 53.112810 -27.734630 1.3377 0.0945 1.0172 0.0367
109948 GOODS-S 0.8760 CANDELS 53.040106 -27.735932 0.7361 0.2522 0.9772 0.1513
109967 GOODS-S 0.9810 CANDELS 53.155861 -27.735275 1.2136 0.1425 1.4334 0.0831
109992 GOODS-S 1.0020 CANDELS 53.080631 -27.735848 1.1738 0.2306 1.3174 0.1319
110031 GOODS-S 0.7010 CANDELS 53.040739 -27.735774 1.5970 0.3235 1.7601 0.1987
110065 GOODS-S 1.0160 CANDELS 53.069291 -27.734253 1.0283 0.5308 1.0932 0.3016
110187 GOODS-S 0.6520 CANDELS 53.050663 -27.735793 1.3388 0.5282 1.4067 0.3055
110215 GOODS-S 1.0530 CANDELS 53.136850 -27.734984 1.0912 0.4331 1.2365 0.2428
110258 GOODS-S 0.8870 CANDELS 53.139439 -27.734707 1.0596 0.1700 1.2415 0.1100
110397 GOODS-S 0.8560 CANDELS 53.144070 -27.734604 1.2407 0.2484 1.4517 0.1382
110400 GOODS-S 0.6810 CANDELS 53.049503 -27.735026 1.2825 0.3537 1.0013 0.1508
110422 GOODS-S 0.6930 CANDELS 53.089375 -27.734460 1.6304 0.7950 2.0641 0.5248
110483 GOODS-S 1.1190 CANDELS 53.158436 -27.734607 2.1276 2.6604 2.0343 1.2590
110487 GOODS-S 0.9250 CANDELS 53.141122 -27.732656 1.2535 0.1638 1.8434 0.1224
110493 GOODS-S 0.7550 CANDELS 53.073190 -27.734839 0.9763 0.2340 1.3297 0.1601
110504 GOODS-S 1.1420 CANDELS 53.158133 -27.734502 1.1046 0.3606 1.5723 0.2429
110654 GOODS-S 1.2200 CANDELS 53.095518 -27.734268 0.8434 0.6315 0.8309 0.3151
110655 GOODS-S 0.6330 CANDELS 53.154484 -27.733941 1.1764 0.2957 1.2750 0.1653
110664 GOODS-S 1.0260 CANDELS 53.098427 -27.732665 1.6085 0.7407 1.5186 0.3409
110702 GOODS-S 0.8070 CANDELS 53.150335 -27.734414 1.3041 0.9595 1.8615 0.7007
110712 GOODS-S 0.8000 CANDELS 53.134918 -27.734233 0.8485 0.2906 0.9168 0.1801
110733 GOODS-S 1.0120 CANDELS 53.099192 -27.733101 1.4439 0.5553 1.1319 0.2733
110763 GOODS-S 1.2220 CANDELS 53.050642 -27.734082 0.8485 0.2991 0.8134 0.2047
110765 GOODS-S 0.8980 CANDELS 53.143821 -27.733225 0.8380 0.4570 1.2785 0.3708
110795 GOODS-S 1.2210 CANDELS 53.049251 -27.732011 0.9238 0.2768 0.5934 0.1491
110801 GOODS-S 1.0980 CANDELS 53.062030 -27.732863 1.1811 0.4040 1.3536 0.2233
110870 GOODS-S 0.6650 CANDELS 53.125097 -27.729791 0.8843 0.0497 1.0704 0.0307
110891 GOODS-S 0.7300 CANDELS 53.078177 -27.733455 1.3481 0.4310 1.2142 0.1847
110962 GOODS-S 0.9660 CANDELS 53.132148 -27.734021 1.6318 0.7349 1.7581 0.4697
110988 GOODS-S 1.1880 CANDELS 53.068860 -27.733457 1.2836 0.4910 1.1514 0.2264
111030 GOODS-S 1.0690 CANDELS 53.042569 -27.733020 1.1403 0.3799 1.1101 0.1965
111122 GOODS-S 0.9740 CANDELS 53.137231 -27.732999 0.9602 0.3294 1.0897 0.1893
111194 GOODS-S 0.6500 CANDELS 53.133825 -27.733130 1.1108 0.4204 1.3322 0.2135
111415 GOODS-S 0.8130 CANDELS 53.150518 -27.732641 1.4100 1.3945 1.7178 1.1440
111492 GOODS-S 0.7620 CANDELS 53.063880 -27.732682 1.1985 1.0696 0.8505 0.3441
111682 GOODS-S 0.6830 CANDELS 53.076828 -27.732340 0.7346 0.6586 0.6955 0.2898
111700 GOODS-S 0.9160 CANDELS 53.133940 -27.730519 1.5078 0.2847 1.4883 0.1223
111741 GOODS-S 1.0120 CANDELS 53.045461 -27.728629 1.2474 0.0948 1.4272 0.0538
112039 GOODS-S 0.6560 CANDELS 53.071566 -27.731143 0.9805 1.1571 0.8970 0.5784
112095 GOODS-S 0.8300 CANDELS 53.041581 -27.731101 0.5015 0.5581 1.3489 0.5533
112133 GOODS-S 0.7190 CANDELS 53.073995 -27.729504 1.1157 0.1852 1.1960 0.0849
112448 GOODS-S 0.6040 CANDELS 53.155483 -27.726190 1.1904 0.1336 1.4448 0.0788
112457 GOODS-S 0.9440 CANDELS 53.039484 -27.729479 1.1749 0.2829 1.5842 0.1837
112617 GOODS-S 0.9810 CANDELS 53.039396 -27.726626 1.4585 0.2838 1.6683 0.1625
112745 GOODS-S 0.9860 CANDELS 53.145533 -27.729752 1.1043 0.3318 1.2188 0.1932
112789 GOODS-S 0.6850 CANDELS 53.106111 -27.724322 0.9872 0.0559 1.3133 0.0383
112840 GOODS-S 0.9870 CANDELS 53.134728 -27.729402 1.1953 0.3154 1.2253 0.1643
112881 GOODS-S 0.9510 CANDELS 53.065106 -27.729697 1.2311 0.9566 0.9751 0.4745
112891 GOODS-S 0.7810 CANDELS 53.049223 -27.729421 1.3416 1.7113 0.8809 0.5282
112927 GOODS-S 0.7670 CANDELS 53.051196 -27.729283 0.7231 0.5939 1.0651 0.3556
112943 GOODS-S 0.7360 CANDELS 53.104414 -27.728511 0.9424 0.1448 1.3459 0.0982
112960 GOODS-S 0.9730 CANDELS 53.048553 -27.729464 1.0422 1.0804 1.6856 0.8106
113107 GOODS-S 0.8870 CANDELS 53.136858 -27.728359 1.0015 0.2350 1.1106 0.1311
113184 GOODS-S 0.7720 CANDELS 53.118020 -27.727934 1.1559 0.2477 1.0608 0.1102
113270 GOODS-S 0.6320 CANDELS 53.110946 -27.727816 1.1326 0.2398 1.1551 0.1236
113279 GOODS-S 0.6390 CANDELS 53.075516 -27.727750 1.1306 0.2575 1.1995 0.1297
113298 GOODS-S 1.0280 CANDELS 53.041827 -27.725868 1.5641 0.1275 1.8717 0.0745
113361 GOODS-S 0.6230 CANDELS 53.113234 -27.726632 1.2308 0.1737 1.3863 0.0958
113364 GOODS-S 1.0750 CANDELS 53.062084 -27.728086 1.3446 0.7840 1.5362 0.4415
113433 GOODS-S 0.7050 CANDELS 53.157985 -27.728199 1.4739 1.1476 1.1921 0.3950
113474 GOODS-S 0.8430 CANDELS 53.051753 -27.728001 0.9139 0.6943 1.2143 0.3810
113482 GOODS-S 0.6790 CANDELS 53.131017 -27.727762 0.9941 0.3147 1.2970 0.2038
113555 GOODS-S 0.7070 CANDELS 53.114876 -27.725394 1.1426 0.1153 1.2445 0.0542
113678 GOODS-S 0.9340 CANDELS 53.061175 -27.726963 0.9899 0.1304 1.4795 0.0892
113730 GOODS-S 1.2330 CANDELS 53.140738 -27.727584 1.0338 0.7265 1.5606 0.5103
114024 GOODS-S 0.7420 CANDELS 53.133337 -27.726827 1.3764 0.7798 1.2097 0.3253
114108 GOODS-S 0.6760 CANDELS 53.095892 -27.725411 1.2077 0.1537 1.5570 0.0893
114221 GOODS-S 0.6860 CANDELS 53.055115 -27.725774 0.8716 0.2079 1.1159 0.1300
114227 GOODS-S 0.8270 CANDELS 53.048595 -27.726669 1.9799 4.9615 0.7771 0.9837
114267 GOODS-S 0.6460 CANDELS 53.153742 -27.725367 2.1834 1.5426 1.7799 0.6987
114298 GOODS-S 0.6830 CANDELS 53.069139 -27.726565 0.9111 1.2520 1.1555 0.7090
114563 GOODS-S 0.6330 CANDELS 53.069616 -27.723368 1.0034 0.0641 1.6878 0.0570
114644 GOODS-S 0.7270 CANDELS 53.063403 -27.724998 0.9363 0.1311 1.2180 0.0832
114657 GOODS-S 1.1730 CANDELS 53.045639 -27.724930 1.0171 0.1163 1.3615 0.0783
114932 GOODS-S 0.7920 CANDELS 53.094095 -27.723820 1.1304 0.1424 0.7841 0.0481
114960 GOODS-S 0.7540 CANDELS 53.102801 -27.725244 1.5406 2.6773 1.6006 1.5705
114978 GOODS-S 0.7330 CANDELS 53.054705 -27.723817 0.5919 0.0596 0.3388 0.0300
114998 GOODS-S 0.6700 CANDELS 53.114048 -27.724439 1.2339 0.3168 1.6538 0.2081
115288 GOODS-S 0.9950 CANDELS 53.130936 -27.723377 1.4000 0.2929 1.5506 0.1601
115331 GOODS-S 0.7260 CANDELS 53.094715 -27.723573 0.8603 0.0671 1.1836 0.0440
115379 GOODS-S 0.7010 CANDELS 53.154781 -27.724273 1.2823 0.9920 1.1082 0.5010
115446 GOODS-S 1.0260 CANDELS 53.125297 -27.721949 1.2477 0.1100 1.4188 0.0607
115544 GOODS-S 0.7130 CANDELS 53.058182 -27.723700 0.8013 0.4143 0.7666 0.2078
115589 GOODS-S 0.7050 CANDELS 53.066027 -27.723644 1.1995 1.2060 1.1771 0.6234
115684 GOODS-S 1.2190 CANDELS 53.056283 -27.723210 1.5404 0.9848 1.2945 0.4606
115775 GOODS-S 1.0590 CANDELS 53.130476 -27.723096 0.9691 0.1686 1.1274 0.1035
115781 GOODS-S 1.0870 CANDELS 53.148473 -27.719482 1.2359 0.1605 1.6088 0.1014
115877 GOODS-S 1.0570 CANDELS 53.109924 -27.722654 1.0324 0.1788 1.1977 0.1000
116157 GOODS-S 1.0340 CANDELS 53.124468 -27.721590 1.2915 0.2210 1.5551 0.1309
116370 GOODS-S 1.1390 CANDELS 53.062026 -27.722028 0.9317 0.4800 0.6638 0.2383
116483 GOODS-S 1.0460 CANDELS 53.158305 -27.721160 1.5291 0.5893 1.7805 0.3774
116653 GOODS-S 0.7520 CANDELS 53.077625 -27.721495 1.5106 0.2174 1.1054 0.0819
116802 GOODS-S 0.7420 CANDELS 53.091085 -27.720700 1.2550 0.4451 0.9844 0.1882
116862 GOODS-S 0.9070 CANDELS 53.155512 -27.720811 1.1174 0.1292 1.1896 0.0723
116983 GOODS-S 1.2310 CANDELS 53.034850 -27.719461 1.1711 0.2260 0.9609 0.1186
117002 GOODS-S 0.9830 CANDELS 53.055889 -27.721100 0.7106 0.3497 0.9325 0.1918
117116 GOODS-S 0.7850 CANDELS 53.075152 -27.721110 1.0123 0.5761 1.0769 0.3082
117124 GOODS-S 0.6820 CANDELS 53.151014 -27.720907 1.8869 1.8034 2.0061 1.2220
117178 GOODS-S 1.0240 CANDELS 53.039818 -27.720517 1.1703 0.0695 1.3796 0.0403
117180 GOODS-S 0.9530 CANDELS 53.150712 -27.716204 1.3144 0.1127 1.8947 0.0791
117225 GOODS-S 0.9370 CANDELS 53.108198 -27.720155 1.6212 0.6413 2.1521 0.4231
117358 GOODS-S 0.9640 CANDELS 53.045590 -27.719439 1.1496 0.1162 1.3458 0.0678
117429 GOODS-S 0.6120 CANDELS 53.071428 -27.717579 1.1163 0.0643 1.2331 0.0347
117560 GOODS-S 0.6620 CANDELS 53.120788 -27.720477 1.2054 0.3771 1.2004 0.1898
117575 GOODS-S 0.6590 CANDELS 53.125039 -27.719817 0.9844 0.4076 1.1155 0.2355
117608 GOODS-S 0.7010 CANDELS 53.081636 -27.717718 1.6853 0.1094 1.8893 0.0636
117686 GOODS-S 0.6470 CANDELS 53.076049 -27.719708 1.0413 0.3074 1.1336 0.1512
117725 GOODS-S 0.7530 CANDELS 53.040435 -27.713365 1.2434 0.0885 1.4359 0.0510
117865 GOODS-S 1.0270 CANDELS 53.130039 -27.719551 1.0421 0.2218 1.5013 0.1645
118014 GOODS-S 0.9510 CANDELS 53.098680 -27.719088 0.9633 0.1017 1.0672 0.0618
118024 GOODS-S 1.1220 CANDELS 53.146900 -27.718678 1.3598 0.3436 2.1140 0.2751
118100 GOODS-S 0.6270 CANDELS 53.070304 -27.717853 1.0426 0.1351 1.1290 0.0750
118171 GOODS-S 0.9080 CANDELS 53.096798 -27.719067 2.0911 0.5904 1.7193 0.4382
118193 GOODS-S 1.1590 CANDELS 53.073136 -27.718190 2.2176 0.2022 3.6763 0.1757
118251 GOODS-S 0.9410 CANDELS 53.112734 -27.718721 1.0980 0.4474 1.3331 0.2686
118434 GOODS-S 1.1060 CANDELS 53.049693 -27.718128 1.4754 0.4304 1.6061 0.2257
118455 GOODS-S 0.9580 CANDELS 53.059861 -27.716273 1.1980 0.0799 1.3698 0.0451
118459 GOODS-S 0.6700 CANDELS 53.095252 -27.717270 1.0445 0.1969 1.2686 0.1076
118585 GOODS-S 1.2160 CANDELS 53.154079 -27.717859 1.0018 0.3556 1.1954 0.2310
118673 GOODS-S 0.7730 CANDELS 53.091410 -27.717613 0.9786 0.3244 1.0326 0.1648
118892 GOODS-S 0.9710 CANDELS 53.032812 -27.715417 1.0596 0.1751 1.0144 0.0913
119016 GOODS-S 1.0110 CANDELS 53.120915 -27.715390 1.2607 0.1150 1.5010 0.0677
119088 GOODS-S 0.6450 CANDELS 53.073419 -27.715952 1.1186 0.1051 1.1140 0.0490
119193 GOODS-S 0.7370 CANDELS 53.057745 -27.713586 0.9119 0.0562 1.2860 0.0386
119260 GOODS-S 0.7250 CANDELS 53.101064 -27.717265 0.9477 0.5575 0.9397 0.3046
119278 GOODS-S 1.0520 CANDELS 53.103175 -27.716064 1.5842 0.6382 1.3544 0.3257
119439 GOODS-S 1.2120 CANDELS 53.023645 -27.714864 1.1154 0.1950 1.3639 0.1394
119489 GOODS-S 0.6370 CANDELS 53.055124 -27.711379 1.0953 0.0622 1.1995 0.0330
119493 GOODS-S 1.0140 CANDELS 53.058677 -27.716358 1.2970 0.8048 1.4152 0.4653
119504 GOODS-S 0.9420 CANDELS 53.112597 -27.715656 1.1297 0.1764 1.2910 0.0977
119612 GOODS-S 1.0210 CANDELS 53.079783 -27.716203 1.1147 0.1728 1.1308 0.0884
119666 GOODS-S 0.9820 CANDELS 53.056512 -27.715668 1.0634 0.2106 1.2644 0.1204
119697 GOODS-S 0.8120 CANDELS 53.151178 -27.716083 1.2680 0.1070 1.0127 0.0490
119702 GOODS-S 1.0160 CANDELS 53.057255 -27.715320 1.1018 0.1721 1.2215 0.0994
119722 GOODS-S 0.9910 CANDELS 53.061403 -27.716188 1.5486 1.0588 1.9545 0.7458
119774 GOODS-S 0.7240 CANDELS 53.059436 -27.715070 1.2462 0.2695 1.2896 0.1407
119873 GOODS-S 0.8930 CANDELS 53.147715 -27.715601 1.1439 0.8173 1.3052 0.5086
119893 GOODS-S 1.1360 CANDELS 53.080639 -27.715701 2.1553 1.0400 3.4804 0.8890
119951 GOODS-S 1.0410 CANDELS 53.061001 -27.715602 1.1690 0.6990 1.6522 0.4389
120099 GOODS-S 1.0340 CANDELS 53.124955 -27.714591 1.1569 0.3216 1.1668 0.1701
120351 GOODS-S 0.6620 CANDELS 53.123510 -27.711820 1.4324 0.0756 1.4301 0.0385
120576 GOODS-S 0.6770 CANDELS 53.091544 -27.714400 1.2588 1.1509 1.6252 0.9771
120725 GOODS-S 0.9400 CANDELS 53.095820 -27.714173 1.1319 0.5143 0.9721 0.2360
120825 GOODS-S 0.6880 CANDELS 53.096061 -27.707305 1.1285 0.1046 1.2397 0.0494
120840 GOODS-S 0.7330 CANDELS 53.067672 -27.713847 1.2759 0.2769 1.2620 0.1360
120898 GOODS-S 0.9870 CANDELS 53.107698 -27.712801 1.2707 0.2715 1.6032 0.1632
120926 GOODS-S 0.9720 CANDELS 53.105653 -27.713716 0.5599 0.4651 1.1809 0.3373
120967 GOODS-S 1.0070 CANDELS 53.089246 -27.713869 0.8384 0.4083 0.9520 0.2262
120974 GOODS-S 1.2130 CANDELS 53.077308 -27.713136 0.9968 0.3218 0.9733 0.1845
121011 GOODS-S 1.2350 CANDELS 53.061648 -27.713558 0.9812 0.5644 1.0310 0.3619
121095 GOODS-S 1.0350 CANDELS 53.079236 -27.711868 1.3352 0.1772 1.6195 0.1073
121227 GOODS-S 1.1390 CANDELS 53.059628 -27.711910 0.9165 0.2537 1.0595 0.1485
121302 GOODS-S 0.6130 CANDELS 53.100188 -27.713239 1.1884 0.7347 1.1174 0.3373
121303 GOODS-S 1.2030 CANDELS 53.094370 -27.710977 0.8836 0.3917 1.0526 0.2731
121405 GOODS-S 1.0120 CANDELS 53.122073 -27.712453 1.1588 0.1923 1.4029 0.1155
121434 GOODS-S 1.1860 CANDELS 53.033961 -27.711766 1.3959 0.4144 1.2732 0.1980
121574 GOODS-S 0.6560 CANDELS 53.113719 -27.712830 0.3900 0.8415 1.1087 0.4959
121781 GOODS-S 1.0090 CANDELS 53.119344 -27.709333 1.1524 0.1003 1.3533 0.0583
121785 GOODS-S 0.7740 CANDELS 53.092642 -27.712408 1.2064 1.1752 1.0275 0.4538
121817 GOODS-S 0.6530 CANDELS 53.096511 -27.711107 0.9161 0.4319 0.8841 0.1843
121837 GOODS-S 0.8170 CANDELS 53.078867 -27.711738 0.9145 0.2720 1.5456 0.2084
121864 GOODS-S 0.6050 CANDELS 53.058434 -27.712024 1.7518 1.4740 2.6453 1.9125
121886 GOODS-S 1.0030 CANDELS 53.110874 -27.711435 1.0338 0.1509 1.1881 0.0936
121911 GOODS-S 0.7210 CANDELS 53.104973 -27.712011 1.1847 0.3478 1.0682 0.1691
121967 GOODS-S 0.7130 CANDELS 53.039161 -27.710034 1.2411 0.0984 1.4992 0.0588
122023 GOODS-S 1.0370 CANDELS 53.029666 -27.711064 1.1232 0.4700 1.7472 0.3375
122039 GOODS-S 0.9680 CANDELS 53.083782 -27.711257 1.1763 0.3090 1.3536 0.1852
122097 GOODS-S 0.8710 CANDELS 53.098131 -27.711702 1.1507 0.3359 1.1056 0.1685
122108 GOODS-S 0.7180 CANDELS 53.061674 -27.711682 1.3173 0.3340 1.4063 0.1790
122146 GOODS-S 1.0640 CANDELS 53.055414 -27.710116 1.3762 0.1660 1.8871 0.1078
122182 GOODS-S 0.7380 CANDELS 53.116508 -27.710257 0.8861 0.0934 1.2058 0.0622
122206 GOODS-S 0.9110 CANDELS 53.085712 -27.711341 0.8499 0.2563 0.9402 0.1872
122314 GOODS-S 0.8770 CANDELS 53.113057 -27.711127 0.7259 0.6424 0.4356 0.4393
122449 GOODS-S 0.7160 CANDELS 53.089263 -27.708657 0.9983 0.0770 1.4620 0.0547
122596 GOODS-S 0.9640 CANDELS 53.102172 -27.710155 0.6677 0.5771 1.7023 0.6558
122644 GOODS-S 1.0570 CANDELS 53.133673 -27.701945 1.1384 0.1173 1.4429 0.0703
122646 GOODS-S 0.8150 CANDELS 53.085077 -27.710102 0.8741 0.4417 1.1608 0.2346
122669 GOODS-S 0.7220 CANDELS 53.033499 -27.705838 1.5331 0.1270 1.4516 0.0631
122722 GOODS-S 0.6790 CANDELS 53.035556 -27.704930 1.1836 0.0919 1.5802 0.0558
122726 GOODS-S 0.8220 CANDELS 53.131801 -27.709740 1.2577 0.1918 0.9221 0.0659
122729 GOODS-S 0.8370 CANDELS 53.027535 -27.710433 1.0391 0.3181 0.9156 0.1571
122756 GOODS-S 0.7920 CANDELS 53.109678 -27.708972 1.3721 0.2631 1.1792 0.1208
122863 GOODS-S 0.7100 CANDELS 53.038305 -27.707113 1.4384 0.1421 2.0286 0.0936
122913 GOODS-S 0.6440 CANDELS 53.090376 -27.709510 0.7179 0.2755 0.9147 0.1695
122929 GOODS-S 0.7910 CANDELS 53.092446 -27.709815 1.8205 1.5785 1.8841 0.8940
122949 GOODS-S 1.2120 CANDELS 53.049764 -27.708714 1.2092 0.0889 1.4903 0.0599
122953 GOODS-S 0.7510 CANDELS 53.127054 -27.709548 1.1822 0.2009 0.9955 0.0949
123008 GOODS-S 0.6560 CANDELS 53.069380 -27.709085 0.9964 0.1227 0.8813 0.0491
123059 GOODS-S 0.6860 CANDELS 53.112027 -27.708722 1.3845 4.8141 10.1785 90.8358
123066 GOODS-S 0.7140 CANDELS 53.050812 -27.707512 1.1455 0.1902 1.3694 0.1166
123236 GOODS-S 0.9950 CANDELS 53.091054 -27.708227 1.1661 0.2595 1.5743 0.1673
123268 GOODS-S 1.1150 CANDELS 53.115646 -27.709120 0.4832 0.5535 0.6176 0.2958
123270 GOODS-S 0.9840 CANDELS 53.030712 -27.708926 1.0008 0.6977 1.0584 0.3464
123472 GOODS-S 0.9500 CANDELS 53.093059 -27.707373 1.1772 0.1976 1.4321 0.1137
123477 GOODS-S 0.6392 3DHST 53.089893 -27.706539 1.1170 0.0733 1.2136 0.0386
123543 GOODS-S 1.0760 CANDELS 53.078603 -27.707427 1.1403 0.1927 1.3271 0.1137
123779 GOODS-S 1.0390 CANDELS 53.091820 -27.707134 1.5435 0.4540 1.5371 0.2594
124152 GOODS-S 0.7450 CANDELS 53.063392 -27.706962 0.9420 0.1355 1.4163 0.0992
124248 GOODS-S 0.9080 CANDELS 53.072330 -27.706135 1.1903 0.3262 1.1112 0.1443
124254 GOODS-S 1.0020 CANDELS 53.131001 -27.706500 1.2267 0.4435 1.1482 0.1977
124272 GOODS-S 1.0250 CANDELS 53.119495 -27.706940 1.1477 0.8582 1.1486 0.4061
124313 GOODS-S 0.6439 3DHST 53.090127 -27.706733 0.6434 0.0383 0.8933 0.0272
124360 GOODS-S 1.0170 CANDELS 53.096561 -27.705442 1.5621 0.5249 2.0624 0.3358
124624 GOODS-S 0.8560 CANDELS 53.104855 -27.705219 1.0238 0.0874 1.1756 0.0442
124728 GOODS-S 0.7180 CANDELS 53.038257 -27.701686 1.2276 0.0848 1.4866 0.0450
124804 GOODS-S 0.6660 CANDELS 53.025656 -27.705476 1.4498 0.6066 1.1719 0.2244
124945 GOODS-S 0.9420 CANDELS 53.079930 -27.705327 1.2057 0.2280 1.3473 0.1344
124964 GOODS-S 1.0090 CANDELS 53.091513 -27.703895 1.1875 0.1851 1.3092 0.1057
125052 GOODS-S 0.6540 CANDELS 53.095727 -27.704773 0.7973 0.2125 0.9623 0.1398
125248 GOODS-S 0.9130 CANDELS 53.109750 -27.702675 0.8814 0.4659 1.1307 0.3111
125425 GOODS-S 0.6610 CANDELS 53.053162 -27.704258 1.1618 0.2738 1.2989 0.1374
125506 GOODS-S 1.2040 CANDELS 53.127126 -27.703415 0.1558 0.6012 0.4885 0.4335
125541 GOODS-S 0.9960 CANDELS 53.091004 -27.703846 0.9845 0.1459 0.9955 0.0811
125687 GOODS-S 0.6540 CANDELS 53.033122 -27.703374 0.8091 0.1629 1.1343 0.1039
125733 GOODS-S 0.9970 CANDELS 53.084794 -27.703092 1.2818 0.4431 1.5009 0.2740
125828 GOODS-S 1.1860 CANDELS 53.073663 -27.702460 0.9389 0.1794 0.9309 0.0915
125952 GOODS-S 1.0770 CANDELS 53.033512 -27.701204 1.1162 0.1259 1.3659 0.0758
126094 GOODS-S 0.9530 CANDELS 53.053361 -27.700461 0.9582 0.0825 1.3820 0.0523
126202 GOODS-S 0.6890 CANDELS 53.106194 -27.702739 0.9902 0.3596 1.2767 0.2128
126206 GOODS-S 1.1500 CANDELS 53.067532 -27.702328 1.0505 1.4401 0.6915 0.5705
126365 GOODS-S 0.6010 CANDELS 53.074843 -27.701080 1.2762 0.3164 1.5088 0.1782
126406 GOODS-S 0.8580 CANDELS 53.022116 -27.701411 1.0372 0.1550 1.1163 0.0809
126415 GOODS-S 0.7890 CANDELS 53.047412 -27.701823 1.1638 0.2920 1.3213 0.1897
126478 GOODS-S 0.6970 CANDELS 53.035188 -27.696088 1.0718 0.0730 1.1776 0.0343
126643 GOODS-S 0.7130 CANDELS 53.109702 -27.699466 1.2006 0.1029 1.2793 0.0548
126649 GOODS-S 0.9600 CANDELS 53.109466 -27.701496 1.0002 0.6050 1.3686 0.4476
126750 GOODS-S 0.6500 CANDELS 53.069330 -27.700681 0.9641 0.1857 0.9645 0.0811
126762 GOODS-S 1.0410 CANDELS 53.082370 -27.701108 1.4696 0.2783 1.6138 0.1598
126769 GOODS-S 0.8490 CANDELS 53.076163 -27.701149 1.1262 0.0870 1.3138 0.0508
126790 GOODS-S 0.8900 CANDELS 53.078945 -27.697729 1.1931 0.0790 1.2410 0.0418
126821 GOODS-S 0.6620 CANDELS 53.032348 -27.701693 1.3582 0.4503 0.9579 0.1649
126846 GOODS-S 0.6360 CANDELS 53.035355 -27.701451 1.0258 0.5274 1.1219 0.2348
126958 GOODS-S 0.6010 CANDELS 53.044897 -27.696014 1.2011 0.1072 1.3199 0.0597
127226 GOODS-S 0.6270 CANDELS 53.061782 -27.699201 1.1818 0.1290 1.5850 0.0854
127227 GOODS-S 0.7440 CANDELS 53.031080 -27.699947 1.1817 0.4412 1.2600 0.2053
127413 GOODS-S 0.6980 CANDELS 53.037746 -27.700066 1.4357 0.8837 1.3347 0.2989
127541 GOODS-S 0.9610 CANDELS 53.052836 -27.699331 0.9926 0.3629 1.2726 0.2211
127716 GOODS-S 0.6780 CANDELS 53.112238 -27.699075 0.9936 0.5788 1.2708 0.3626
128166 GOODS-S 1.0560 CANDELS 53.109226 -27.698286 0.9251 0.5550 1.4882 0.4475
128294 GOODS-S 0.6800 CANDELS 53.026630 -27.697756 0.9311 0.0953 1.0643 0.0521
128422 GOODS-S 1.0780 CANDELS 53.030315 -27.696597 1.1294 0.0975 1.3015 0.0564
128451 GOODS-S 0.7160 CANDELS 53.111149 -27.697861 0.9099 0.5960 0.9490 0.2974
128510 GOODS-S 0.6770 CANDELS 53.084469 -27.695718 1.1881 0.1048 1.2411 0.0498
128537 GOODS-S 0.6860 CANDELS 53.032464 -27.697082 0.8323 0.1083 0.9474 0.0608
128541 GOODS-S 1.1780 CANDELS 53.091841 -27.696694 2.3219 7.0186 1.4617 0.7316
128544 GOODS-S 0.6080 CANDELS 53.036907 -27.697083 0.8324 0.2664 0.8003 0.1293
128669 GOODS-S 1.2310 CANDELS 53.074058 -27.694562 1.4319 0.3260 1.5105 0.1933
128937 GOODS-S 0.6400 CANDELS 53.031085 -27.696560 1.0179 0.4461 1.0014 0.2026
129060 GOODS-S 0.6360 CANDELS 53.099868 -27.696189 0.7866 0.5129 1.0640 0.3502
129156 GOODS-S 1.2260 CANDELS 53.106573 -27.695569 1.2117 0.4724 1.3136 0.3287
129355 GOODS-S 0.8830 CANDELS 53.030771 -27.694952 0.9000 0.5025 1.1382 194.1737
129605 GOODS-S 0.8380 CANDELS 53.069644 -27.695285 1.2782 1.0580 1.1721 0.4956
129875 GOODS-S 0.6450 CANDELS 53.038338 -27.694685 0.8751 0.4079 0.8101 0.1725
130087 GOODS-S 0.6800 CANDELS 53.047267 -27.693332 1.1268 0.3527 1.3675 0.1944
130143 GOODS-S 1.2350 CANDELS 53.102750 -27.693690 1.2130 1.1493 1.2366 0.6520
130264 GOODS-S 1.0970 CANDELS 53.046931 -27.690835 1.2083 0.0948 1.3353 0.0526
130387 GOODS-S 0.8380 CANDELS 53.073161 -27.693175 1.0826 0.3062 1.2607 0.1816
130552 GOODS-S 0.6510 CANDELS 53.071217 -27.691956 1.2319 0.4546 1.2606 0.2032
131165 GOODS-S 0.9750 CANDELS 53.074629 -27.689635 1.2488 0.1303 1.6643 0.0838
131381 GOODS-S 0.8670 CANDELS 53.062996 -27.691067 1.5945 0.6547 1.6583 0.3414
131716 GOODS-S 1.0570 CANDELS 53.065419 -27.687848 1.2064 0.2001 1.4684 0.1163
131938 GOODS-S 0.9920 CANDELS 53.071311 -27.689439 1.1384 0.2020 1.2218 0.1072
132104 GOODS-S 0.8280 CANDELS 53.061049 -27.688081 1.0763 0.0942 1.1958 0.0581
132474 GOODS-S 0.6910 CANDELS 53.086501 -27.687486 1.3485 0.1428 1.3291 0.0739
133150 GOODS-S 1.1200 CANDELS 53.088138 -27.685179 1.2101 0.1299 1.3021 0.0808
133586 GOODS-S 0.7290 CANDELS 53.094686 -27.686449 1.0600 0.3105 1.1546 0.1359
133763 GOODS-S 1.0740 CANDELS 53.092330 -27.685616 1.3679 0.5030 1.5756 0.2722
133802 GOODS-S 1.1300 CANDELS 53.077727 -27.683883 1.2322 0.2179 1.2817 0.1350
134044 GOODS-S 1.0740 CANDELS 53.077615 -27.685201 1.4920 0.4722 1.8227 0.2772
134389 GOODS-S 0.8610 CANDELS 53.085453 -27.683033 1.1353 0.1165 1.3190 0.0746
134467 GOODS-S 1.0800 CANDELS 53.090373 -27.685008 1.2302 1.0372 1.1197 0.6062
134787 GOODS-S 1.0340 CANDELS 53.090261 -27.682261 1.1633 0.1695 1.4107 0.1040
135087 GOODS-S 0.7080 CANDELS 53.080772 -27.681003 1.1519 0.0749 1.3474 0.0378
137013 GOODS-S 0.6830 CANDELS 53.092966 -27.680091 1.0633 0.1623 1.0932 0.0801
137226 GOODS-S 0.8950 CANDELS 53.089622 -27.679173 1.2003 0.2012 1.4855 0.0995
137828 GOODS-S 1.2040 CANDELS 53.089137 -27.679097 0.6211 0.6624 1.0737 0.4618
