# Catalog for all galaxies that matched between 3DHST and PEARS in GOODS-N. 
# pearsid field redshift zphot_source ra dec dn4000 dn4000_err d4000 d4000_err
27963 GOODS-N 1.2035 3DHST 189.157889 62.166434 -1.2202 2.4780 -2.0289 1.9179
28029 GOODS-N 0.7535 3DHST 189.168829 62.167595 1.1291 0.2230 1.4200 0.1305
28271 GOODS-N 0.7226 3DHST 189.162696 62.168415 1.3873 0.0888 1.2128 0.0419
28405 GOODS-N 0.6607 3DHST 189.195884 62.166573 0.9449 0.4505 1.0844 0.2411
28638 GOODS-N 0.9653 3DHST 189.187245 62.169848 1.1852 0.3321 1.5444 0.2170
29565 GOODS-N 0.7562 3DHST 189.165531 62.168693 111.5660 7461.0969 2.3651 5.6558
30256 GOODS-N 0.9906 3DHST 189.185923 62.169739 1.0088 0.2267 1.1111 0.1275
30711 GOODS-N 1.1956 3DHST 189.178398 62.170575 0.9221 1.0738 1.1186 0.6596
30739 GOODS-N 0.8815 3DHST 189.203727 62.170345 1.1164 1.0038 1.1082 0.5615
31343 GOODS-N 0.9076 3DHST 189.159576 62.171493 -0.0519 0.0245 -0.0772 0.0235
31454 GOODS-N 0.6635 3DHST 189.159108 62.171538 1.0172 0.4072 1.2494 0.2376
31670 GOODS-N 0.9423 3DHST 189.205040 62.172098 1.1541 0.3341 1.2648 0.1848
32277 GOODS-N 0.7909 3DHST 189.171639 62.172880 1.5088 0.6367 1.1357 0.2158
32279 GOODS-N 0.8225 3DHST 189.180581 62.172198 1.3206 1.1926 1.3457 0.4748
32497 GOODS-N 0.9536 3DHST 189.166581 62.174797 0.9948 0.0809 1.4948 0.0536
33414 GOODS-N 0.9686 3DHST 189.154065 62.175396 1.4570 0.6102 2.7292 0.5908
33416 GOODS-N 0.9386 3DHST 189.205399 62.174242 1.3798 0.3923 1.2101 0.1795
33853 GOODS-N 0.9066 3DHST 189.153230 62.174653 1.5309 1.2029 2.0095 0.8124
33944 GOODS-N 0.6980 3DHST 189.161050 62.175999 1.2719 0.3249 1.3294 0.1442
35156 GOODS-N 1.2015 3DHST 189.199465 62.179304 1.1763 0.1239 1.3544 0.0811
35376 GOODS-N 0.6545 3DHST 189.225195 62.179512 1.0219 0.6407 1.1101 0.4224
35853 GOODS-N 0.9491 3DHST 189.142124 62.179438 1.1359 0.1503 1.1603 0.0820
36105 GOODS-N 0.9072 3DHST 189.191488 62.183611 1.4203 0.1542 1.7912 0.0944
36418 GOODS-N 0.8660 3DHST 189.194182 62.180293 1.2018 0.1927 1.4825 0.0979
36569 GOODS-N 0.9374 3DHST 189.202385 62.180277 1.0422 0.1498 1.0726 0.0819
36639 GOODS-N 0.8841 3DHST 189.172688 62.180919 1.1705 0.1612 1.3906 0.0833
36654 GOODS-N 0.6136 3DHST 189.180740 62.181309 1.1679 0.2980 1.2252 0.1405
36708 GOODS-N 0.7736 3DHST 189.141708 62.181841 1.1289 0.0892 1.2211 0.0422
36842 GOODS-N 0.9082 3DHST 189.185144 62.181358 1.1479 0.1180 1.3271 0.0695
36944 GOODS-N 0.8353 3DHST 189.170378 62.181871 1.1198 0.0977 1.2694 0.0479
36989 GOODS-N 0.8590 3DHST 189.169769 62.180284 1.4673 0.2944 1.6563 0.1734
37044 GOODS-N 1.2282 3DHST 189.213646 62.181028 1.6000 0.3124 1.7833 0.1804
37116 GOODS-N 0.6183 3DHST 189.188264 62.180167 0.6062 0.4370 0.6995 0.2777
37133 GOODS-N 0.9747 3DHST 189.137837 62.181924 2.8119 4.8438 2.7983 1.5986
37181 GOODS-N 0.7625 3DHST 189.159123 62.181325 1.3786 0.2744 1.0378 0.1149
37225 GOODS-N 0.6620 3DHST 189.208158 62.182990 1.3797 0.1341 1.3903 0.0683
37495 GOODS-N 0.9366 3DHST 189.150181 62.183402 1.4779 0.2191 1.3301 0.0964
37644 GOODS-N 0.9289 3DHST 189.203819 62.181588 1.2383 0.4301 1.2976 0.2269
37672 GOODS-N 0.6839 3DHST 189.226684 62.181806 1.0921 0.3434 1.1576 0.1867
37807 GOODS-N 0.9430 3DHST 189.228372 62.182398 0.7280 0.4490 1.0838 0.2926
38120 GOODS-N 0.9311 3DHST 189.208629 62.183685 1.1192 0.1955 1.2817 0.1163
38212 GOODS-N 0.9278 3DHST 189.216902 62.183097 1.1622 0.1539 1.4158 0.0905
38936 GOODS-N 1.0668 3DHST 189.223280 62.183199 0.8487 1.3938 1.1871 0.7575
39072 GOODS-N 0.8606 3DHST 189.192859 62.185520 1.1224 0.3777 1.3405 0.2622
39311 GOODS-N 0.6496 3DHST 189.208590 62.185116 1.0654 0.3318 1.1639 0.1673
39438 GOODS-N 0.8069 3DHST 189.138653 62.185290 0.8748 0.1665 1.0861 0.1008
39487 GOODS-N 0.9627 3DHST 189.207262 62.185225 1.1208 0.1478 1.2637 0.0863
39728 GOODS-N 0.7729 3DHST 189.170018 62.185821 1.4261 0.1877 1.3783 0.0873
39801 GOODS-N 0.9577 3DHST 189.221731 62.188003 1.1859 0.0896 1.3762 0.0516
39842 GOODS-N 0.8770 3DHST 189.183181 62.185293 1.0434 0.0944 1.0849 0.0504
40004 GOODS-N 0.9125 3DHST 189.191965 62.185513 1.2452 0.4263 1.5866 0.3205
40498 GOODS-N 1.0105 3DHST 189.152799 62.186514 1.0039 0.1447 1.0315 0.0754
40538 GOODS-N 0.9073 3DHST 189.154470 62.186614 1.0544 0.1860 0.9540 0.0810
40731 GOODS-N 0.8205 3DHST 189.156651 62.186827 1.2504 0.4183 1.0182 0.1824
40991 GOODS-N 0.9880 3DHST 189.184961 62.192549 1.3975 0.0945 1.7404 0.0571
41018 GOODS-N 1.0063 3DHST 189.184953 62.187049 1.1481 0.5760 1.4866 0.3569
41064 GOODS-N 0.7937 3DHST 189.187316 62.187679 1.0595 0.3036 1.2676 0.1557
41083 GOODS-N 0.8216 3DHST 189.183923 62.187064 1.2053 0.7114 1.0045 0.2706
41084 GOODS-N 0.8477 3DHST 189.163895 62.186888 1.0356 0.2857 1.1109 0.1663
41172 GOODS-N 0.6468 3DHST 189.172983 62.187424 0.8924 0.2648 1.0114 0.1370
41270 GOODS-N 0.9348 3DHST 189.224203 62.187429 1.0431 0.2495 1.0741 0.1502
41388 GOODS-N 0.9889 3DHST 189.171411 62.190279 1.3606 0.1809 1.8063 0.1095
41546 GOODS-N 1.1464 3DHST 189.187850 62.188138 1.2158 0.5870 1.2983 0.2807
41630 GOODS-N 1.1760 3DHST 189.198719 62.188955 1.0050 0.2297 1.1780 0.1230
41759 GOODS-N 0.9083 3DHST 189.154433 62.187921 1.2315 1.0729 1.6684 0.8873
41812 GOODS-N 0.8521 3DHST 189.137654 62.187874 1.1637 0.4780 1.2591 0.2624
41931 GOODS-N 1.0290 3DHST 189.190468 62.188402 1.6617 1.2921 1.4533 0.5016
41945 GOODS-N 0.7773 3DHST 189.256444 62.191325 0.9199 0.0709 1.2475 0.0471
42014 GOODS-N 0.8731 3DHST 189.177334 62.189407 0.8137 0.0842 1.0807 0.0578
42119 GOODS-N 0.9331 3DHST 189.209596 62.190913 0.8236 0.1163 1.2579 0.0799
42284 GOODS-N 0.8437 3DHST 189.152883 62.188586 1.5328 1.3909 1.2411 0.5516
42430 GOODS-N 0.9756 3DHST 189.161688 62.189869 1.0077 0.1398 1.1362 0.0775
42526 GOODS-N 0.7487 3DHST 189.193098 62.189706 1.0061 0.3409 1.1793 0.1711
42605 GOODS-N 1.0823 3DHST 189.205879 62.189178 1.6383 0.6986 1.4170 0.3235
42702 GOODS-N 0.7301 3DHST 189.135815 62.189428 1.3149 0.7978 1.2222 0.3178
42729 GOODS-N 0.9076 3DHST 189.221963 62.190801 1.0350 0.4278 1.0599 0.2124
43038 GOODS-N 0.8640 3DHST 189.252461 62.190946 1.6637 2.2224 1.7292 1.0362
43584 GOODS-N 0.9512 3DHST 189.234561 62.191176 1.0760 0.4736 1.0932 0.2482
43618 GOODS-N 0.7413 3DHST 189.182566 62.195238 1.6835 0.1032 1.4554 0.0457
43952 GOODS-N 0.7616 3DHST 189.219916 62.191919 1.3537 0.6842 0.8177 0.2143
43988 GOODS-N 1.0470 3DHST 189.129737 62.191877 1.1202 0.5603 1.4364 0.3379
43991 GOODS-N 1.0227 3DHST 189.169432 62.193226 1.5654 0.3165 1.5108 0.1710
44070 GOODS-N 0.6296 3DHST 189.142565 62.192104 1.0278 0.3811 1.1797 0.1947
44078 GOODS-N 0.9827 3DHST 189.202683 62.194841 1.3652 0.0962 1.7660 0.0608
44207 GOODS-N 0.6968 3DHST 189.195678 62.192413 1.0291 0.2713 1.0263 0.1265
44240 GOODS-N 0.9858 3DHST 189.247443 62.192354 1.4354 0.7559 1.1122 0.3902
44270 GOODS-N 1.1682 3DHST 189.230321 62.192954 0.8555 0.5371 0.8969 0.2675
44286 GOODS-N 0.9841 3DHST 189.239528 62.193104 1.0585 0.1297 1.1110 0.0670
44411 GOODS-N 0.8230 3DHST 189.144977 62.192844 0.2433 1.4941 0.9324 0.6574
44436 GOODS-N 1.1674 3DHST 189.222383 62.194346 1.0562 0.1099 1.0343 0.0562
44678 GOODS-N 1.0371 3DHST 189.180357 62.193168 1.4001 0.7862 1.8211 0.5856
44746 GOODS-N 0.6945 3DHST 189.242031 62.193817 0.8009 0.0801 0.9550 0.0500
44756 GOODS-N 0.9905 3DHST 189.202412 62.194457 1.4469 0.2372 2.0661 0.1665
44805 GOODS-N 0.9841 3DHST 189.192287 62.195841 1.6947 0.6254 2.0552 0.3875
44835 GOODS-N 1.0942 3DHST 189.178870 62.193691 0.8990 0.4155 1.0686 0.2568
45026 GOODS-N 0.9729 3DHST 189.179994 62.196666 1.0502 0.1119 1.6641 0.0772
45117 GOODS-N 0.9715 3DHST 189.185414 62.195487 1.1684 0.2384 1.3499 0.1381
45118 GOODS-N 0.7450 3DHST 189.226263 62.194273 0.9102 0.2383 1.3571 0.1641
45150 GOODS-N 0.9241 3DHST 189.162244 62.195516 0.7858 0.3070 1.4526 0.2665
45163 GOODS-N 0.8864 3DHST 189.191554 62.193884 0.9040 1.0480 1.9674 1.7048
45328 GOODS-N 0.9724 3DHST 189.219018 62.195197 1.0791 0.2304 1.3248 0.1449
45451 GOODS-N 0.8283 3DHST 189.159565 62.197454 1.2601 0.1010 1.4304 0.0636
45496 GOODS-N 0.9872 3DHST 189.205229 62.196807 1.2105 0.1273 1.5615 0.0874
45556 GOODS-N 0.9708 3DHST 189.231813 62.194821 1.0703 0.4665 1.2032 0.2552
45958 GOODS-N 0.9768 3DHST 189.167239 62.196253 1.4423 0.2828 1.9607 0.2057
46024 GOODS-N 1.1698 3DHST 189.261064 62.195640 1.4107 0.9618 1.0740 0.5507
46034 GOODS-N 0.8030 3DHST 189.259287 62.196053 0.9681 0.3381 1.2186 0.2010
46188 GOODS-N 0.8689 3DHST 189.177395 62.196123 0.8490 0.4365 1.0167 0.3044
46623 GOODS-N 0.9379 3DHST 189.222237 62.197179 1.1731 0.3583 1.2408 0.1846
46626 GOODS-N 0.9538 3DHST 189.205638 62.197392 0.9979 0.3084 1.2263 0.1709
46694 GOODS-N 0.9565 3DHST 189.177263 62.197220 1.8819 0.8173 1.1462 0.2506
46765 GOODS-N 1.0346 3DHST 189.257967 62.197271 0.9893 0.1795 1.1342 0.1049
46766 GOODS-N 1.0236 3DHST 189.188918 62.198477 1.4002 0.1833 1.6758 0.1128
46914 GOODS-N 0.9234 3DHST 189.197738 62.197467 0.9103 0.1536 1.3167 0.1213
47065 GOODS-N 0.8517 3DHST 189.153336 62.203663 1.2032 0.0677 1.4142 0.0432
47115 GOODS-N 1.1059 3DHST 189.123579 62.200005 0.7695 0.1417 1.0507 0.0948
47153 GOODS-N 0.6185 3DHST 189.236011 62.212646 1.1061 0.0647 1.1983 0.0341
47252 GOODS-N 0.9583 3DHST 189.205633 62.198629 1.0365 0.1025 1.0480 0.0533
47284 GOODS-N 1.1854 3DHST 189.190290 62.198322 1.1761 0.5110 1.3645 0.2525
47355 GOODS-N 0.8037 3DHST 189.154232 62.199884 1.1419 0.0945 1.2580 0.0443
47425 GOODS-N 0.6411 3DHST 189.113465 62.198176 0.9186 1.0520 1.3289 0.6376
47440 GOODS-N 0.9465 3DHST 189.234502 62.198842 1.1577 0.3237 1.3619 0.1802
47518 GOODS-N 0.7394 3DHST 189.138051 62.198374 1.2403 0.4404 1.1370 0.1677
47561 GOODS-N 0.9152 3DHST 189.245803 62.202469 1.4166 0.1099 1.5278 0.0559
47669 GOODS-N 0.8740 3DHST 189.219045 62.198614 0.9317 0.4730 0.9373 0.2107
47747 GOODS-N 0.6859 3DHST 189.126661 62.198696 0.6867 0.4428 0.9440 0.2986
47814 GOODS-N 0.6875 3DHST 189.239500 62.202938 1.2654 0.0959 1.3896 0.0492
48176 GOODS-N 0.6562 3DHST 189.145689 62.206718 1.1083 0.0629 1.0926 0.0285
48189 GOODS-N 0.9911 3DHST 189.166745 62.202052 1.2958 0.0947 1.6795 0.0610
48229 GOODS-N 0.6630 3DHST 189.191530 62.200388 1.0616 0.1917 1.1618 0.1013
48397 GOODS-N 1.2032 3DHST 189.260927 62.204579 0.9164 0.1506 1.4141 0.1145
48455 GOODS-N 0.6427 3DHST 189.269459 62.200128 1.9935 1.9332 0.7688 0.4502
48514 GOODS-N 0.9183 3DHST 189.198000 62.200709 1.1803 0.3555 1.4215 0.2358
48525 GOODS-N 0.9979 3DHST 189.255102 62.200687 1.0435 0.4985 0.8987 0.2411
48542 GOODS-N 1.1788 3DHST 189.226584 62.200729 1.3303 0.5769 1.1305 0.2723
48569 GOODS-N 0.8403 3DHST 189.156947 62.200234 0.9402 0.4971 0.8694 0.3192
48650 GOODS-N 0.9258 3DHST 189.209032 62.204725 1.5793 0.1284 1.6947 0.0657
48712 GOODS-N 1.1920 3DHST 189.255626 62.201359 1.2873 1.5165 1.3712 0.8282
48759 GOODS-N 0.9604 3DHST 189.205487 62.202031 0.9756 0.3960 1.3533 0.2438
48793 GOODS-N 0.6114 3DHST 189.240062 62.200797 2.1753 2.7874 2.3990 1.4760
48954 GOODS-N 0.8645 3DHST 189.160630 62.200983 1.1507 1.8136 1.1051 1.2330
49243 GOODS-N 1.0168 3DHST 189.118539 62.205126 0.7971 0.4149 0.4666 0.1125
49261 GOODS-N 0.9541 3DHST 189.201093 62.203861 1.2128 0.1600 1.3433 0.0897
49779 GOODS-N 0.9672 3DHST 189.164335 62.203273 1.5856 0.2941 1.6837 0.1469
49912 GOODS-N 1.2154 3DHST 189.255062 62.203748 1.3274 0.6196 1.7312 0.4193
49923 GOODS-N 0.9380 3DHST 189.110831 62.203050 1.8182 2.5683 1.1679 0.6362
50162 GOODS-N 1.0018 3DHST 189.244026 62.203767 0.9582 0.2883 0.9714 0.1575
50196 GOODS-N 0.9772 3DHST 189.242933 62.203942 1.2849 0.1726 1.2086 0.0732
50210 GOODS-N 0.6490 3DHST 189.196208 62.203478 0.9547 0.3686 1.2945 0.2373
50214 GOODS-N 0.8453 3DHST 189.141333 62.204732 1.3576 0.2150 1.5475 0.1019
50265 GOODS-N 0.6895 3DHST 189.196850 62.203511 1.2666 1.3085 1.4452 0.6783
50399 GOODS-N 0.9168 3DHST 189.274721 62.204204 1.2359 0.4126 1.5534 0.2441
50422 GOODS-N 0.7455 3DHST 189.181790 62.205071 0.8957 0.0834 1.2186 0.0544
50439 GOODS-N 1.0654 3DHST 189.172884 62.204168 1.5117 0.1620 1.9502 0.1088
50528 GOODS-N 0.8276 3DHST 189.270322 62.204284 1.2344 0.2283 1.2931 0.1287
50565 GOODS-N 1.1157 3DHST 189.254046 62.204661 1.0269 0.5412 1.3212 0.3249
50799 GOODS-N 0.9324 3DHST 189.236018 62.205595 1.2870 0.1129 1.6873 0.0744
50951 GOODS-N 0.9635 3DHST 189.112654 62.204758 0.7730 0.5487 1.0038 0.3422
51003 GOODS-N 0.9422 3DHST 189.204441 62.205905 1.0317 0.0847 1.2319 0.0520
51107 GOODS-N 1.0826 3DHST 189.109928 62.204785 2.5925 4.8616 0.4661 0.5870
51174 GOODS-N 1.1952 3DHST 189.274993 62.205091 1.0226 0.3576 1.2666 0.2019
51290 GOODS-N 1.1071 3DHST 189.251084 62.205415 0.8574 0.9358 1.0570 0.5414
51477 GOODS-N 0.7531 3DHST 189.149156 62.205951 1.0411 0.3487 1.1672 0.1847
51485 GOODS-N 0.9787 3DHST 189.206371 62.205590 0.9710 0.2764 0.9488 0.1473
51587 GOODS-N 0.6892 3DHST 189.244353 62.206047 1.0375 0.1350 1.2027 0.0705
51648 GOODS-N 0.9060 3DHST 189.134688 62.207838 1.6545 0.3607 1.8891 0.1732
51786 GOODS-N 0.8229 3DHST 189.274000 62.206009 1.5419 1.3871 1.4711 0.8120
51834 GOODS-N 1.1714 3DHST 189.257124 62.206553 0.9669 0.2464 0.9371 0.1366
52017 GOODS-N 1.0064 3DHST 189.155800 62.208237 1.3820 0.1208 1.5887 0.0715
52146 GOODS-N 0.9579 3DHST 189.256880 62.207194 1.0002 0.1657 1.1046 0.0956
52192 GOODS-N 0.9376 3DHST 189.252169 62.207179 0.9856 0.3094 1.0267 0.1621
52404 GOODS-N 0.7509 3DHST 189.220232 62.208251 2.2687 1.5162 1.4362 0.3933
52440 GOODS-N 1.2094 3DHST 189.143881 62.211395 1.4067 0.1546 1.2919 0.0751
52460 GOODS-N 0.8129 3DHST 189.231522 62.212656 1.5389 0.1198 1.3479 0.0511
52511 GOODS-N 0.7000 3DHST 189.211876 62.207570 0.8823 0.3826 1.3742 0.2563
52591 GOODS-N 0.8393 3DHST 189.189021 62.207439 1.1217 0.8384 1.1510 0.5361
52625 GOODS-N 0.7803 3DHST 189.115983 62.207594 0.6234 0.6069 0.7393 0.2834
52829 GOODS-N 1.1436 3DHST 189.140780 62.209556 0.7745 0.1665 0.8507 0.0930
52886 GOODS-N 0.6421 3DHST 189.242753 62.208354 1.4458 0.6050 1.2645 0.2822
52896 GOODS-N 0.9424 3DHST 189.199133 62.209159 1.1104 0.1376 1.3318 0.0814
52998 GOODS-N 0.8819 3DHST 189.151611 62.210383 1.1620 0.1083 1.4548 0.0735
53198 GOODS-N 1.2216 3DHST 189.168761 62.208508 1.1715 0.6799 1.2364 0.3992
53362 GOODS-N 1.1201 3DHST 189.138379 62.209994 1.1641 0.1768 1.1749 0.1027
53403 GOODS-N 1.0428 3DHST 189.166619 62.209355 1.2340 0.3038 1.2140 0.1684
53471 GOODS-N 0.8341 3DHST 189.179822 62.211731 1.4505 0.1165 1.7397 0.0596
53532 GOODS-N 1.0514 3DHST 189.164160 62.210402 1.0271 0.4572 1.0964 0.2775
53563 GOODS-N 0.8729 3DHST 189.192230 62.212921 1.3352 0.1064 1.6545 0.0705
53606 GOODS-N 1.0190 3DHST 189.119958 62.210945 1.0172 0.1634 0.9332 0.0774
53708 GOODS-N 0.6887 3DHST 189.209434 62.212731 1.3286 0.1065 1.7750 0.0680
54327 GOODS-N 0.9206 3DHST 189.184139 62.211217 1.0091 0.1408 0.9933 0.0715
54384 GOODS-N 0.8260 3DHST 189.191483 62.210633 0.5633 0.4438 0.6779 0.2616
54405 GOODS-N 0.8166 3DHST 189.166361 62.213902 0.9276 0.0611 1.3477 0.0413
54422 GOODS-N 1.0641 3DHST 189.200336 62.210914 1.7197 1.6419 3.6912 1.9295
54598 GOODS-N 0.6631 3DHST 189.224556 62.215020 1.1591 0.0746 1.3247 0.0418
55063 GOODS-N 1.0749 3DHST 189.177024 62.212531 1.2289 0.8020 1.5974 0.5974
55348 GOODS-N 0.7458 3DHST 189.243090 62.212656 1.0952 0.3917 1.3827 0.2617
55392 GOODS-N 1.1578 3DHST 189.176715 62.214535 1.2407 0.2267 1.1660 0.1066
55542 GOODS-N 0.7712 3DHST 189.116339 62.213908 1.0976 1.1534 0.6519 0.3436
55580 GOODS-N 1.2083 3DHST 189.151452 62.213392 1.4067 0.4701 1.2461 0.2145
55626 GOODS-N 0.7702 3DHST 189.132074 62.213682 1.3638 0.2329 1.2376 0.1001
55820 GOODS-N 1.2349 3DHST 189.235808 62.214656 0.9220 0.3585 1.1613 0.2309
55828 GOODS-N 0.6902 3DHST 189.230206 62.214598 1.0641 0.2968 1.1065 0.1641
55842 GOODS-N 0.6139 3DHST 189.149624 62.213512 1.4862 3.6569 2.7640 2.6614
55923 GOODS-N 1.1659 3DHST 189.113842 62.216061 1.0859 0.1061 1.1115 0.0530
55935 GOODS-N 1.1318 3DHST 189.236342 62.214606 1.3768 0.2837 1.7586 0.2044
56047 GOODS-N 0.8943 3DHST 189.217694 62.213729 1.2230 1.1738 1.2846 0.4819
56190 GOODS-N 0.6509 3DHST 189.198106 62.214635 1.2720 0.2832 1.6820 0.1955
56432 GOODS-N 0.9044 3DHST 189.142324 62.218281 0.9697 0.2594 1.4376 0.1574
56666 GOODS-N 1.0198 3DHST 189.123719 62.214917 1.3168 0.5465 1.2481 0.2915
56832 GOODS-N 0.9097 3DHST 189.193890 62.215352 1.1159 0.3187 0.9876 0.1532
57292 GOODS-N 0.6083 3DHST 189.220704 62.215771 0.5853 0.4795 0.8212 0.3327
57425 GOODS-N 0.8726 3DHST 189.150471 62.216438 1.2590 0.3426 1.2426 0.1830
57532 GOODS-N 1.1693 3DHST 189.116486 62.216499 2.2122 3.0232 0.9478 1.1292
57792 GOODS-N 0.9315 3DHST 189.231038 62.219798 1.4644 0.1204 1.5465 0.0661
58084 GOODS-N 0.9918 3DHST 189.229795 62.217689 1.3965 0.1613 1.6895 0.1114
58124 GOODS-N 1.1744 3DHST 189.173459 62.217493 0.8392 0.5939 1.0577 0.3973
58703 GOODS-N 0.9111 3DHST 189.139962 62.222202 1.1294 0.0695 1.1721 0.0376
59024 GOODS-N 0.8294 3DHST 189.143125 62.220131 1.1231 0.1187 1.4009 0.0769
59128 GOODS-N 0.7052 3DHST 189.130636 62.219126 1.2814 0.8671 1.2914 0.4006
59375 GOODS-N 1.0089 3DHST 189.171367 62.220700 1.1631 0.1091 1.3347 0.0631
59830 GOODS-N 0.8710 3DHST 189.144946 62.220324 1.0997 1.1483 1.0191 0.6923
59873 GOODS-N 1.0697 3DHST 189.175126 62.220056 1.4676 0.4894 3.1674 0.5296
60092 GOODS-N 0.7089 3DHST 189.151200 62.222202 1.0976 0.1037 1.2359 0.0511
60256 GOODS-N 0.9767 3DHST 189.136848 62.221285 1.0248 0.3879 1.2997 0.2655
60455 GOODS-N 0.8909 3DHST 189.179615 62.221657 0.8720 0.5942 1.1203 0.4118
60776 GOODS-N 0.9278 3DHST 189.229246 62.221888 1.1198 0.6428 1.2646 0.3547
61113 GOODS-N 1.2174 3DHST 189.204020 62.222756 1.1742 0.4656 1.0539 0.2134
61291 GOODS-N 0.9906 3DHST 189.162352 62.224831 1.3644 0.1242 1.6968 0.0782
61746 GOODS-N 0.9505 3DHST 189.202411 62.224541 1.2982 0.1742 1.2528 0.0917
61863 GOODS-N 0.6486 3DHST 189.222553 62.223640 0.8125 0.2616 0.7502 0.1121
62107 GOODS-N 0.9963 3DHST 189.160379 62.227500 1.3037 0.1552 1.6336 0.0939
62118 GOODS-N 0.6437 3DHST 189.152115 62.228026 0.9533 0.0681 1.2162 0.0452
62216 GOODS-N 1.1988 3DHST 189.233853 62.224929 1.3692 0.3818 1.3102 0.1957
62255 GOODS-N 0.7899 3DHST 189.153402 62.224845 1.0986 0.0000 1.5014 0.2821
62376 GOODS-N 0.9288 3DHST 189.180433 62.225739 1.1705 0.1617 1.1667 0.0860
62388 GOODS-N 0.9350 3DHST 189.197674 62.225022 1.0190 0.1816 1.3904 0.1312
62448 GOODS-N 1.2138 3DHST 189.235522 62.224302 0.6905 0.7976 1.1772 0.6719
62511 GOODS-N 1.2001 3DHST 189.230795 62.224962 1.3768 0.6853 1.1683 0.2870
62543 GOODS-N 0.9694 3DHST 189.179443 62.225736 1.0789 0.3083 0.8950 0.1533
62562 GOODS-N 0.7150 3DHST 189.160596 62.225268 0.8212 0.1837 0.9446 0.1146
62719 GOODS-N 0.9726 3DHST 189.216541 62.225615 1.1640 0.1269 1.3863 0.0738
63227 GOODS-N 0.9118 3DHST 189.153547 62.229405 1.0987 0.0716 1.1304 0.0385
63275 GOODS-N 1.0047 3DHST 189.144022 62.227637 1.2583 1.0900 1.7103 0.8115
63427 GOODS-N 0.8175 3DHST 189.233778 62.226606 2.7116 2.9315 2.9603 1.9874
64098 GOODS-N 0.7198 3DHST 189.231193 62.227533 1.1434 0.8492 1.0979 0.3977
64178 GOODS-N 1.0404 3DHST 189.166293 62.227284 0.5128 0.7198 0.4313 0.3262
64321 GOODS-N 0.9848 3DHST 189.157326 62.227824 4.7158 13.2270 1.5056 0.7714
64394 GOODS-N 0.9894 3DHST 189.178468 62.228348 1.0828 0.2774 1.1373 0.1391
64523 GOODS-N 1.2106 3DHST 189.179820 62.229866 1.0614 0.1665 1.1470 0.0993
64578 GOODS-N 0.8935 3DHST 189.155291 62.228428 0.7977 0.2772 1.1154 0.2012
64683 GOODS-N 0.7063 3DHST 189.156433 62.229479 1.1705 0.3790 1.5463 0.2598
65022 GOODS-N 1.1334 3DHST 189.231330 62.231529 1.1016 0.1475 1.2816 0.0786
65404 GOODS-N 1.0070 3DHST 189.193118 62.234639 1.2453 0.0774 1.4080 0.0433
65574 GOODS-N 0.8181 3DHST 189.232318 62.230236 1.1249 0.5371 1.2590 0.3346
65687 GOODS-N 0.8928 3DHST 189.228206 62.230788 1.0921 0.2314 1.2050 0.1423
65831 GOODS-N 0.9102 3DHST 189.191797 62.232340 1.1010 0.2390 1.1415 0.1399
65833 GOODS-N 0.8954 3DHST 189.225379 62.231777 1.1601 0.1214 1.4340 0.0643
66045 GOODS-N 1.0580 3DHST 189.164073 62.231275 0.6942 0.4700 0.8734 0.2983
66218 GOODS-N 1.2081 3DHST 189.162046 62.231821 1.5444 0.6583 1.3750 0.3277
66240 GOODS-N 0.9706 3DHST 189.151297 62.231220 33.3499 97.3262 5.7377 3.0627
66753 GOODS-N 0.7213 3DHST 189.206239 62.235220 1.4892 0.1088 1.5113 0.0558
67081 GOODS-N 0.8041 3DHST 189.211987 62.232604 1.5144 2.0213 1.5528 0.8825
67514 GOODS-N 0.9099 3DHST 189.236087 62.233437 0.9829 0.6757 1.1033 0.3849
67582 GOODS-N 0.7520 3DHST 189.220252 62.234699 1.3979 0.2197 1.0335 0.0803
67793 GOODS-N 0.7056 3DHST 189.153122 62.234290 1.1733 0.5054 1.2871 0.2896
68284 GOODS-N 0.9781 3DHST 189.222886 62.234726 1.2352 0.7721 1.0026 0.3481
69106 GOODS-N 0.9234 3DHST 189.206535 62.237425 0.7955 0.2810 1.2782 0.2127
69328 GOODS-N 0.8326 3DHST 189.160527 62.237134 1.4605 0.3580 1.2369 0.1460
69530 GOODS-N 1.2145 3DHST 189.146904 62.237877 1.4805 0.2866 2.7770 0.2563
69615 GOODS-N 1.1766 3DHST 189.241738 62.238284 1.1327 0.4768 1.1643 0.2754
69759 GOODS-N 0.8318 3DHST 189.218869 62.237457 1.9042 1.7864 1.4835 0.5220
69764 GOODS-N 0.7500 3DHST 189.193349 62.238438 2.8801 0.4072 2.9750 0.1798
69797 GOODS-N 0.7854 3DHST 189.140895 62.237544 0.7701 0.3216 1.1131 0.2118
69819 GOODS-N 0.8603 3DHST 189.194334 62.237569 0.6587 0.2493 0.9147 0.1623
69824 GOODS-N 0.7279 3DHST 189.149941 62.237559 1.0367 0.6692 0.8598 0.3424
69850 GOODS-N 0.8832 3DHST 189.209772 62.238518 0.8539 0.1506 1.2211 0.1035
70156 GOODS-N 0.9590 3DHST 189.161450 62.239445 1.1926 0.1633 1.1976 0.0877
70677 GOODS-N 0.9758 3DHST 189.186585 62.239519 1.1824 0.3240 1.3363 0.1805
70787 GOODS-N 0.8286 3DHST 189.245169 62.243034 1.1784 0.0648 1.2961 0.0384
70857 GOODS-N 0.7193 3DHST 189.116152 62.246957 1.1792 0.0856 1.3941 0.0444
71198 GOODS-N 0.9426 3DHST 189.176221 62.241568 1.1991 0.1833 1.3475 0.1001
71471 GOODS-N 1.0176 3DHST 189.227397 62.240881 1.5756 1.3781 1.2238 0.7187
71519 GOODS-N 1.1982 3DHST 189.165417 62.240700 1.6797 1.3561 1.6979 0.7131
71596 GOODS-N 1.0359 3DHST 189.150157 62.242224 1.0502 0.2289 1.3325 0.1361
71817 GOODS-N 0.6670 3DHST 189.123094 62.241298 1.5311 1.1344 1.0185 0.3343
71893 GOODS-N 0.9699 3DHST 189.254997 62.241894 0.9965 0.2168 0.9643 0.1133
71974 GOODS-N 0.6206 3DHST 189.210599 62.241267 1.5006 0.6290 1.8017 0.4024
71982 GOODS-N 0.6179 3DHST 189.118988 62.242178 1.6687 0.7574 1.5258 0.3143
72081 GOODS-N 0.9136 3DHST 189.184091 62.241727 0.7489 0.2236 1.0023 0.1370
72135 GOODS-N 1.1970 3DHST 189.136674 62.241815 1.1532 0.4085 1.1308 0.1961
72261 GOODS-N 0.9120 3DHST 189.167346 62.242295 1.1540 0.3870 1.1883 0.2148
72450 GOODS-N 0.9461 3DHST 189.235849 62.242897 1.1876 0.9380 1.5018 0.5073
72646 GOODS-N 1.1305 3DHST 189.149535 62.243344 1.3445 0.3502 1.4919 0.2121
72730 GOODS-N 1.1668 3DHST 189.137972 62.243688 1.2937 0.3373 1.3590 0.1883
72800 GOODS-N 0.6540 3DHST 189.195373 62.246516 0.9136 0.0535 1.2202 0.0364
72879 GOODS-N 0.9856 3DHST 189.124603 62.243023 0.1100 0.1670 0.0942 0.1514
72938 GOODS-N 0.7189 3DHST 189.133416 62.243512 1.0385 0.2378 0.9867 0.0988
73004 GOODS-N 0.6242 3DHST 189.247357 62.243317 0.9425 0.9125 0.9557 0.5168
73058 GOODS-N 0.7603 3DHST 189.124581 62.244721 1.4399 0.1195 1.3661 0.0553
73112 GOODS-N 0.6670 3DHST 189.249045 62.243562 1.1681 0.8108 1.3219 0.4407
73159 GOODS-N 1.1871 3DHST 189.137491 62.243628 0.9926 0.3089 1.0436 0.1611
73266 GOODS-N 1.1951 3DHST 189.239410 62.247546 1.1174 0.1444 1.6438 0.1035
73429 GOODS-N 1.0069 3DHST 189.147944 62.244771 1.2622 0.2619 1.2717 0.1316
73608 GOODS-N 0.8679 3DHST 189.158457 62.244720 1.2072 0.3334 1.2798 0.1806
73635 GOODS-N 0.6526 3DHST 189.216652 62.245125 1.1904 0.6981 0.7802 0.2741
73677 GOODS-N 0.7924 3DHST 189.121531 62.244582 1.6281 1.7147 2.1353 1.2538
73962 GOODS-N 0.7467 3DHST 189.150575 62.246301 1.4527 1.7683 1.6023 0.8248
73991 GOODS-N 0.8818 3DHST 189.229320 62.248160 1.0635 0.1909 1.1584 0.1129
74125 GOODS-N 1.0597 3DHST 189.170245 62.245287 1.3573 0.9476 1.4018 0.6069
74157 GOODS-N 0.8038 3DHST 189.253263 62.245445 1.0591 0.2275 1.1551 0.1079
74236 GOODS-N 0.6344 3DHST 189.110859 62.245530 1.0825 0.4546 0.6850 0.1384
74533 GOODS-N 1.1889 3DHST 189.139896 62.246029 1.9667 2.9977 1.4904 1.5586
74641 GOODS-N 0.8502 3DHST 189.174731 62.249069 1.2229 0.1221 1.4036 0.0816
74794 GOODS-N 0.6358 3DHST 189.192301 62.247729 1.1468 0.2108 1.1814 0.1062
74900 GOODS-N 0.7809 3DHST 189.156752 62.248200 1.6485 0.3793 3.8082 0.4213
74943 GOODS-N 1.0146 3DHST 189.171402 62.247696 1.0906 0.4521 1.2505 0.2619
74987 GOODS-N 0.8299 3DHST 189.240780 62.248600 1.1960 0.0871 1.5109 0.0567
75267 GOODS-N 0.8673 3DHST 189.220894 62.252423 1.1907 0.1003 1.4909 0.0608
75332 GOODS-N 0.6894 3DHST 189.243887 62.247327 0.7494 0.3862 0.9260 0.2243
75367 GOODS-N 0.9049 3DHST 189.208552 62.248338 0.9770 0.1961 1.3080 0.1057
75398 GOODS-N 1.1948 3DHST 189.161862 62.247670 1.0692 0.3782 1.7344 0.2487
75413 GOODS-N 0.9368 3DHST 189.128494 62.248214 1.3084 0.1541 1.2404 0.0698
75437 GOODS-N 0.8897 3DHST 189.219987 62.248230 1.0320 0.1242 0.9703 0.0628
75556 GOODS-N 0.8825 3DHST 189.203636 62.248798 1.0958 0.1632 1.2558 0.0993
75653 GOODS-N 0.8347 3DHST 189.160583 62.248679 1.2602 0.1529 1.4883 0.0856
75659 GOODS-N 0.9243 3DHST 189.186664 62.248714 0.8860 0.0875 1.2667 0.0588
75757 GOODS-N 1.2231 3DHST 189.224303 62.248213 0.6368 0.9694 1.2002 0.6314
75762 GOODS-N 0.8046 3DHST 189.112734 62.252615 1.4322 0.1083 1.7599 0.0569
75917 GOODS-N 1.0026 3DHST 189.206134 62.249044 1.0028 0.2104 1.0660 0.1138
75943 GOODS-N 0.6955 3DHST 189.111687 62.249965 0.9207 0.2590 1.1895 0.1732
75980 GOODS-N 1.0064 3DHST 189.156547 62.249034 1.1948 0.2841 1.2197 0.1327
76098 GOODS-N 0.8627 3DHST 189.201368 62.252073 1.2008 0.0866 1.6797 0.0655
76107 GOODS-N 0.8426 3DHST 189.192888 62.249808 1.6902 0.9431 1.2276 0.2911
76123 GOODS-N 0.7930 3DHST 189.168260 62.248753 1.3446 1.3405 1.3561 0.6049
76262 GOODS-N 0.9134 3DHST 189.223201 62.250931 0.8388 0.1960 1.3263 0.1546
76281 GOODS-N 0.8243 3DHST 189.125891 62.249360 0.8847 0.6548 1.0295 0.3627
76394 GOODS-N 0.9173 3DHST 189.243803 62.249530 1.7797 1.8035 2.3416 1.5359
76405 GOODS-N 0.7126 3DHST 189.178046 62.250802 1.3280 0.2091 1.2131 0.1044
76778 GOODS-N 0.8357 3DHST 189.170511 62.251326 1.0266 0.1574 1.2699 0.0880
76917 GOODS-N 0.9336 3DHST 189.181488 62.251585 0.8822 0.1139 1.1824 0.0676
76936 GOODS-N 0.6901 3DHST 189.166858 62.251425 1.2251 0.1680 1.4703 0.1039
77037 GOODS-N 0.8375 3DHST 189.166959 62.250629 1.3756 1.2232 1.3065 0.5053
77103 GOODS-N 0.9390 3DHST 189.258085 62.252898 1.1846 0.0917 1.1652 0.0479
77314 GOODS-N 0.8001 3DHST 189.133708 62.251715 1.0867 0.1906 1.3973 0.1246
77333 GOODS-N 1.0090 3DHST 189.161711 62.252923 1.2895 0.1623 1.6275 0.0999
77385 GOODS-N 1.0019 3DHST 189.134904 62.251888 0.9613 0.3082 1.2032 0.1692
77487 GOODS-N 1.0074 3DHST 189.158097 62.252578 1.1933 0.3646 1.5313 0.2156
77555 GOODS-N 0.6575 3DHST 189.135301 62.253679 1.1463 0.1034 1.3435 0.0575
77596 GOODS-N 0.7081 3DHST 189.187838 62.252627 0.8097 0.2391 1.0687 0.1379
77715 GOODS-N 0.9805 3DHST 189.192615 62.257590 1.1388 0.0863 1.3381 0.0493
77819 GOODS-N 0.8403 3DHST 189.174734 62.252426 1.4087 0.7936 1.3687 0.4716
77927 GOODS-N 0.8346 3DHST 189.237947 62.253144 1.2130 0.1869 1.3223 0.0867
78300 GOODS-N 0.8473 3DHST 189.225646 62.254197 1.1103 0.0842 1.0552 0.0422
78345 GOODS-N 0.9033 3DHST 189.201450 62.253779 0.8647 0.1839 1.1414 0.1294
78354 GOODS-N 0.7063 3DHST 189.258733 62.254839 0.8554 0.1232 1.3267 0.0929
78475 GOODS-N 0.8184 3DHST 189.149125 62.253905 1.3344 0.1555 1.6509 0.1060
78497 GOODS-N 0.7322 3DHST 189.120835 62.253323 2.3016 3.0203 1.4147 1.0629
78535 GOODS-N 0.8508 3DHST 189.275403 62.254605 1.0658 0.0600 1.1649 0.0356
78596 GOODS-N 0.6939 3DHST 189.242642 62.253780 1.3561 0.4414 1.3823 0.2250
78698 GOODS-N 0.9549 3DHST 189.276272 62.255026 1.1759 0.0671 1.2633 0.0358
78908 GOODS-N 0.8341 3DHST 189.114702 62.253995 1.3843 0.9920 1.2447 0.4200
79139 GOODS-N 0.7604 3DHST 189.157691 62.255014 1.8199 1.8215 1.4377 0.7007
79185 GOODS-N 0.8522 3DHST 189.165655 62.263279 1.3606 0.0853 1.6544 0.0568
79351 GOODS-N 1.1564 3DHST 189.157435 62.256407 1.1708 0.2861 1.1883 0.1423
79426 GOODS-N 0.9434 3DHST 189.217982 62.260341 1.1030 0.0990 1.6953 0.0676
79587 GOODS-N 0.8516 3DHST 189.310322 62.258285 1.4170 0.1264 1.8191 0.0892
79701 GOODS-N 0.9145 3DHST 189.243121 62.255760 0.9635 0.8977 1.3418 0.4829
79903 GOODS-N 0.6807 3DHST 189.189328 62.256443 1.1011 0.0966 1.2811 0.0516
79928 GOODS-N 0.8835 3DHST 189.181350 62.258988 0.8978 0.0845 1.1950 0.0563
79945 GOODS-N 0.7081 3DHST 189.232363 62.257827 1.0521 0.1999 1.1117 0.0906
80053 GOODS-N 0.7845 3DHST 189.151904 62.256742 1.1779 0.3370 1.2265 0.1631
80065 GOODS-N 0.9532 3DHST 189.142753 62.257052 0.7447 0.4030 1.2781 0.2780
80084 GOODS-N 0.9824 3DHST 189.341261 62.256628 1.1026 0.2066 1.2570 0.1168
80215 GOODS-N 0.6058 3DHST 189.281832 62.256527 0.9372 0.0717 0.8623 0.0320
80348 GOODS-N 0.6212 3DHST 189.161035 62.257246 1.1821 0.1614 1.2653 0.0817
80372 GOODS-N 1.1721 3DHST 189.282201 62.257136 1.1898 0.0992 1.5911 0.0727
80404 GOODS-N 0.7782 3DHST 189.153034 62.256989 0.7912 0.1740 1.0601 0.1113
80411 GOODS-N 0.8377 3DHST 189.193273 62.258074 1.3740 0.1225 1.4940 0.0688
80486 GOODS-N 0.6345 3DHST 189.126113 62.256779 2.0059 2.6644 1.4698 0.8341
80514 GOODS-N 0.9924 3DHST 189.176027 62.257480 1.3433 0.5847 1.2427 0.2892
80612 GOODS-N 0.6757 3DHST 189.127576 62.257602 0.7658 0.3112 0.7117 0.1622
80645 GOODS-N 0.6438 3DHST 189.196029 62.258362 0.7509 0.1090 1.0021 0.0743
80755 GOODS-N 1.1642 3DHST 189.336553 62.258688 1.1105 0.3305 1.3555 0.1808
80787 GOODS-N 0.8880 3DHST 189.273833 62.257412 1.0989 0.0946 1.2720 0.0528
80930 GOODS-N 0.6079 3DHST 189.274563 62.257748 0.9601 0.0860 0.8992 0.0402
80966 GOODS-N 0.9999 3DHST 189.219100 62.258107 1.0650 0.1529 1.0322 0.0760
80982 GOODS-N 0.8133 3DHST 189.247247 62.258041 1.1328 0.7631 1.6113 0.5534
80987 GOODS-N 0.7659 3DHST 189.342396 62.258581 0.8956 0.1864 1.2722 0.1299
81024 GOODS-N 0.8171 3DHST 189.170372 62.259438 1.1212 0.3111 1.8499 0.2594
81132 GOODS-N 0.8642 3DHST 189.333366 62.258060 1.1866 0.3455 1.3131 0.1579
81269 GOODS-N 0.8950 3DHST 189.332766 62.258972 1.0674 0.1484 1.1978 0.0739
81327 GOODS-N 0.8469 3DHST 189.337661 62.258186 0.8829 0.4480 0.8873 0.2334
81336 GOODS-N 0.9291 3DHST 189.343186 62.262050 1.4484 0.1400 1.6412 0.0848
81429 GOODS-N 0.9297 3DHST 189.120966 62.258716 1.1575 0.3017 1.1325 0.1553
81513 GOODS-N 0.8418 3DHST 189.232790 62.259489 1.1556 0.1911 1.4392 0.1295
81614 GOODS-N 0.9132 3DHST 189.333500 62.259252 0.9975 0.3627 1.3110 0.2283
81733 GOODS-N 0.6523 3DHST 189.135267 62.259103 2.1742 1.8288 1.7237 0.7497
81749 GOODS-N 0.8548 3DHST 189.175851 62.262638 1.1553 0.0898 1.3587 0.0454
82035 GOODS-N 0.6070 3DHST 189.185634 62.259573 1.2741 0.8920 0.6203 0.2561
82141 GOODS-N 0.9469 3DHST 189.195261 62.261281 1.4466 0.1222 1.4722 0.0586
82144 GOODS-N 0.7199 3DHST 189.122638 62.260304 0.9513 0.8961 1.1027 0.3634
82159 GOODS-N 0.7450 3DHST 189.330075 62.261103 0.8886 0.3190 1.2071 0.2262
82185 GOODS-N 0.6519 3DHST 189.231160 62.259689 1.3363 1.0643 0.8615 0.2914
82267 GOODS-N 0.9235 3DHST 189.207799 62.261628 0.9513 0.1076 1.6352 0.0863
82400 GOODS-N 0.6723 3DHST 189.183918 62.260039 1.3378 0.3879 1.1130 0.1756
82726 GOODS-N 0.8489 3DHST 189.320991 62.260827 1.0231 0.2355 1.1832 0.1307
82737 GOODS-N 1.0034 3DHST 189.157839 62.261142 1.0273 0.1215 1.1005 0.0656
82766 GOODS-N 0.7498 3DHST 189.335005 62.260588 1.2045 0.7364 1.0336 0.3128
82770 GOODS-N 1.1488 3DHST 189.146429 62.260974 1.9487 1.8737 1.0468 0.5562
82816 GOODS-N 0.7719 3DHST 189.338070 62.262313 1.3842 0.1531 1.0671 0.0606
82957 GOODS-N 0.9212 3DHST 189.329419 62.261984 1.1201 0.2446 1.3335 0.1489
82986 GOODS-N 0.9290 3DHST 189.302899 62.262840 1.1001 0.0749 1.0908 0.0388
83106 GOODS-N 0.8909 3DHST 189.145509 62.263566 1.1675 0.0904 1.3023 0.0518
83237 GOODS-N 0.9463 3DHST 189.161676 62.263124 1.4384 0.1085 1.3609 0.0477
83240 GOODS-N 0.8749 3DHST 189.311569 62.261999 1.1555 0.2304 1.2490 0.1081
83434 GOODS-N 0.8671 3DHST 189.179330 62.262564 1.4375 0.5028 1.5098 0.2818
83499 GOODS-N 0.8567 3DHST 189.197312 62.274485 1.2797 0.0790 1.3948 0.0445
83503 GOODS-N 0.8603 3DHST 189.202551 62.264620 1.3149 0.0780 1.5975 0.0518
83999 GOODS-N 0.8909 3DHST 189.327918 62.263881 1.2636 0.1941 1.2818 0.0990
84001 GOODS-N 0.9255 3DHST 189.238818 62.266877 1.7472 0.4141 1.5947 0.1707
84033 GOODS-N 0.7346 3DHST 189.190031 62.263208 0.8598 0.2431 1.3338 0.1705
84054 GOODS-N 0.9285 3DHST 189.160207 62.263112 1.2377 0.2635 1.3321 0.1472
84077 GOODS-N 0.9400 3DHST 189.308578 62.263693 1.1055 0.1173 1.0542 0.0578
84103 GOODS-N 0.6359 3DHST 189.247722 62.263806 1.2554 0.3713 1.5946 0.2255
84213 GOODS-N 0.8348 3DHST 189.309997 62.262862 0.9466 0.4016 1.1405 0.1881
84233 GOODS-N 0.9270 3DHST 189.209330 62.263071 2.2478 1.7160 1.7049 0.4899
84259 GOODS-N 0.8288 3DHST 189.131874 62.267803 1.1071 0.0606 1.3416 0.0375
84321 GOODS-N 0.6436 3DHST 189.204027 62.263223 1.0158 2.0821 0.8724 0.6538
84502 GOODS-N 0.9519 3DHST 189.169071 62.263488 0.7908 0.5209 0.9963 0.2751
84520 GOODS-N 0.8784 3DHST 189.159206 62.268062 1.3456 0.0904 1.6964 0.0574
84563 GOODS-N 0.9592 3DHST 189.123355 62.263679 0.8956 0.3300 0.9248 0.1661
84617 GOODS-N 0.8903 3DHST 189.174376 62.264850 1.2516 0.7172 1.1923 0.4004
84649 GOODS-N 0.8421 3DHST 189.167020 62.266145 1.7630 0.2275 1.7010 0.0954
84715 GOODS-N 0.7805 3DHST 189.323427 62.265232 1.2861 0.1558 1.1617 0.0649
84957 GOODS-N 0.8643 3DHST 189.316460 62.264914 1.1617 0.4326 1.4936 0.2430
84974 GOODS-N 0.8855 3DHST 189.293538 62.264946 1.0937 0.1790 1.3079 0.0960
85002 GOODS-N 0.8691 3DHST 189.162362 62.264730 1.6958 0.5057 2.0636 0.2973
85023 GOODS-N 0.8240 3DHST 189.205451 62.265009 1.1965 0.3930 1.4296 0.2020
85050 GOODS-N 0.8140 3DHST 189.156517 62.264719 0.6352 1.2597 1.0818 0.7760
85100 GOODS-N 1.0189 3DHST 189.310033 62.264763 1.2124 0.2682 1.2313 0.1299
85126 GOODS-N 0.6881 3DHST 189.256414 62.264823 4.5913 11.6572 2.4112 2.2696
85127 GOODS-N 0.7581 3DHST 189.120187 62.264991 0.5355 0.4932 1.0071 0.5480
85131 GOODS-N 0.8712 3DHST 189.234369 62.266372 1.0497 0.1837 1.0666 0.1025
85141 GOODS-N 0.6061 3DHST 189.311712 62.264690 1.0342 0.2916 1.0616 0.1443
85237 GOODS-N 1.1138 3DHST 189.342629 62.265574 0.9492 0.2249 1.0837 0.1276
85356 GOODS-N 0.8446 3DHST 189.162244 62.265993 1.3491 0.1878 1.6335 0.1000
85383 GOODS-N 0.8663 3DHST 189.279977 62.266382 1.2361 0.2505 1.3908 0.1417
85385 GOODS-N 0.8795 3DHST 189.209568 62.265647 0.5864 0.7358 1.4020 0.6464
85386 GOODS-N 0.7382 3DHST 189.148750 62.265377 1.1770 0.6205 1.2732 0.2854
85410 GOODS-N 0.7479 3DHST 189.317652 62.265229 0.8284 0.1893 0.9953 0.1110
85422 GOODS-N 0.9291 3DHST 189.282733 62.268248 1.2027 0.0805 1.3083 0.0458
85491 GOODS-N 0.8314 3DHST 189.224713 62.268616 1.0648 0.0859 1.1241 0.0483
85556 GOODS-N 0.9253 3DHST 189.180469 62.265570 1.2234 0.9035 0.9002 0.2517
85879 GOODS-N 1.1649 3DHST 189.183596 62.266385 0.9156 0.4947 1.1304 0.2835
85920 GOODS-N 0.9718 3DHST 189.250233 62.268303 1.2037 0.0934 1.3865 0.0536
86021 GOODS-N 0.9359 3DHST 189.122065 62.266461 1.4436 0.9165 1.7919 0.5425
86044 GOODS-N 0.7642 3DHST 189.251788 62.267476 1.1613 0.3610 1.3627 0.1982
86071 GOODS-N 0.8640 3DHST 189.129868 62.266672 1.5111 2.0140 1.6108 1.1965
86173 GOODS-N 0.8487 3DHST 189.153241 62.267988 1.2294 0.1165 1.6763 0.0852
86203 GOODS-N 0.8576 3DHST 189.157273 62.268766 1.3606 0.1241 1.6121 0.0735
86216 GOODS-N 0.8722 3DHST 189.122031 62.270486 1.1880 0.0723 1.3889 0.0461
86234 GOODS-N 0.9310 3DHST 189.180129 62.267792 1.1801 0.4797 1.5001 0.3891
86272 GOODS-N 0.9624 3DHST 189.243435 62.267657 1.1766 0.3377 1.3176 0.1961
86335 GOODS-N 0.6744 3DHST 189.130745 62.267325 0.8333 0.8206 1.4156 0.6264
86357 GOODS-N 0.8501 3DHST 189.161729 62.268264 1.4494 0.0998 1.7439 0.0678
86362 GOODS-N 0.9369 3DHST 189.300059 62.268051 1.2452 0.2896 1.5998 0.1725
86384 GOODS-N 0.6509 3DHST 189.266320 62.268121 0.8873 0.2438 1.1079 0.1389
86439 GOODS-N 0.9289 3DHST 189.251790 62.268030 1.2194 0.2477 1.2557 0.1266
86522 GOODS-N 0.7236 3DHST 189.323283 62.268957 1.0865 0.1030 1.1607 0.0557
86644 GOODS-N 0.8675 3DHST 189.122345 62.268071 1.6073 0.9694 1.5037 0.4220
86697 GOODS-N 0.6749 3DHST 189.312411 62.267779 0.6828 0.1342 0.8225 0.0873
86826 GOODS-N 0.9139 3DHST 189.273535 62.268368 0.8105 0.4457 1.2731 0.3169
86850 GOODS-N 0.8629 3DHST 189.250507 62.269571 1.0624 0.1893 1.1749 0.0847
86854 GOODS-N 0.9472 3DHST 189.282229 62.271106 1.2103 0.0821 1.4823 0.0503
86999 GOODS-N 0.8471 3DHST 189.303304 62.271670 1.1723 0.0778 1.2156 0.0431
87000 GOODS-N 0.9033 3DHST 189.137595 62.271215 0.9524 0.0777 1.3412 0.0545
87061 GOODS-N 0.8546 3DHST 189.121932 62.271995 1.4420 0.1216 1.6487 0.0645
87093 GOODS-N 1.1663 3DHST 189.153001 62.269226 1.8690 1.6218 1.6963 0.5734
87127 GOODS-N 0.7313 3DHST 189.277776 62.270519 1.3270 0.5083 0.9759 0.1966
87394 GOODS-N 0.7661 3DHST 189.129759 62.269070 1.4012 1.7854 1.2691 0.7668
87433 GOODS-N 0.7734 3DHST 189.187144 62.271319 1.0839 0.0992 1.2769 0.0522
87438 GOODS-N 1.2120 3DHST 189.319121 62.269596 1.0370 0.2485 1.3126 0.1823
87585 GOODS-N 0.8398 3DHST 189.179891 62.273634 1.3976 0.1186 1.8739 0.0821
87608 GOODS-N 0.8318 3DHST 189.209029 62.269430 1.0493 1.3268 0.7239 0.5218
87810 GOODS-N 0.8559 3DHST 189.139701 62.270987 1.6135 1.1792 1.2386 0.3234
87823 GOODS-N 0.9805 3DHST 189.189733 62.270464 1.2016 0.1766 1.3226 0.1065
87865 GOODS-N 0.8178 3DHST 189.125883 62.270015 1.5515 1.1196 1.7389 0.6290
88020 GOODS-N 0.8680 3DHST 189.154438 62.270859 1.0830 0.1375 1.2929 0.0750
88088 GOODS-N 0.8444 3DHST 189.217982 62.270482 0.9621 0.4692 1.1166 0.2190
88171 GOODS-N 0.7444 3DHST 189.296938 62.270893 1.0828 0.2822 1.2808 0.1582
88199 GOODS-N 0.6245 3DHST 189.253282 62.270516 0.8079 1.0697 1.1225 0.7438
88265 GOODS-N 0.8604 3DHST 189.318664 62.270724 1.1177 0.3519 1.2126 0.2155
88308 GOODS-N 0.9460 3DHST 189.246702 62.270644 2.0157 1.6493 1.2159 0.4038
88347 GOODS-N 0.7440 3DHST 189.353912 62.273490 1.1290 0.1955 1.4061 0.1106
88363 GOODS-N 1.1646 3DHST 189.359874 62.271656 0.9952 0.6612 1.1320 0.3404
88420 GOODS-N 0.7979 3DHST 189.315644 62.271606 1.3295 0.5053 1.7036 0.3699
88448 GOODS-N 0.6418 3DHST 189.330769 62.270967 1.2143 0.5993 1.4228 0.3306
88530 GOODS-N 0.9246 3DHST 189.300132 62.271827 0.9910 0.3145 2.0341 0.3216
88566 GOODS-N 0.7871 3DHST 189.172075 62.271681 0.9658 0.1212 1.7480 0.1040
88580 GOODS-N 0.9248 3DHST 189.135162 62.274397 1.1533 0.0784 1.5127 0.0549
88591 GOODS-N 0.8561 3DHST 189.326622 62.271977 0.8648 0.2092 1.1234 0.1184
88684 GOODS-N 0.9198 3DHST 189.250540 62.272672 1.1441 0.3032 1.0638 0.1543
88768 GOODS-N 0.9483 3DHST 189.334963 62.273394 1.6994 0.7776 1.9827 0.4639
88825 GOODS-N 0.9302 3DHST 189.353745 62.271892 1.3871 0.4743 1.2872 0.2192
88858 GOODS-N 0.8220 3DHST 189.176557 62.272816 1.4915 0.2225 1.3782 0.0951
88929 GOODS-N 0.9557 3DHST 189.279212 62.274477 1.4982 0.1527 1.9427 0.1070
89094 GOODS-N 0.9806 3DHST 189.145277 62.274522 1.1144 0.0893 1.2805 0.0506
89112 GOODS-N 0.8751 3DHST 189.351244 62.275530 1.1024 0.1012 1.2348 0.0488
89383 GOODS-N 1.0545 3DHST 189.294318 62.273264 1.2268 0.4114 1.3375 0.2316
89453 GOODS-N 0.9536 3DHST 189.129508 62.273472 0.8827 0.1574 1.1419 0.0907
89456 GOODS-N 0.7184 3DHST 189.229466 62.273037 -2.4175 36.4206 3.9847 22.5156
89510 GOODS-N 0.7672 3DHST 189.348309 62.272801 1.0060 0.4893 1.3502 0.3626
89573 GOODS-N 1.1242 3DHST 189.249618 62.274447 1.2477 0.1694 1.4240 0.0890
89615 GOODS-N 0.7314 3DHST 189.143892 62.274070 1.5372 0.3080 1.4895 0.1685
89655 GOODS-N 1.0973 3DHST 189.271113 62.274348 1.0578 0.1544 1.1673 0.0876
89683 GOODS-N 0.6453 3DHST 189.309568 62.273093 0.8538 0.2876 0.9584 0.1400
89725 GOODS-N 0.9503 3DHST 189.343108 62.273685 0.9885 0.1867 0.9257 0.1061
89767 GOODS-N 0.8839 3DHST 189.250397 62.273988 1.2127 0.3236 1.2966 0.1489
89790 GOODS-N 0.8523 3DHST 189.151472 62.273922 1.3229 0.1652 1.4419 0.0997
89827 GOODS-N 0.8270 3DHST 189.147172 62.274108 1.0561 0.2670 1.3856 0.1693
89845 GOODS-N 0.9207 3DHST 189.335839 62.274894 1.1276 0.0790 1.1235 0.0418
89860 GOODS-N 0.6716 3DHST 189.353634 62.273826 1.3978 0.3293 1.2397 0.1445
89877 GOODS-N 1.0586 3DHST 189.283422 62.273766 1.0803 0.5650 1.0533 0.3618
89993 GOODS-N 0.9156 3DHST 189.179370 62.275523 1.4585 0.1346 1.4121 0.0592
90023 GOODS-N 0.8258 3DHST 189.260194 62.274308 0.8313 0.4024 0.7384 0.1505
90064 GOODS-N 0.7888 3DHST 189.170568 62.274510 0.9110 0.2461 1.3307 0.1789
90082 GOODS-N 0.7141 3DHST 189.169913 62.274503 1.0629 0.1183 1.2060 0.0691
90093 GOODS-N 0.7316 3DHST 189.262091 62.274908 1.2426 0.2412 1.1643 0.1133
90095 GOODS-N 0.8404 3DHST 189.185824 62.274127 1.5209 0.6372 1.9561 0.4367
90142 GOODS-N 1.1345 3DHST 189.280668 62.278415 1.3780 0.2736 1.7244 0.1493
90143 GOODS-N 1.0140 3DHST 189.329548 62.274960 1.8542 2.1153 1.6056 1.0366
90145 GOODS-N 0.8451 3DHST 189.211003 62.274724 0.9573 0.1228 0.9773 0.0559
90180 GOODS-N 0.7134 3DHST 189.259828 62.275275 1.0065 0.1828 1.0456 0.0913
90190 GOODS-N 1.1635 3DHST 189.258700 62.275426 0.9258 0.1401 1.1648 0.0937
90194 GOODS-N 0.7055 3DHST 189.287363 62.275008 0.7910 0.1601 0.9805 0.0968
90364 GOODS-N 0.8105 3DHST 189.200138 62.275581 1.0458 0.2737 1.0759 0.1571
90491 GOODS-N 0.9124 3DHST 189.340983 62.276233 1.0794 0.2113 0.9931 0.1131
90495 GOODS-N 0.7424 3DHST 189.347587 62.274806 1.6936 1.1562 1.1425 0.4763
90536 GOODS-N 1.0027 3DHST 189.242061 62.277510 1.3858 0.1108 1.7822 0.0697
90557 GOODS-N 0.8388 3DHST 189.314376 62.275709 1.0633 0.0774 1.2957 0.0489
90907 GOODS-N 0.6156 3DHST 189.187457 62.275529 1.5625 2.1349 1.3384 0.5670
90919 GOODS-N 0.8374 3DHST 189.237401 62.278230 1.3482 0.5696 1.2002 0.2748
91148 GOODS-N 0.8394 3DHST 189.167207 62.276870 1.1854 0.1369 1.5642 0.1051
91367 GOODS-N 0.9423 3DHST 189.173943 62.276348 0.9031 0.3554 1.1719 0.2303
91474 GOODS-N 1.1767 3DHST 189.285094 62.277525 0.9894 0.2944 1.2443 0.1714
91525 GOODS-N 0.6792 3DHST 189.263360 62.277861 1.1775 0.3403 1.5464 0.2014
91558 GOODS-N 0.8911 3DHST 189.325164 62.276652 0.5810 0.4561 1.0203 0.3518
91587 GOODS-N 0.7238 3DHST 189.303623 62.276463 0.6624 0.7564 1.5595 0.7146
91612 GOODS-N 1.1915 3DHST 189.298341 62.277908 1.1140 0.1414 1.2098 0.0871
91724 GOODS-N 1.0025 3DHST 189.338397 62.278201 1.1782 0.7749 1.0818 0.4074
91792 GOODS-N 0.8209 3DHST 189.153463 62.278549 1.0512 0.1663 1.1961 0.1021
91800 GOODS-N 0.9698 3DHST 189.226211 62.281970 1.2358 0.0975 1.4253 0.0601
91947 GOODS-N 0.8416 3DHST 189.168573 62.278265 1.0788 0.1553 1.1783 0.0901
91949 GOODS-N 0.9869 3DHST 189.206002 62.286656 1.2957 0.0713 1.3909 0.0375
92108 GOODS-N 1.1625 3DHST 189.359789 62.279739 1.1994 0.1511 1.2609 0.0909
92175 GOODS-N 0.7449 3DHST 189.216896 62.279418 0.7768 0.8228 0.4383 0.3970
92203 GOODS-N 0.7909 3DHST 189.259588 62.278171 1.5846 0.3020 1.3178 0.1238
92233 GOODS-N 0.8768 3DHST 189.180716 62.278367 1.1588 0.1839 1.3797 0.1201
92276 GOODS-N 0.8855 3DHST 189.269839 62.278327 1.1819 0.1810 1.4243 0.0915
92316 GOODS-N 0.9463 3DHST 189.330950 62.280186 1.1599 0.2643 1.1848 0.1385
92378 GOODS-N 0.9633 3DHST 189.180581 62.281280 0.9443 0.0877 1.4126 0.0568
92450 GOODS-N 1.0618 3DHST 189.337579 62.278406 1.2279 0.4835 1.0448 0.2377
92467 GOODS-N 0.7640 3DHST 189.260343 62.279218 0.9595 0.1300 1.1238 0.0728
92475 GOODS-N 0.8408 3DHST 189.230139 62.278441 0.8502 0.6720 1.1274 0.5476
92509 GOODS-N 1.0379 3DHST 189.168143 62.279760 1.1407 0.4414 1.2377 0.2593
92535 GOODS-N 0.8286 3DHST 189.176764 62.279170 1.2069 0.0920 1.3558 0.0554
92570 GOODS-N 0.7234 3DHST 189.263825 62.279586 1.0913 0.0862 1.1616 0.0456
92603 GOODS-N 0.6102 3DHST 189.313573 62.279712 0.8783 0.1925 0.8647 0.0930
92989 GOODS-N 0.6270 3DHST 189.288803 62.279596 1.0084 1.4907 1.1771 0.6162
93156 GOODS-N 0.6503 3DHST 189.278632 62.283928 0.9762 0.0543 1.1205 0.0286
93196 GOODS-N 0.9693 3DHST 189.247702 62.281113 1.5121 0.7056 1.3409 0.3456
93239 GOODS-N 0.8363 3DHST 189.343607 62.280933 0.9467 0.1061 1.2160 0.0618
93328 GOODS-N 1.1231 3DHST 189.303891 62.280265 0.9331 0.2847 1.2481 0.1623
93338 GOODS-N 0.9975 3DHST 189.385971 62.280089 1.2303 0.1087 1.4162 0.0615
93364 GOODS-N 1.0008 3DHST 189.384157 62.282941 1.2071 0.0752 1.4191 0.0436
93405 GOODS-N 0.7294 3DHST 189.170383 62.280492 0.9898 0.2526 1.1690 0.1227
93472 GOODS-N 0.8813 3DHST 189.152181 62.281104 0.9222 0.2938 1.2143 0.2153
93508 GOODS-N 0.6611 3DHST 189.318732 62.288729 0.8453 0.0469 1.4420 0.0382
93516 GOODS-N 0.8640 3DHST 189.230105 62.280319 1.1884 0.4805 1.4000 0.2544
93602 GOODS-N 0.9427 3DHST 189.167298 62.282149 1.3794 0.0853 1.6697 0.0523
93646 GOODS-N 0.9235 3DHST 189.289029 62.281610 0.6248 0.8742 0.6049 0.4615
93761 GOODS-N 1.1309 3DHST 189.232604 62.282118 1.1806 0.2292 1.4458 0.1544
93806 GOODS-N 1.1363 3DHST 189.338759 62.284589 1.3165 0.3170 1.3985 0.1624
93907 GOODS-N 0.9555 3DHST 189.261660 62.282144 1.2377 0.1079 1.6205 0.0735
93968 GOODS-N 0.7863 3DHST 189.161900 62.281338 0.6829 0.3231 1.0691 0.2724
93976 GOODS-N 0.8392 3DHST 189.155884 62.281643 1.3051 0.3279 1.6398 0.2416
94016 GOODS-N 0.9409 3DHST 189.379982 62.281847 1.0805 0.1878 1.1502 0.1057
94085 GOODS-N 1.0299 3DHST 189.299922 62.283150 1.1811 0.0873 1.3657 0.0527
94097 GOODS-N 0.7483 3DHST 189.220391 62.281966 0.8481 0.1323 1.1676 0.0863
94117 GOODS-N 1.1160 3DHST 189.304711 62.281773 1.2478 0.2794 1.3719 0.1421
94177 GOODS-N 1.0125 3DHST 189.153442 62.282258 1.0569 0.1772 1.2037 0.1022
94183 GOODS-N 0.8405 3DHST 189.231191 62.282238 1.5368 1.1583 1.3800 0.6037
94231 GOODS-N 0.9683 3DHST 189.379590 62.287426 1.1721 0.0897 1.2447 0.0495
94262 GOODS-N 0.8698 3DHST 189.174482 62.282598 1.1641 0.1245 1.2528 0.0737
94524 GOODS-N 0.9174 3DHST 189.237218 62.283264 0.9451 0.1866 1.1380 0.1141
94553 GOODS-N 0.9844 3DHST 189.355261 62.283061 1.7386 2.0024 1.2555 0.6124
94716 GOODS-N 0.6679 3DHST 189.276157 62.282801 0.8745 0.6270 1.2236 0.3849
94812 GOODS-N 0.6565 3DHST 189.161451 62.285139 1.1119 0.0760 1.2650 0.0423
94821 GOODS-N 0.7446 3DHST 189.336966 62.285189 1.0054 0.0927 1.1054 0.0475
94851 GOODS-N 0.9167 3DHST 189.214895 62.283940 1.3533 0.2616 1.4054 0.1319
94908 GOODS-N 1.1770 3DHST 189.157907 62.283983 1.0183 0.4580 1.2791 0.2320
95002 GOODS-N 0.8960 3DHST 189.409748 62.288231 1.7995 0.2251 1.9784 0.1147
95017 GOODS-N 0.8215 3DHST 189.239635 62.285011 4.8228 3.5075 6.0457 2.2931
95024 GOODS-N 0.7806 3DHST 189.359009 62.285243 1.4497 0.1538 1.2678 0.0657
95077 GOODS-N 1.0846 3DHST 189.381279 62.284197 1.2033 0.1389 1.5417 0.0849
95122 GOODS-N 1.1877 3DHST 189.352561 62.283880 1.1517 0.5061 1.2339 0.2556
95155 GOODS-N 0.8016 3DHST 189.380538 62.284374 1.2746 0.1433 1.0456 0.0583
95258 GOODS-N 0.6021 3DHST 189.360790 62.287091 1.2765 0.0929 1.5953 0.0584
95263 GOODS-N 0.8622 3DHST 189.158701 62.284471 1.3898 0.5996 1.2424 0.2526
95267 GOODS-N 0.9178 3DHST 189.346518 62.284275 0.9616 0.4519 0.9818 0.2654
95340 GOODS-N 0.9132 3DHST 189.220060 62.284831 1.0228 0.3011 1.4785 0.2226
95351 GOODS-N 0.8926 3DHST 189.378162 62.284246 1.2324 0.2562 1.3823 0.1581
95449 GOODS-N 0.9376 3DHST 189.328883 62.287190 1.0798 0.1556 1.1414 0.0880
95506 GOODS-N 0.8700 3DHST 189.154633 62.284906 1.0747 0.3313 1.2596 0.2016
95785 GOODS-N 1.1431 3DHST 189.371579 62.285607 1.1244 0.2659 1.4037 0.1690
95795 GOODS-N 0.7849 3DHST 189.178168 62.286051 1.1949 0.6517 1.6745 0.4262
95898 GOODS-N 0.7736 3DHST 189.331011 62.284972 0.8864 0.4079 1.0850 0.2203
95911 GOODS-N 1.2042 3DHST 189.350223 62.285752 1.0470 0.2228 1.4904 0.1596
95918 GOODS-N 0.6547 3DHST 189.375493 62.285144 0.8215 0.4441 0.9007 0.2395
96098 GOODS-N 0.8680 3DHST 189.393959 62.289808 1.1634 0.0691 1.3468 0.0389
96114 GOODS-N 1.0822 3DHST 189.369133 62.286255 1.5536 0.4017 1.2641 0.1733
96167 GOODS-N 0.6398 3DHST 189.373610 62.286844 1.0250 0.2102 1.0300 0.1048
96218 GOODS-N 0.6653 3DHST 189.169649 62.285956 0.8328 0.4455 1.0556 0.2589
96323 GOODS-N 0.7310 3DHST 189.377157 62.286636 1.1362 0.2910 1.0027 0.1195
96405 GOODS-N 1.1116 3DHST 189.256443 62.286546 1.5471 0.8291 1.3128 0.4809
96423 GOODS-N 0.7803 3DHST 189.364363 62.287230 1.3910 0.1467 1.1997 0.0622
96426 GOODS-N 0.6419 3DHST 189.383138 62.286177 1.3118 0.3005 1.0597 0.1240
96449 GOODS-N 1.0941 3DHST 189.348012 62.285802 1.6940 1.4437 2.1472 0.9179
96475 GOODS-N 0.8824 3DHST 189.357471 62.287353 1.0526 0.0894 1.2359 0.0586
96483 GOODS-N 1.1336 3DHST 189.359619 62.288454 1.6619 0.9277 1.3772 0.2908
96517 GOODS-N 0.8948 3DHST 189.245467 62.287265 1.3027 0.2082 1.9624 0.1273
96562 GOODS-N 0.9771 3DHST 189.178112 62.286684 1.3479 0.8511 1.4098 0.3748
96573 GOODS-N 0.6005 3DHST 189.371213 62.286426 0.8607 0.7104 0.6527 0.2878
96650 GOODS-N 0.8498 3DHST 189.194623 62.287764 1.2275 0.2400 1.1987 0.1327
96777 GOODS-N 0.9869 3DHST 189.377310 62.296773 1.3341 0.0725 1.5154 0.0412
97056 GOODS-N 1.1345 3DHST 189.401540 62.289845 1.3766 0.2743 1.6211 0.1361
97070 GOODS-N 0.8377 3DHST 189.230811 62.288324 1.2752 0.1796 1.4316 0.0985
97087 GOODS-N 0.8598 3DHST 189.168854 62.287954 1.0682 0.2958 1.3048 0.1959
97136 GOODS-N 0.6216 3DHST 189.257088 62.287855 1.1509 0.2067 1.5393 0.1253
97147 GOODS-N 0.7199 3DHST 189.400065 62.290546 1.2269 0.0953 1.5273 0.0525
97191 GOODS-N 0.6195 3DHST 189.171482 62.287758 0.6387 0.5521 1.2094 0.4620
97257 GOODS-N 1.0808 3DHST 189.380071 62.287933 1.1108 0.2704 1.4524 0.1795
97315 GOODS-N 1.1945 3DHST 189.228602 62.289120 0.9844 0.1872 1.5127 0.1442
97468 GOODS-N 0.9148 3DHST 189.198122 62.288333 0.8010 0.7133 1.2010 0.4270
97550 GOODS-N 1.0688 3DHST 189.357177 62.288605 0.8219 0.2019 1.3313 0.1668
97566 GOODS-N 0.9663 3DHST 189.364402 62.288418 1.1406 0.4695 1.5778 0.3283
97645 GOODS-N 0.9009 3DHST 189.388968 62.288892 0.9750 0.4186 0.9178 0.8232
97695 GOODS-N 0.7885 3DHST 189.256721 62.288649 1.2085 0.6826 1.2644 0.4324
97778 GOODS-N 0.6302 3DHST 189.339860 62.288682 0.6232 1.0597 3.9248 1.4609
97879 GOODS-N 0.8583 3DHST 189.398053 62.301465 1.1989 0.0784 1.3753 0.0442
97904 GOODS-N 0.6548 3DHST 189.300023 62.290841 0.8571 0.0556 1.0434 0.0339
98020 GOODS-N 0.8066 3DHST 189.159233 62.289661 0.7850 0.2538 0.9804 0.1421
98033 GOODS-N 0.6733 3DHST 189.225988 62.289556 1.7361 1.4654 1.6035 0.6869
98131 GOODS-N 0.6674 3DHST 189.254233 62.291574 1.2951 0.0890 1.6706 0.0570
98209 GOODS-N 0.7315 3DHST 189.319484 62.292583 1.3780 0.1254 1.3275 0.0624
98353 GOODS-N 0.9289 3DHST 189.190019 62.291874 0.9312 0.2125 0.9344 0.1138
98420 GOODS-N 1.1294 3DHST 189.330009 62.291136 0.9886 0.2009 1.2267 0.1280
98749 GOODS-N 1.1091 3DHST 189.415114 62.297353 1.0665 0.0656 1.1570 0.0352
98970 GOODS-N 0.6756 3DHST 189.257024 62.291571 0.8093 0.2244 0.9417 0.1549
98984 GOODS-N 1.0070 3DHST 189.317509 62.291810 0.9882 0.1282 1.1222 0.0763
98997 GOODS-N 0.9892 3DHST 189.363747 62.293080 1.1780 0.1393 1.4022 0.0844
99354 GOODS-N 0.9243 3DHST 189.248848 62.292042 1.0264 0.1863 1.7333 0.1521
99452 GOODS-N 0.6483 3DHST 189.249503 62.293273 1.0950 0.0724 1.2053 0.0389
99579 GOODS-N 1.1528 3DHST 189.277841 62.293851 1.0799 0.1173 1.1636 0.0735
99633 GOODS-N 0.9787 3DHST 189.299196 62.293301 1.5106 0.2233 1.6366 0.1242
99673 GOODS-N 0.9115 3DHST 189.190261 62.292100 1.0954 0.6686 1.0348 0.3339
100435 GOODS-N 0.9849 3DHST 189.347847 62.293610 1.8544 1.3667 2.0438 0.6610
100774 GOODS-N 0.6444 3DHST 189.253050 62.295094 0.8379 0.0739 1.4177 0.0719
100776 GOODS-N 0.8295 3DHST 189.327683 62.294091 0.9185 0.5314 1.0301 0.3346
101060 GOODS-N 0.7794 3DHST 189.346363 62.294868 1.1260 0.5763 0.8957 0.2529
101185 GOODS-N 0.7602 3DHST 189.387203 62.295244 1.2586 0.1960 1.0237 0.0773
101272 GOODS-N 0.7569 3DHST 189.249267 62.294948 1.2367 0.5058 1.5017 0.3294
101520 GOODS-N 0.7358 3DHST 189.405230 62.295265 0.1323 0.0368 0.0582 0.1604
101785 GOODS-N 0.9604 3DHST 189.260380 62.297084 1.1797 0.0952 1.3313 0.0546
101985 GOODS-N 0.6375 3DHST 189.292914 62.297414 1.1523 0.4372 1.5457 0.2960
102103 GOODS-N 0.6128 3DHST 189.251579 62.296844 1.2162 0.2195 1.2907 0.1228
102134 GOODS-N 1.1487 3DHST 189.368541 62.298175 1.3264 0.5523 1.4022 0.3071
102160 GOODS-N 0.8840 3DHST 189.319077 62.296825 0.7314 0.3877 1.1378 0.2369
102314 GOODS-N 0.8206 3DHST 189.272420 62.297977 1.3200 0.3836 1.3487 0.2069
102530 GOODS-N 0.9544 3DHST 189.364284 62.297141 0.9939 0.3195 1.1668 0.1903
102600 GOODS-N 1.1818 3DHST 189.300638 62.298343 1.2279 0.1362 1.5131 0.0919
102683 GOODS-N 0.9499 3DHST 189.280425 62.298507 1.1013 0.2875 1.1568 0.1514
102719 GOODS-N 0.6336 3DHST 189.314157 62.297465 1.0027 0.2211 1.0584 0.1188
102886 GOODS-N 0.6167 3DHST 189.267768 62.300502 1.3456 0.3998 1.4226 0.2017
102913 GOODS-N 0.8787 3DHST 189.388133 62.298100 1.1062 0.6014 1.3331 0.3785
103084 GOODS-N 0.8969 3DHST 189.242278 62.299274 1.0094 0.1161 1.0664 0.0567
103094 GOODS-N 0.9138 3DHST 189.321552 62.301278 0.8674 0.0962 1.3846 0.0695
103139 GOODS-N 0.8772 3DHST 189.244737 62.299235 1.1157 0.0995 1.3738 0.0597
103192 GOODS-N 0.9079 3DHST 189.323615 62.298657 1.0305 0.2944 1.2810 0.1940
103350 GOODS-N 0.7477 3DHST 189.427049 62.298856 1.0055 0.2786 1.2487 0.1648
104023 GOODS-N 0.7380 3DHST 189.385514 62.299832 0.7803 0.4363 1.0893 0.2702
104177 GOODS-N 0.9847 3DHST 189.280067 62.300554 1.1405 0.6363 1.0667 0.2925
104213 GOODS-N 0.9074 3DHST 189.325658 62.299935 1.3890 0.6495 3.5061 0.5850
104306 GOODS-N 1.1623 3DHST 189.351285 62.301146 1.1571 0.2405 1.2397 0.1567
104408 GOODS-N 0.9606 3DHST 189.377760 62.301269 1.1376 0.2098 1.2828 0.1213
104616 GOODS-N 1.0227 3DHST 189.419148 62.302836 1.3785 0.1555 1.0989 0.0647
104633 GOODS-N 0.7998 3DHST 189.259173 62.305299 1.0618 0.1293 1.1206 0.0751
104779 GOODS-N 0.9296 3DHST 189.239744 62.301037 1.2484 0.2998 1.2197 0.1612
104879 GOODS-N 1.1081 3DHST 189.354800 62.301078 1.1646 0.5592 1.6768 0.4077
105048 GOODS-N 0.7963 3DHST 189.277166 62.305090 0.9372 0.1075 1.5345 0.0787
105095 GOODS-N 0.9196 3DHST 189.245545 62.302763 1.1196 0.1243 1.0838 0.0626
105303 GOODS-N 1.0872 3DHST 189.391863 62.301594 1.2814 0.1559 1.5595 0.0943
105455 GOODS-N 0.7312 3DHST 189.260316 62.305642 1.5393 0.1369 1.5212 0.0663
105461 GOODS-N 0.6427 3DHST 189.349878 62.302131 1.3146 0.3736 1.0411 0.1689
105674 GOODS-N 0.6561 3DHST 189.283426 62.302317 0.7092 0.7500 1.0780 0.4468
105709 GOODS-N 1.0527 3DHST 189.305622 62.304234 1.4521 0.1977 1.3137 0.0944
105729 GOODS-N 1.1808 3DHST 189.286372 62.303503 1.1731 0.2634 1.4204 0.1767
105902 GOODS-N 0.7448 3DHST 189.293019 62.303436 0.7487 0.0689 0.9823 0.0406
106177 GOODS-N 0.8764 3DHST 189.249957 62.306772 0.9960 0.2976 1.2118 0.1781
106183 GOODS-N 1.0084 3DHST 189.344090 62.303468 1.6216 0.9899 1.3724 0.4261
106256 GOODS-N 1.0195 3DHST 189.348861 62.303847 0.8788 0.2078 1.0421 0.1279
106613 GOODS-N 0.9258 3DHST 189.274167 62.304796 1.3682 0.2068 1.2578 0.0837
106694 GOODS-N 0.6366 3DHST 189.325365 62.303858 0.8677 0.2044 0.8906 0.1106
106705 GOODS-N 0.9850 3DHST 189.250957 62.304403 0.7927 0.2418 1.1125 0.1835
106980 GOODS-N 0.9404 3DHST 189.280330 62.305706 1.1496 0.4805 1.3976 0.2808
107010 GOODS-N 0.9406 3DHST 189.255209 62.306395 1.0204 0.0781 1.0166 0.0430
107021 GOODS-N 0.8782 3DHST 189.272758 62.306790 1.2878 0.2249 1.6202 0.1443
107056 GOODS-N 0.9056 3DHST 189.415809 62.305260 1.3360 0.3566 1.2522 0.1576
107085 GOODS-N 0.9318 3DHST 189.281728 62.304825 1.2691 0.3988 1.0019 0.1811
107152 GOODS-N 0.9918 3DHST 189.379063 62.305686 1.1916 0.1058 1.3235 0.0593
107198 GOODS-N 1.1417 3DHST 189.332885 62.305186 1.6304 1.1467 1.5694 0.5967
107263 GOODS-N 0.8331 3DHST 189.320124 62.306652 1.1811 0.1511 1.3774 0.0784
107388 GOODS-N 0.9477 3DHST 189.429264 62.316873 1.1398 0.0641 1.5435 0.0427
107452 GOODS-N 0.6323 3DHST 189.302530 62.307900 1.5035 0.5602 1.2503 0.2293
107654 GOODS-N 1.1356 3DHST 189.318580 62.306907 0.9981 0.2426 1.2610 0.1335
107999 GOODS-N 0.9056 3DHST 189.325159 62.306307 1.2184 0.2853 1.0998 0.1391
108010 GOODS-N 0.7503 3DHST 189.302426 62.306113 1.2840 0.5009 1.0559 0.1890
108096 GOODS-N 1.2005 3DHST 189.269125 62.307216 0.8679 0.1143 0.7785 0.0628
108279 GOODS-N 0.8534 3DHST 189.382191 62.307138 1.0749 0.0984 1.1571 0.0484
108321 GOODS-N 0.8843 3DHST 189.358436 62.307488 0.9418 0.2427 1.1462 0.1196
108448 GOODS-N 1.1505 3DHST 189.379386 62.308392 1.1178 0.0889 1.3009 0.0562
108516 GOODS-N 1.1664 3DHST 189.260976 62.307144 1.4949 0.5383 1.4350 0.2468
108529 GOODS-N 1.2291 3DHST 189.357040 62.307618 1.8138 0.9053 1.6503 0.4080
108557 GOODS-N 0.8549 3DHST 189.299471 62.307506 1.1718 0.5484 1.4646 0.3376
108651 GOODS-N 0.7162 3DHST 189.286445 62.307321 0.8260 0.5506 1.2843 0.3855
108721 GOODS-N 0.8189 3DHST 189.325772 62.307726 1.2748 0.2729 1.4010 0.1636
108760 GOODS-N 0.8676 3DHST 189.404850 62.307403 0.9184 0.3133 1.0432 0.1952
108774 GOODS-N 0.8329 3DHST 189.394344 62.307670 1.1244 0.9386 1.0035 0.4165
108799 GOODS-N 1.0086 3DHST 189.380887 62.307329 1.2102 0.1535 1.4792 0.0903
108871 GOODS-N 1.0615 3DHST 189.354454 62.308086 1.2039 0.6656 0.9938 0.3218
108928 GOODS-N 0.9045 3DHST 189.409282 62.307928 1.0960 0.6235 1.6806 0.3907
109125 GOODS-N 1.2188 3DHST 189.405303 62.308229 1.1003 0.5222 0.9129 0.2690
109225 GOODS-N 1.2069 3DHST 189.285301 62.308916 1.4610 0.7689 1.5302 0.3467
109561 GOODS-N 0.6470 3DHST 189.283580 62.308539 1.2243 0.5928 1.3771 0.3160
109592 GOODS-N 0.8293 3DHST 189.356213 62.313886 1.2051 0.0675 1.4946 0.0431
109801 GOODS-N 0.8246 3DHST 189.289007 62.309933 1.1390 0.1466 1.3108 0.0704
109851 GOODS-N 0.8532 3DHST 189.271150 62.312059 1.2616 0.1961 1.3213 0.0901
109867 GOODS-N 0.6006 3DHST 189.350040 62.309070 0.9214 0.1299 0.8576 0.0578
109990 GOODS-N 0.8108 3DHST 189.418674 62.309620 1.7637 0.5331 1.3599 0.1821
110097 GOODS-N 1.1375 3DHST 189.272269 62.309788 1.6152 1.5070 2.0855 1.0902
110145 GOODS-N 1.0203 3DHST 189.347170 62.310208 1.2179 0.1956 1.4108 0.1097
110223 GOODS-N 0.7205 3DHST 189.312857 62.310475 1.0999 0.3795 1.9913 0.2367
110268 GOODS-N 1.1745 3DHST 189.433686 62.310178 1.1529 0.2826 1.3115 0.1547
110367 GOODS-N 1.1139 3DHST 189.264167 62.310203 1.1861 0.2378 1.3698 0.1308
110403 GOODS-N 0.9490 3DHST 189.387876 62.310047 1.0057 0.3012 1.0074 0.1830
110489 GOODS-N 0.8800 3DHST 189.346441 62.310719 1.1291 0.0989 1.1275 0.0519
110595 GOODS-N 0.9246 3DHST 189.373632 62.310245 1.1341 0.7125 1.7524 0.6396
110629 GOODS-N 0.7455 3DHST 189.422317 62.310483 1.0399 0.3307 1.6802 0.2832
110688 GOODS-N 0.8839 3DHST 189.320459 62.311466 1.1676 0.2437 1.2983 0.1150
110708 GOODS-N 0.9841 3DHST 189.292204 62.310612 0.8771 0.3716 1.3119 0.2922
110727 GOODS-N 1.0501 3DHST 189.382732 62.311504 0.9158 0.1197 0.9347 0.0636
110814 GOODS-N 0.6105 3DHST 189.278136 62.312874 1.4194 0.4214 1.4879 0.2225
111096 GOODS-N 1.0237 3DHST 189.402014 62.311500 1.1798 0.3036 1.2796 0.1683
111351 GOODS-N 0.8008 3DHST 189.288995 62.311565 1.3466 0.6335 1.2835 0.2435
111648 GOODS-N 1.2113 3DHST 189.353802 62.312340 1.1225 0.1759 1.1266 0.1037
112002 GOODS-N 1.1910 3DHST 189.273162 62.313660 1.1295 0.1265 1.3312 0.0835
112100 GOODS-N 0.6715 3DHST 189.398654 62.313032 1.3330 0.1567 1.2008 0.0681
112181 GOODS-N 0.9265 3DHST 189.341787 62.313942 1.2999 0.2203 1.2872 0.1121
112235 GOODS-N 1.1883 3DHST 189.306559 62.313441 0.9938 0.5664 0.9988 0.3164
112339 GOODS-N 1.1575 3DHST 189.273057 62.314237 1.0560 0.2173 1.1421 0.1185
112383 GOODS-N 0.6166 3DHST 189.351594 62.313706 1.2172 0.1800 1.2774 0.1018
112443 GOODS-N 0.6180 3DHST 189.266951 62.313581 -1.6993 1.0252 -1.8573 0.2733
112486 GOODS-N 0.8059 3DHST 189.323643 62.314013 0.8262 0.1146 1.0984 0.0749
112509 GOODS-N 0.9551 3DHST 189.418455 62.314892 1.2335 0.1531 1.5062 0.1010
112683 GOODS-N 0.6001 3DHST 189.443930 62.315532 1.2203 0.2523 1.3553 0.1361
113070 GOODS-N 1.1575 3DHST 189.330301 62.315459 0.9574 0.2603 0.9548 0.1345
113595 GOODS-N 0.6145 3DHST 189.346977 62.314906 0.8456 0.2559 0.7384 0.1044
113696 GOODS-N 0.7345 3DHST 189.337136 62.317026 1.2030 0.2268 1.3081 0.1214
113700 GOODS-N 1.0851 3DHST 189.405541 62.315743 1.1714 0.2731 1.4301 0.1592
113792 GOODS-N 0.7789 3DHST 189.339681 62.315578 1.0640 0.2267 1.0330 0.1159
113801 GOODS-N 0.7874 3DHST 189.348160 62.315765 1.4615 1.2925 1.1527 0.5264
113845 GOODS-N 1.1220 3DHST 189.415137 62.315994 1.2645 0.5208 1.3705 0.3517
114275 GOODS-N 0.9529 3DHST 189.317003 62.316902 1.2533 0.1266 1.3089 0.0665
114341 GOODS-N 0.7361 3DHST 189.322355 62.316200 2.3317 3.6923 1.2410 0.7361
114542 GOODS-N 0.9193 3DHST 189.408896 62.316588 0.7723 0.7619 1.0892 0.4874
114628 GOODS-N 0.8197 3DHST 189.397163 62.321637 1.2396 0.0734 1.5377 0.0467
115421 GOODS-N 0.7809 3DHST 189.308617 62.318110 1.5330 0.2361 2.7105 0.3209
115437 GOODS-N 1.0961 3DHST 189.437683 62.318165 1.7047 1.0739 1.9140 0.5252
115636 GOODS-N 0.9488 3DHST 189.331296 62.319284 1.1815 0.3091 1.1528 0.1590
115830 GOODS-N 0.8690 3DHST 189.293330 62.318528 0.8409 0.3683 1.0213 0.2353
116341 GOODS-N 1.2092 3DHST 189.311823 62.320257 1.8003 0.1904 1.7736 0.0940
116527 GOODS-N 0.8436 3DHST 189.360785 62.319904 0.9464 0.2885 1.1232 0.1431
116636 GOODS-N 1.1764 3DHST 189.309528 62.320093 1.1533 0.2483 1.3020 0.1401
116759 GOODS-N 0.8997 3DHST 189.307061 62.321347 0.7676 0.2729 0.7732 0.1634
117087 GOODS-N 0.8898 3DHST 189.441919 62.321199 1.2708 0.3823 1.2398 0.2087
117153 GOODS-N 0.8824 3DHST 189.376298 62.321320 1.0655 0.1471 1.1774 0.0916
117368 GOODS-N 0.8733 3DHST 189.339452 62.321199 0.9662 0.1718 1.0320 0.0786
117385 GOODS-N 1.2085 3DHST 189.315519 62.321239 1.3638 0.2644 1.1130 0.1183
117609 GOODS-N 0.6045 3DHST 189.332829 62.322087 1.0446 0.1879 1.1370 0.1013
117715 GOODS-N 0.9910 3DHST 189.400004 62.322069 1.0923 0.2156 1.2874 0.1229
117825 GOODS-N 0.6260 3DHST 189.395781 62.323567 1.1460 0.0791 1.2777 0.0434
117828 GOODS-N 1.1502 3DHST 189.295843 62.324542 1.2388 0.1051 1.4843 0.0681
118148 GOODS-N 0.9087 3DHST 189.387321 62.323195 1.0701 0.1212 1.1580 0.0651
118236 GOODS-N 0.7293 3DHST 189.329354 62.322607 1.5043 0.6893 1.3666 0.2895
118250 GOODS-N 0.9130 3DHST 189.345063 62.323658 0.9856 0.2919 1.2499 0.1814
118361 GOODS-N 0.7602 3DHST 189.283051 62.323117 1.3299 0.4279 1.3125 0.2004
118615 GOODS-N 0.9106 3DHST 189.309184 62.323700 1.0481 0.2558 1.0835 0.1468
118642 GOODS-N 0.8929 3DHST 189.335281 62.325305 1.1243 0.1024 1.2683 0.0620
118719 GOODS-N 1.2089 3DHST 189.404761 62.324105 1.2723 0.4946 1.2378 0.2333
118864 GOODS-N 1.2111 3DHST 189.384842 62.326115 1.2302 0.5841 1.2955 0.3695
119284 GOODS-N 0.6929 3DHST 189.436315 62.327331 1.9254 1.2462 1.7930 0.5226
119345 GOODS-N 0.7861 3DHST 189.345189 62.326802 0.8545 0.0784 1.1400 0.0496
119616 GOODS-N 1.0252 3DHST 189.363144 62.327969 1.2495 0.2828 1.2597 0.1436
119621 GOODS-N 0.7994 3DHST 189.442324 62.331640 1.1473 0.0581 1.2812 0.0350
119652 GOODS-N 1.1090 3DHST 189.352429 62.327607 1.4315 0.6325 1.1568 0.3044
119723 GOODS-N 0.8001 3DHST 189.350411 62.327519 1.0766 0.0771 1.1406 0.0427
119764 GOODS-N 1.2252 3DHST 189.326353 62.327299 1.1018 0.3677 1.5849 0.2614
119879 GOODS-N 1.0516 3DHST 189.359991 62.329089 1.3070 0.1068 1.6002 0.0650
119943 GOODS-N 0.8582 3DHST 189.325281 62.327425 1.2475 0.6827 1.0311 0.2607
120086 GOODS-N 0.6220 3DHST 189.407030 62.327333 0.8303 0.7141 1.3157 0.4602
120241 GOODS-N 0.8296 3DHST 189.431544 62.328553 1.0888 0.4755 0.9832 0.2408
120306 GOODS-N 0.6922 3DHST 189.304790 62.330422 1.2760 0.0731 1.0187 0.0315
120365 GOODS-N 0.9761 3DHST 189.334491 62.330595 1.1938 0.4205 1.3380 0.2354
120378 GOODS-N 0.6349 3DHST 189.419182 62.329318 0.8986 0.3160 0.7592 0.1160
120498 GOODS-N 1.1820 3DHST 189.397403 62.329535 1.3563 0.2085 1.6159 0.1341
120538 GOODS-N 0.8961 3DHST 189.332770 62.328627 0.8923 0.3384 0.9577 0.1707
120544 GOODS-N 0.8586 3DHST 189.406644 62.329406 1.1256 0.3019 1.2567 0.1593
120572 GOODS-N 0.9026 3DHST 189.376583 62.328790 1.0054 0.1943 1.1624 0.1306
120691 GOODS-N 1.1661 3DHST 189.395343 62.329568 1.3039 0.3821 1.1987 0.1810
120726 GOODS-N 0.7745 3DHST 189.331629 62.330061 1.1258 0.1471 1.3972 0.0837
120733 GOODS-N 1.0599 3DHST 189.343104 62.329358 0.9882 0.1950 1.2904 0.1245
120800 GOODS-N 0.9363 3DHST 189.370881 62.329625 1.1759 0.5428 1.5851 0.3704
120943 GOODS-N 0.9955 3DHST 189.298639 62.330064 0.9765 0.9323 1.1209 0.5477
121009 GOODS-N 1.1458 3DHST 189.325308 62.331493 1.1952 0.3271 1.2259 0.1601
121143 GOODS-N 0.6038 3DHST 189.398741 62.330943 1.4401 0.2856 1.4944 0.1411
121232 GOODS-N 0.8394 3DHST 189.364826 62.332437 1.0547 0.1412 1.3772 0.0911
121270 GOODS-N 0.9092 3DHST 189.412389 62.331216 0.8219 0.2397 1.0281 0.1480
121302 GOODS-N 0.7781 3DHST 189.337234 62.332220 0.9064 0.0715 1.2452 0.0482
121428 GOODS-N 0.6387 3DHST 189.399052 62.334827 1.0415 0.0736 1.0673 0.0369
121439 GOODS-N 0.9132 3DHST 189.309340 62.332923 0.8751 0.0572 1.2640 0.0398
121718 GOODS-N 0.9318 3DHST 189.376822 62.333017 1.0102 0.3738 1.0069 0.1810
121854 GOODS-N 0.8378 3DHST 189.415536 62.332434 1.2170 0.2898 1.0803 0.1545
122027 GOODS-N 0.8956 3DHST 189.307626 62.333754 1.3383 0.0835 1.3110 0.0380
122035 GOODS-N 1.1325 3DHST 189.437744 62.337860 0.9381 0.1903 0.8799 0.1012
122133 GOODS-N 0.7374 3DHST 189.427437 62.333154 1.1276 0.4729 1.2842 0.2587
122267 GOODS-N 0.7485 3DHST 189.419315 62.335444 1.0723 0.1036 1.1738 0.0499
122303 GOODS-N 0.9985 3DHST 189.357341 62.333918 1.1626 0.5109 1.0940 0.2287
122560 GOODS-N 1.0544 3DHST 189.397021 62.335577 1.1403 0.0862 1.2301 0.0458
122586 GOODS-N 0.8131 3DHST 189.348995 62.335709 1.0385 0.4993 1.2109 0.2512
122616 GOODS-N 1.1551 3DHST 189.381705 62.335724 1.2381 0.3145 1.2763 0.1446
122855 GOODS-N 1.0643 3DHST 189.399077 62.335984 1.1742 0.1409 1.2943 0.0775
122920 GOODS-N 1.0686 3DHST 189.331528 62.335571 3.2914 9.4201 1.7045 1.8986
122943 GOODS-N 0.7925 3DHST 189.408241 62.343507 1.4072 0.1331 1.2753 0.0576
122947 GOODS-N 1.1380 3DHST 189.371229 62.335688 1.2169 0.2883 1.4191 0.1691
123008 GOODS-N 1.0053 3DHST 189.372832 62.335951 1.7348 0.5007 1.9285 0.2654
123054 GOODS-N 0.9339 3DHST 189.376493 62.336114 0.7477 0.6262 1.0170 0.4648
123142 GOODS-N 0.7298 3DHST 189.323948 62.336065 1.2551 0.1169 1.1159 0.0498
123255 GOODS-N 0.7458 3DHST 189.411588 62.343548 0.8889 0.0466 1.1905 0.0307
123257 GOODS-N 1.1892 3DHST 189.314880 62.336669 1.5812 0.9548 1.4575 0.4055
123290 GOODS-N 1.1456 3DHST 189.398052 62.338414 1.2087 0.1523 1.3701 0.0817
123476 GOODS-N 0.6382 3DHST 189.375896 62.342342 1.1246 0.0732 1.2287 0.0389
123504 GOODS-N 0.8821 3DHST 189.392071 62.337489 1.0226 0.3899 1.2026 0.2548
123538 GOODS-N 0.9379 3DHST 189.393175 62.341860 1.3012 0.0899 1.5634 0.0539
123549 GOODS-N 1.1859 3DHST 189.322516 62.337550 0.7596 0.7549 0.8266 0.4265
123660 GOODS-N 1.1577 3DHST 189.416160 62.337755 1.4256 1.1060 1.8887 0.6496
123809 GOODS-N 1.0056 3DHST 189.361328 62.338379 1.2313 0.1213 1.5347 0.0802
123811 GOODS-N 0.6322 3DHST 189.398084 62.341783 1.5034 0.1228 1.5436 0.0643
123850 GOODS-N 0.9911 3DHST 189.392258 62.338893 1.5189 0.3641 1.9278 0.2133
123863 GOODS-N 1.1609 3DHST 189.444557 62.338323 1.1940 0.1522 1.4330 0.1009
124051 GOODS-N 0.9985 3DHST 189.330578 62.339656 1.1504 0.1634 1.2253 0.0920
124069 GOODS-N 0.6190 3DHST 189.383132 62.338940 2.2354 0.9807 2.4306 0.7283
124177 GOODS-N 0.8165 3DHST 189.361896 62.339854 0.7618 0.2033 1.1500 0.1488
124190 GOODS-N 1.1967 3DHST 189.444737 62.338769 1.2196 0.2559 1.6155 0.1571
124194 GOODS-N 0.6595 3DHST 189.316260 62.340072 1.3028 0.2217 1.4986 0.1145
124386 GOODS-N 0.8181 3DHST 189.390277 62.344510 1.3424 0.1203 1.4870 0.0715
124428 GOODS-N 1.0056 3DHST 189.338029 62.339864 1.1933 0.0745 1.3920 0.0428
124459 GOODS-N 1.0488 3DHST 189.331775 62.340391 0.8781 0.1250 0.9876 0.0748
124644 GOODS-N 0.8466 3DHST 189.309212 62.341886 0.8097 0.1013 1.0278 0.0612
124678 GOODS-N 1.1639 3DHST 189.356951 62.341316 1.0866 0.3247 1.4619 0.2063
124707 GOODS-N 1.1664 3DHST 189.305595 62.340315 1.0936 0.2051 1.1600 0.1134
124774 GOODS-N 0.9384 3DHST 189.311057 62.340553 1.1881 0.2414 1.2219 0.1245
125086 GOODS-N 1.1390 3DHST 189.366080 62.342984 1.3777 0.1346 1.7015 0.0832
125153 GOODS-N 0.7131 3DHST 189.359608 62.343843 1.6554 1.3488 1.6811 0.5809
125212 GOODS-N 0.7801 3DHST 189.389849 62.341587 1.5451 1.2666 1.1768 0.4745
125227 GOODS-N 1.1715 3DHST 189.315388 62.342819 1.1846 0.4070 0.8629 0.1739
125377 GOODS-N 0.7343 3DHST 189.416678 62.343439 0.9270 0.2872 1.0881 0.1737
125716 GOODS-N 0.7236 3DHST 189.356141 62.344003 1.0735 0.3070 1.1118 0.1607
125948 GOODS-N 0.9445 3DHST 189.362859 62.345730 1.0782 0.1204 1.4029 0.0831
126084 GOODS-N 0.9563 3DHST 189.402794 62.347556 1.7222 0.1226 2.0434 0.0677
126238 GOODS-N 0.9155 3DHST 189.375219 62.345332 1.3396 0.4725 1.4690 0.2294
126254 GOODS-N 0.8640 3DHST 189.376944 62.344963 1.0922 0.6503 1.4962 0.4302
126432 GOODS-N 0.8903 3DHST 189.344228 62.346294 1.0001 0.1283 0.9163 0.0613
126448 GOODS-N 1.0864 3DHST 189.380266 62.346153 0.9502 0.3984 1.3072 0.2367
126863 GOODS-N 1.1379 3DHST 189.366043 62.347430 1.0913 0.1920 1.3656 0.1234
127040 GOODS-N 0.9819 3DHST 189.376716 62.347678 1.1970 0.2409 1.3657 0.1312
127073 GOODS-N 0.8399 3DHST 189.382344 62.349819 1.0733 0.0872 1.0576 0.0483
127341 GOODS-N 1.1266 3DHST 189.357495 62.348677 0.6428 0.2027 0.6210 0.1040
127420 GOODS-N 1.0553 3DHST 189.357042 62.349206 1.0921 0.0860 1.2675 0.0477
127736 GOODS-N 1.1539 3DHST 189.360558 62.350439 1.1236 0.2305 1.3247 0.1306
127919 GOODS-N 1.2216 3DHST 189.350457 62.350873 1.1059 0.3059 0.9738 0.1724
128179 GOODS-N 0.9812 3DHST 189.366735 62.350469 1.3684 0.3674 1.4585 0.2022
128375 GOODS-N 0.8113 3DHST 189.363901 62.351774 1.2058 0.0954 1.3851 1.1908
