# Catalog for all galaxies that now have refined redshifts. See paper/code for sample selection. 
# pearsid field ra dec old_z new_z new_z_err source dn4000 dn4000_err d4000 d4000_err old_chi2 new_chi2
9343 GOODS-S 53.172900 -27.928908 0.6417 0.5988 0.0117 3DHST 1.2336 0.2024 1.5593 0.1217 62.3038 42.6983
9378 GOODS-S 53.179339 -27.923595 0.6947 0.6947 0.0064 3DHST 0.9739 0.0753 1.2200 0.0495 248.7360 248.7360
9382 GOODS-S 53.144008 -27.928778 0.9816 0.9685 0.0105 3DHST 1.2180 0.1432 1.3232 0.0798 88.5846 82.8789
11507 GOODS-S 53.182752 -27.925014 0.6890 0.6034 0.0188 3DHST 1.2199 0.2648 1.4666 0.1518 104.1202 49.7033
12062 GOODS-S 53.158840 -27.925242 1.0427 1.0026 0.0158 3DHST 1.3650 0.1307 1.2842 0.0679 277.2609 245.9411
12378 GOODS-S 53.137956 -27.923834 0.6742 0.6742 0.0045 3DHST 1.0648 0.0730 1.4471 0.0507 226.9718 226.9718
13499 GOODS-S 53.169843 -27.918154 1.0053 0.9532 0.0086 3DHST 1.2386 0.0802 1.4268 0.0459 529.8385 443.9482
13856 GOODS-S 53.184806 -27.920428 0.9531 0.9023 0.0082 3DHST 0.8933 0.0823 1.2643 0.0517 308.5798 250.0853
13986 GOODS-S 53.172094 -27.920529 0.6124 0.6124 0.0131 3DHST 1.4002 0.3359 1.8719 0.2130 35.0106 35.0106
14215 GOODS-S 53.145639 -27.919770 0.8531 0.7703 0.0101 3DHST 1.1371 0.1159 1.3340 0.0592 345.8296 171.9150
14386 GOODS-S 53.139745 -27.920454 0.6661 0.6442 0.0107 3DHST 1.2017 0.1687 1.2492 0.0821 50.4574 35.2563
14555 GOODS-S 53.177962 -27.917693 0.6283 0.6175 0.0047 3DHST 1.3786 0.0922 1.6563 0.0546 251.5175 226.0467
14663 GOODS-S 53.193954 -27.918887 1.1146 1.0867 0.0202 3DHST 1.1784 0.1921 1.2807 0.0970 140.1816 129.3321
15005 GOODS-S 53.128251 -27.915264 0.6736 0.5989 0.0149 3DHST 1.1457 0.1948 1.3713 0.1144 122.4433 82.9403
16131 GOODS-S 53.192549 -27.915824 0.6353 0.5824 0.0072 3DHST 1.1734 0.1411 1.5093 0.1000 145.5280 59.2442
16290 GOODS-S 53.188921 -27.914171 0.7225 0.7225 0.0313 3DHST 1.4452 0.2534 1.3993 0.1308 47.3822 47.3822
17022 GOODS-S 53.191877 -27.912430 0.7286 0.8003 0.0216 3DHST 1.1214 0.0836 1.3164 0.0428 844.6574 676.4068
17024 GOODS-S 53.153370 -27.913962 0.6513 0.5577 0.0122 3DHST 1.2087 0.1356 2.9633 0.2702 367.4786 93.7704
17414 GOODS-S 53.205598 -27.907577 0.6446 0.6458 0.0088 3DHST 1.1332 0.0952 1.1148 0.0430 262.4364 259.6593
17704 GOODS-S 53.184784 -27.913397 0.7287 0.7287 0.0096 3DHST 1.2493 0.1913 1.4407 0.1024 36.9878 36.9878
18260 GOODS-S 53.193371 -27.903872 0.6637 0.6526 0.0040 3DHST 1.2056 0.0711 1.3932 0.0401 637.6508 630.6483
19226 GOODS-S 53.141256 -27.907070 0.6603 0.6277 0.0157 3DHST 1.1854 0.1598 1.6220 0.1020 1058.4525 1044.2995
19683 GOODS-S 53.148499 -27.908316 1.0252 0.6873 0.1567 3DHST 1.1736 0.2008 1.2101 0.1042 347.2140 166.7550
19774 GOODS-S 53.201988 -27.904447 0.8508 0.9606 0.0110 3DHST 1.1472 0.1281 1.3608 0.0854 1502.8508 1222.9909
21592 GOODS-S 53.145924 -27.901462 0.6773 0.6773 0.0028 3DHST 1.3916 0.1274 1.4169 0.0593 197.2569 197.2569
21612 GOODS-S 53.175819 -27.903717 0.7295 0.6213 0.0481 3DHST 1.1628 0.1517 1.3271 0.0748 356.3165 127.2756
22402 GOODS-S 53.141867 -27.901909 0.8215 0.7292 0.0085 3DHST 1.4826 0.1308 1.3712 0.0590 309.6127 89.2803
22708 GOODS-S 53.142595 -27.899975 0.6868 0.6429 0.0127 3DHST 1.1603 0.1156 1.1752 0.0537 117.1482 88.5589
22917 GOODS-S 53.170918 -27.900476 0.6721 0.6611 0.0055 3DHST 1.8037 0.2602 1.7874 0.1371 64.4153 62.4144
23142 GOODS-S 53.160673 -27.897112 0.6634 0.6634 0.0045 3DHST 1.3757 0.0814 1.5947 0.0462 261.0973 261.0973
23172 GOODS-S 53.145209 -27.897243 0.6746 0.6746 0.0011 3DHST 1.1625 0.0824 1.5023 0.0562 154.6311 154.6311
23407 GOODS-S 53.159475 -27.898455 0.6824 0.6824 0.0058 3DHST 1.5628 0.1394 1.4885 0.0711 132.9769 132.9769
24480 GOODS-S 53.156308 -27.897404 0.9522 0.9264 0.0103 3DHST 1.1974 0.1585 1.2679 0.0878 77.6102 65.9397
24521 GOODS-S 53.175351 -27.896841 0.6785 0.5734 0.0153 3DHST 1.5170 0.4283 2.4257 0.4362 106.1595 58.5965
25184 GOODS-S 53.142600 -27.895068 0.6629 0.6629 0.0086 3DHST 1.4804 0.4386 1.7405 0.2700 30.2912 30.2912
25205 GOODS-S 53.170033 -27.895421 0.9686 0.9300 0.0078 3DHST 1.1311 0.0772 1.1660 0.0420 490.5742 405.1637
25390 GOODS-S 53.130708 -27.888658 1.1336 1.2992 0.0349 3DHST 1.2771 0.1538 1.3503 0.0799 169.4372 45.7191
26158 GOODS-S 53.178564 -27.890211 0.6612 0.6612 0.0027 3DHST 1.4129 0.0915 1.8708 0.0563 219.5024 219.5024
26160 GOODS-S 53.179315 -27.892036 0.6771 0.6022 0.0184 3DHST 1.1809 0.3474 1.1930 0.1638 50.3863 38.6653
26891 GOODS-S 53.144178 -27.890151 1.0875 0.9692 0.0122 3DHST 1.1425 0.0983 1.2596 0.0550 839.5393 473.8995
26909 GOODS-S 53.139012 -27.892632 1.0676 1.1137 0.0072 3DHST 1.1590 0.1004 0.5984 0.0439 3616.8317 3438.8317
27974 GOODS-S 53.146612 -27.889677 0.6778 0.6778 0.0054 3DHST 1.3526 0.1741 1.6321 0.1042 102.1820 102.1820
28588 GOODS-S 53.176896 -27.889314 0.6619 0.6619 0.0113 3DHST 1.7681 0.4376 1.8372 0.2321 20.0385 20.0385
29322 GOODS-S 53.135877 -27.887968 0.9635 0.8179 0.0162 3DHST 1.0126 0.1506 1.4376 0.0977 222.9228 80.1992
29794 GOODS-S 53.138950 -27.886919 0.6940 0.6717 0.0108 3DHST 1.4144 0.2587 1.6309 0.1499 37.1156 27.4630
30010 GOODS-S 53.164521 -27.883791 0.6785 0.6884 0.0051 3DHST 1.4018 0.1952 2.0347 0.1340 145.8399 145.2911
30107 GOODS-S 53.133932 -27.886666 0.9140 0.9271 0.0083 3DHST 0.8319 0.0938 1.2656 0.0689 127.7059 119.6288
30286 GOODS-S 53.195926 -27.885478 0.6798 0.6256 0.0101 3DHST 1.1724 0.1660 1.5281 0.1068 118.4236 59.1657
30676 GOODS-S 53.164456 -27.883471 0.6766 0.6544 0.0055 3DHST 1.3263 0.1030 1.3421 0.0482 236.1847 208.0046
30763 GOODS-S 53.165467 -27.885331 0.6932 0.5972 0.0258 3DHST 1.2201 0.2119 1.3892 0.1268 237.8961 96.9960
30887 GOODS-S 53.179241 -27.884619 0.9127 0.7709 0.0199 3DHST 1.2009 0.1853 1.2246 0.1072 242.4767 86.5064
31086 GOODS-S 53.178130 -27.884897 0.8474 0.6692 0.0380 3DHST 1.3629 0.2635 1.2756 0.1245 240.1465 82.7130
31325 GOODS-S 53.185805 -27.882850 0.6663 0.6336 0.0106 3DHST 1.1770 0.1300 1.1988 0.0615 101.8458 67.6127
31861 GOODS-S 53.172679 -27.882669 0.6757 0.6010 0.0133 3DHST 0.8915 0.1169 1.1163 0.0777 135.5144 58.4051
31899 GOODS-S 53.139820 -27.880603 1.1610 1.1325 0.0164 3DHST 1.1982 0.0917 1.3426 0.0576 217.7936 209.2365
32674 GOODS-S 53.152949 -27.877295 0.6250 0.6036 0.0046 3DHST 1.1752 0.0830 1.3268 0.0453 131.6066 114.2344
32885 GOODS-S 53.185907 -27.880391 0.6154 0.6154 0.0080 3DHST 1.0999 0.2284 1.3728 0.1422 27.9317 27.9317
33294 GOODS-S 53.158667 -27.880188 1.0280 0.9626 0.0070 3DHST 1.0084 0.1058 1.1390 0.0603 358.7919 172.5178
34128 GOODS-S 53.158957 -27.877881 0.7288 0.5906 0.0120 3DHST 1.0706 0.1392 1.3885 0.0847 322.6258 114.8432
34208 GOODS-S 53.191189 -27.872941 0.9994 0.9860 0.0132 3DHST 1.1039 0.0887 1.2737 0.0504 166.4830 162.5278
34457 GOODS-S 53.146597 -27.876704 0.7884 0.7884 0.0116 3DHST 1.1743 0.1007 1.2912 0.0628 178.3567 178.3567
34803 GOODS-S 53.183195 -27.876363 0.6458 0.6242 0.0075 3DHST 1.0809 0.1104 1.2647 0.0643 129.1281 91.1979
34821 GOODS-S 53.165209 -27.873947 1.0445 1.0445 0.0111 3DHST 1.0997 0.1104 1.2130 0.0615 213.0020 213.0020
35475 GOODS-S 53.194943 -27.874946 1.2302 1.2154 0.0281 3DHST 1.4955 0.2560 1.3633 0.1215 135.0250 134.3188
35579 GOODS-S 53.186398 -27.874972 0.9675 0.7256 0.0312 3DHST 1.1245 0.2179 1.2285 0.1157 207.8413 49.8914
35765 GOODS-S 53.163142 -27.873062 0.8528 0.8047 0.0080 3DHST 1.5112 0.1337 1.3615 0.0571 209.1275 168.6354
36110 GOODS-S 53.172427 -27.873753 0.6231 0.6124 0.0061 3DHST 1.2166 0.1722 1.4624 0.1050 43.1170 35.2571
36121 GOODS-S 53.173438 -27.865976 0.7809 0.7809 0.0023 3DHST 1.6892 0.1250 1.5226 0.0568 158.4511 146.4646
36550 GOODS-S 53.185447 -27.872944 0.7060 0.7060 0.0088 3DHST 0.9220 0.1474 1.1112 0.0933 48.4210 48.4210
36896 GOODS-S 53.191299 -27.872109 1.0051 0.9530 0.0176 3DHST 1.2128 0.2071 1.3658 0.1222 80.0006 46.5106
37429 GOODS-S 53.150887 -27.868331 0.7789 0.7554 0.0057 3DHST 1.4441 0.1125 1.6307 0.0704 114.1722 89.4454
38350 GOODS-S 53.153101 -27.868566 0.7807 0.6904 0.0259 3DHST 1.4433 0.1285 1.2359 0.0552 468.8470 132.1157
38417 GOODS-S 53.186973 -27.869061 0.7926 0.6099 0.0243 3DHST 1.5053 0.3712 1.3836 0.1654 187.0035 57.2323
38577 GOODS-S 53.187607 -27.868807 0.7987 0.7868 0.0171 3DHST 1.3133 0.2079 1.5901 0.1402 90.5407 88.7508
38854 GOODS-S 53.178108 -27.868082 0.6618 0.6291 0.0083 3DHST 1.4530 0.1784 1.5363 0.0984 95.8016 69.8309
39116 GOODS-S 53.166565 -27.867970 0.6443 0.6121 0.0190 3DHST 0.8650 0.1315 1.1970 0.0977 59.9426 54.5632
39503 GOODS-S 53.173913 -27.865049 0.8533 0.9346 0.0268 3DHST 1.2416 0.1537 1.4247 0.0782 102.7413 51.7513
39835 GOODS-S 53.178034 -27.866458 1.1266 1.0986 0.0127 3DHST 1.2375 0.1703 1.3961 0.0995 133.1327 119.8886
40117 GOODS-S 53.181796 -27.866849 0.6988 0.6438 0.0991 3DHST 1.0892 0.2326 1.1832 0.1100 206.9793 183.5930
40163 GOODS-S 53.179131 -27.866557 0.9051 0.7747 0.0217 3DHST 0.9914 0.2319 1.2879 0.1307 181.8424 114.7352
40488 GOODS-S 53.168321 -27.865487 0.6729 0.6189 0.0093 3DHST 1.4349 0.1547 1.3324 0.0780 216.3863 89.8645
41478 GOODS-S 53.196579 -27.863206 1.1302 1.1161 0.0095 3DHST 1.2634 0.1206 1.4351 0.0767 69.4784 64.6399
42022 GOODS-S 53.193867 -27.863361 0.7082 0.6747 0.1018 3DHST 1.3194 0.3666 1.3836 0.1607 972.6624 923.8539
42277 GOODS-S 53.175667 -27.862315 0.8972 0.8847 0.0122 3DHST 1.2794 0.1965 1.5413 0.1215 36.2842 34.9503
42703 GOODS-S 53.136388 -27.850696 0.7301 0.7406 0.0051 3DHST 1.7434 0.1269 1.7218 0.0603 180.1340 176.4641
42894 GOODS-S 53.178791 -27.859692 0.8522 0.9206 0.0571 3DHST 1.0964 0.2016 1.4085 0.1390 45.9824 40.4185
43404 GOODS-S 53.207779 -27.858065 0.7758 0.6965 0.0206 3DHST 0.9805 0.0998 1.3951 0.0708 191.3253 76.6482
43478 GOODS-S 53.190104 -27.859178 0.8430 0.8188 0.0094 3DHST 1.0889 0.1080 1.2052 0.0529 102.2427 79.8590
43997 GOODS-S 53.161866 -27.858128 0.6444 0.6457 0.0053 3DHST 1.2503 0.2614 1.5036 0.1661 30.0605 28.3247
44047 GOODS-S 53.153420 -27.858637 1.2312 1.1453 0.0158 3DHST 1.2343 0.2454 1.1783 0.1349 101.4337 64.4448
44163 GOODS-S 53.153382 -27.857359 0.6746 0.6206 0.0124 3DHST 1.0294 0.1733 1.2436 0.1100 69.1282 37.8225
45314 GOODS-S 53.165789 -27.856155 0.6819 0.6708 0.0298 3DHST 1.3489 0.1977 1.1246 0.0880 131.7853 130.0612
45410 GOODS-S 53.195148 -27.855885 1.0798 1.0521 0.0459 3DHST 0.9593 0.1943 1.2785 0.1431 48.6296 41.6167
45462 GOODS-S 53.176780 -27.855401 0.8458 0.7523 0.0094 3DHST 0.9862 0.1351 1.1520 0.0694 381.7113 227.8604
45502 GOODS-S 53.167266 -27.856362 0.6927 0.6486 0.0122 3DHST 1.4723 0.2272 1.2683 0.1090 128.0469 71.5589
45879 GOODS-S 53.158459 -27.854919 0.6122 0.8373 0.0065 3DHST 1.8282 0.2054 3.3103 0.1815 3205.5713 724.9474
46037 GOODS-S 53.188363 -27.853537 1.2326 1.1466 0.0164 3DHST 1.0467 0.1898 1.3012 0.1356 107.7051 56.3574
46562 GOODS-S 53.164226 -27.853497 0.6617 0.5576 0.0424 3DHST 1.5813 0.2831 2.9283 0.4760 232.4965 91.6334
46603 GOODS-S 53.137145 -27.852164 0.7356 0.7556 0.0070 3DHST 1.1723 0.1677 1.6563 0.1230 83.3928 68.5314
47029 GOODS-S 53.204932 -27.851305 0.7913 0.5711 0.0384 3DHST 1.8455 0.6456 1.9835 0.4325 146.8783 52.2148
47038 GOODS-S 53.133894 -27.851542 0.6683 0.6355 0.0166 3DHST 1.1337 0.1921 1.2149 0.1006 47.5193 43.8489
47101 GOODS-S 53.206310 -27.851605 0.7809 0.6090 0.0848 3DHST 1.5155 0.1393 1.2275 0.0569 816.7598 98.7239
47324 GOODS-S 53.175354 -27.852604 0.9500 0.9371 0.0175 3DHST 1.1407 0.1228 1.1665 0.0678 148.1042 144.1206
47396 GOODS-S 53.146899 -27.851333 0.7351 0.7351 0.0124 3DHST 1.0096 0.1253 1.5052 0.0970 47.2252 47.2252
47469 GOODS-S 53.173538 -27.852422 0.9413 0.8785 0.0178 3DHST 1.1091 0.1779 1.1293 0.1019 83.8311 66.6407
47740 GOODS-S 53.161886 -27.845847 1.0943 1.1263 0.0103 3DHST 1.2631 0.1061 1.5548 0.0625 162.3129 136.5694
48890 GOODS-S 53.206965 -27.848048 0.8867 0.8617 0.0069 3DHST 1.1731 0.0984 1.3191 0.0558 170.0602 141.2225
49022 GOODS-S 53.135730 -27.848313 0.6660 0.6333 0.0120 3DHST 1.1131 0.1586 1.1824 0.0773 57.9609 45.3845
50107 GOODS-S 53.210764 -27.847465 0.7448 0.6055 0.0351 3DHST 1.1074 0.2509 1.4376 0.1696 126.3961 52.7571
51356 GOODS-S 53.156680 -27.843269 0.6313 0.5786 0.0083 3DHST 1.0978 0.0885 1.9035 0.0880 233.6713 121.8325
52204 GOODS-S 53.187297 -27.843166 0.6165 0.4517 0.0563 3DHST nan nan nan nan 77.3193 40.5622
52259 GOODS-S 53.179682 -27.843878 0.7298 0.7069 0.0117 3DHST 1.3754 0.1196 1.1771 0.0486 421.1363 399.7324
52481 GOODS-S 53.169227 -27.842715 0.8391 0.8391 0.0152 3DHST 1.3844 0.1703 1.7969 0.1187 47.3099 47.3099
52774 GOODS-S 53.159822 -27.841340 0.6128 0.5310 0.0128 3DHST 6.0370 1.7478 10.0452 2.8876 288.4805 145.2272
52945 GOODS-S 53.203373 -27.841532 0.6335 0.5706 0.0119 3DHST 0.9911 0.1761 1.7726 0.2176 67.7071 37.8873
53650 GOODS-S 53.152482 -27.841956 0.7401 0.6312 0.0192 3DHST 1.5646 0.4394 1.4646 0.2052 69.7863 29.4606
54553 GOODS-S 53.177902 -27.839194 0.7807 0.6693 0.0139 3DHST 1.4498 0.1343 1.1860 0.0557 339.5104 60.1947
54921 GOODS-S 53.214937 -27.838243 0.8201 0.7727 0.0069 3DHST 1.0886 0.0617 1.3283 0.0398 930.5267 786.0964
54922 GOODS-S 53.158032 -27.838407 1.2329 1.1064 0.0222 3DHST 0.9790 0.2607 1.1215 0.1656 111.5137 50.2060
54977 GOODS-S 53.189606 -27.838391 1.0591 1.0455 0.0114 3DHST 0.9863 0.1366 1.2477 0.0900 88.3014 84.1171
55434 GOODS-S 53.204335 -27.837635 1.1179 1.1230 0.0132 3DHST 1.2189 0.1658 1.4422 0.1001 39.1588 38.4603
56922 GOODS-S 53.218124 -27.833686 0.8485 0.7328 0.0286 3DHST 1.2558 0.0992 1.5866 0.0662 446.7915 129.2798
57014 GOODS-S 53.184564 -27.836041 1.0614 1.0208 0.0113 3DHST 1.3743 0.1625 1.5579 0.0865 74.1895 61.7875
57446 GOODS-S 53.152157 -27.835112 0.6877 0.6124 0.0057 3DHST 1.1675 0.1006 1.3357 0.0506 390.8994 143.5346
57685 GOODS-S 53.152486 -27.834321 0.7808 0.6590 0.0175 3DHST 1.4205 0.1410 1.1387 0.0574 261.3175 89.9639
58181 GOODS-S 53.168022 -27.832514 0.6748 0.6636 0.0055 3DHST 1.0998 0.0904 1.5088 0.0658 91.6476 90.8190
58222 GOODS-S 53.208757 -27.834432 0.7111 0.6996 0.0083 3DHST 1.4696 0.2447 1.5745 0.1334 38.4341 36.7739
59492 GOODS-S 53.146181 -27.832902 1.0457 0.7943 0.0871 3DHST 1.3237 0.2894 1.6873 0.1748 140.6716 74.5075
59586 GOODS-S 53.157403 -27.832064 0.8935 0.7639 0.0482 3DHST 1.0270 0.2431 1.4342 0.1715 87.0657 38.1838
59747 GOODS-S 53.215527 -27.830838 0.7284 0.6407 0.0053 3DHST 1.1831 0.0790 1.3902 0.0404 1019.1517 341.9700
60296 GOODS-S 53.160272 -27.825516 0.6604 0.6171 0.0125 3DHST 1.0961 0.1293 1.4074 0.0778 99.6806 84.6826
61172 GOODS-S 53.164745 -27.824545 0.6627 0.6675 0.0027 3DHST 1.6378 0.1068 1.5942 0.0556 224.5935 211.9285
61235 GOODS-S 53.188120 -27.827765 1.1280 1.1280 0.0119 3DHST 1.5649 0.1868 1.8047 0.1084 119.2922 119.2922
61447 GOODS-S 53.185231 -27.827841 0.9198 0.9431 0.0193 3DHST 1.2588 0.1045 1.4449 0.0643 204.6690 147.2118
62528 GOODS-S 53.189880 -27.826710 0.6956 0.6732 0.0166 3DHST 1.0486 0.0703 1.3720 0.0470 204.5860 180.6963
62788 GOODS-S 53.179058 -27.825762 0.6078 0.5971 0.0071 3DHST 1.2583 0.4131 1.5922 0.2555 47.6405 47.0450
63902 GOODS-S 53.161746 -27.824573 0.8348 0.8225 0.0036 3DHST 1.4252 0.1696 1.6649 0.0861 91.9523 81.2061
64797 GOODS-S 53.168097 -27.823211 0.6799 0.5178 0.3209 3DHST nan nan nan nan 72.8092 30.4113
65572 GOODS-S 53.155882 -27.822220 0.6685 1.3902 0.0914 3DHST nan nan nan nan nan nan
65620 GOODS-S 53.164979 -27.819329 0.9673 0.9673 0.0052 3DHST 1.7487 0.1187 1.8594 0.0583 286.9594 286.9594
65708 GOODS-S 53.161077 -27.821909 0.6686 0.5941 0.0892 3DHST 1.4243 0.5881 1.5018 0.3126 55.0967 38.9744
65825 GOODS-S 53.171733 -27.821792 0.8740 0.8740 0.0069 3DHST 1.0711 0.1269 1.1586 0.0609 201.6784 201.6784
65981 GOODS-S 53.172631 -27.821429 0.7153 0.6708 0.0180 3DHST 0.9470 0.1339 1.2530 0.0936 79.0523 55.7274
66256 GOODS-S 53.193205 -27.820214 0.6780 0.6780 0.0038 3DHST 1.4605 0.1432 1.7894 0.0866 105.4656 105.4656
66708 GOODS-S 53.161708 -27.819261 0.6662 0.6228 0.0162 3DHST 1.1412 0.1323 1.1795 0.0619 108.9415 82.1860
66729 GOODS-S 53.136332 -27.816537 0.6820 0.6382 0.0050 3DHST 1.4946 0.0964 1.3681 0.0478 399.0784 227.1522
67814 GOODS-S 53.137182 -27.815682 0.8387 0.7566 0.0135 3DHST 1.1495 0.0831 1.4727 0.0566 281.6430 112.7974
68033 GOODS-S 53.167772 -27.816705 1.1357 1.1898 0.0249 3DHST 1.1299 0.2954 1.3181 0.1742 76.8262 62.7823
68104 GOODS-S 53.191211 -27.817277 1.1398 1.0574 0.0165 3DHST 1.0311 0.2062 1.1773 0.1356 95.2874 59.7765
68675 GOODS-S 53.174511 -27.814960 0.6732 0.6191 0.0144 3DHST 1.1275 0.0783 1.2625 0.0428 769.1052 530.4380
68841 GOODS-S 53.164449 -27.815337 1.0964 1.1129 0.0209 3DHST 1.3291 0.2051 1.5716 0.1191 50.6646 45.1607
68982 GOODS-S 53.154285 -27.815934 0.8175 0.8054 0.0193 3DHST 1.1358 0.1630 1.2574 0.1008 95.7307 94.1575
69168 GOODS-S 53.173437 -27.815726 0.7096 0.5828 0.0768 3DHST 1.5680 0.6874 1.9683 0.4585 108.3942 53.4528
69419 GOODS-S 53.132376 -27.814240 0.7482 0.7509 0.0058 3DHST 1.1331 0.1110 1.6554 0.0812 133.3020 119.6214
69522 GOODS-S 53.164816 -27.814367 0.6124 0.8656 0.0062 3DHST 1.8509 0.1977 2.5988 0.1317 2732.4537 675.9072
70001 GOODS-S 53.200552 -27.812487 0.6767 0.6767 0.0037 3DHST 1.3755 0.1207 1.5333 0.0623 112.6001 112.6001
70264 GOODS-S 53.168175 -27.812932 0.9494 0.8987 0.0076 3DHST 1.1208 0.1083 1.1245 0.0580 209.3480 111.1879
70682 GOODS-S 53.179923 -27.811745 0.7386 0.5614 0.0509 3DHST 1.4585 0.6450 2.8050 0.9162 88.8821 49.6333
70878 GOODS-S 53.164309 -27.810825 0.7228 0.6779 0.0216 3DHST 1.6524 0.2769 1.4025 0.1194 53.1415 38.0697
71524 GOODS-S 53.145084 -27.809846 1.2004 0.9644 0.1005 3DHST 0.8888 0.1174 1.1606 0.0717 574.4177 495.4744
71560 GOODS-S 53.138046 -27.809661 0.6762 0.6651 0.0097 3DHST 1.2888 0.3593 1.3417 0.1778 25.4848 25.1125
71864 GOODS-S 53.150604 -27.809505 0.7578 0.6274 0.2628 3DHST 1.1954 0.3413 1.4588 0.2091 155.6793 79.3368
72048 GOODS-S 53.151041 -27.809461 1.0563 1.0160 0.0285 3DHST 1.1481 0.3146 1.5050 0.1968 35.9129 29.0451
72082 GOODS-S 53.137538 -27.808167 0.6626 0.6407 0.0077 3DHST 1.3482 0.1785 1.2447 0.0907 98.3953 88.5692
72524 GOODS-S 53.130330 -27.805615 1.1916 1.1770 0.0401 3DHST 1.1649 0.1844 1.3380 0.1185 66.6678 65.6344
72905 GOODS-S 53.180242 -27.798928 0.6625 0.7134 0.0345 3DHST 1.4806 0.0872 1.3455 0.0431 280.5998 166.1383
73333 GOODS-S 53.149846 -27.803301 0.6168 0.6061 0.0025 3DHST 1.2506 0.0811 1.4350 0.0456 178.0620 163.3780
73423 GOODS-S 53.140539 -27.804566 0.6808 0.6160 0.0076 3DHST 1.1099 0.2677 1.5468 0.1761 87.8933 35.1694
73549 GOODS-S 53.161238 -27.804879 0.6939 0.6183 0.0805 3DHST 1.1024 0.4604 1.3075 0.2770 44.2615 32.9952
73866 GOODS-S 53.140757 -27.804472 0.6870 0.6540 0.0121 3DHST 1.2399 0.2605 1.2736 0.1292 54.5026 39.8896
73974 GOODS-S 53.137771 -27.802096 1.1960 1.1815 0.0356 3DHST 1.4465 0.2993 1.7209 0.1700 50.9890 48.8237
74011 GOODS-S 53.148753 -27.804300 0.9248 0.7821 0.0177 3DHST 0.8058 0.1208 1.1951 0.0859 318.2498 135.8590
74039 GOODS-S 53.181639 -27.801309 0.7623 0.7506 0.0075 3DHST 1.7407 0.2788 1.4041 0.1094 192.6172 191.8551
74060 GOODS-S 53.163418 -27.799548 0.6613 0.6669 0.0022 3DHST 1.3946 0.0913 1.9108 0.0588 271.8295 260.5484
74133 GOODS-S 53.148958 -27.799680 0.6615 0.6615 0.0024 3DHST 1.6443 0.0946 1.7794 0.0523 362.2386 362.2386
75495 GOODS-S 53.157278 -27.798455 0.6764 0.5913 0.0169 3DHST 1.1505 0.2350 1.3433 0.1362 80.8384 40.9913
75604 GOODS-S 53.168163 -27.799841 0.6251 0.6037 0.0313 3DHST 1.2407 0.7053 1.6363 0.4740 45.5194 43.4860
76094 GOODS-S 53.155448 -27.791484 0.6777 0.6989 0.0079 3DHST 1.2332 0.0757 1.3248 0.0371 357.0630 330.3189
76154 GOODS-S 53.151198 -27.798700 0.6127 0.5811 0.0161 3DHST 1.3821 0.2004 1.8948 0.1752 505.3820 485.5235
76197 GOODS-S 53.178972 -27.798668 1.0512 1.0108 0.0153 3DHST 1.0142 0.2944 1.1310 0.1729 29.8261 22.2576
76349 GOODS-S 53.157848 -27.797485 0.7801 0.5986 0.1184 3DHST 1.4577 0.2412 1.3264 0.1043 306.0743 46.8165
76592 GOODS-S 53.173667 -27.797363 0.6838 0.6189 0.0146 3DHST 1.1954 0.2326 1.3227 0.1301 88.1790 45.2533
76612 GOODS-S 53.166878 -27.797709 0.8730 0.8927 0.0321 3DHST 0.9675 0.1855 1.2469 0.1194 65.1196 62.7449
76751 GOODS-S 53.156749 -27.795597 1.1078 1.0266 0.0092 3DHST 1.0800 0.0955 1.2501 0.0561 456.1366 230.3462
76863 GOODS-S 53.176198 -27.796140 1.0067 0.9803 0.0174 3DHST 1.3333 0.2267 1.4453 0.1232 59.3546 53.7392
76864 GOODS-S 53.134472 -27.797556 0.8380 0.7786 0.0425 3DHST 1.2011 0.3043 1.2641 0.1742 58.0292 40.5927
77522 GOODS-S 53.172524 -27.788092 0.6262 0.6153 0.0041 3DHST 1.3089 0.0883 1.5626 0.0515 308.1514 301.4752
77821 GOODS-S 53.137615 -27.791914 0.9951 1.0780 0.0125 3DHST 1.2311 0.1336 1.3361 0.0743 213.8776 103.1536
77902 GOODS-S 53.155870 -27.794899 1.0814 0.9758 0.0389 3DHST 1.3083 0.1291 1.1036 0.0592 394.3326 294.3143
78077 GOODS-S 53.184165 -27.792630 0.7441 0.7101 0.0057 3DHST 1.1154 0.0704 1.3699 0.0405 1315.7167 1236.2908
78177 GOODS-S 53.130643 -27.790259 0.6613 0.5973 0.0115 3DHST 1.1374 0.0714 1.4389 0.0420 457.8220 220.8628
78360 GOODS-S 53.166209 -27.793911 1.0420 0.9509 0.0195 3DHST 1.3003 0.2328 1.3156 0.1341 99.2608 43.1557
78415 GOODS-S 53.169475 -27.791939 0.6615 0.6783 0.0059 3DHST 1.6436 0.1034 1.7267 0.0562 280.7832 227.1500
78527 GOODS-S 53.182200 -27.793979 0.7791 1.4070 0.3201 3DHST 1.3340 0.2420 1.5612 0.1652 771.5902 99.5121
78576 GOODS-S 53.193869 -27.793295 0.6956 0.6844 0.0096 3DHST 0.9304 0.1138 1.2042 0.0756 87.5810 86.9422
78710 GOODS-S 53.149135 -27.792985 1.1641 1.1498 0.1110 3DHST 1.2412 0.3316 1.3802 0.1733 34.2100 34.1617
78885 GOODS-S 53.167566 -27.792511 1.0840 1.0298 0.0104 3DHST 1.1920 0.1682 1.4210 0.0985 109.7755 59.8179
79058 GOODS-S 53.171335 -27.792940 0.9175 0.9686 0.0238 3DHST 0.9949 0.1845 1.1779 0.1071 98.5866 79.3976
79581 GOODS-S 53.166182 -27.787518 1.1066 1.1066 0.0124 3DHST 1.1317 0.0876 1.2926 0.0509 397.1517 397.1517
79895 GOODS-S 53.155840 -27.790464 0.6662 0.6697 0.0079 3DHST 1.3259 0.3519 1.4106 0.1869 57.2037 55.0838
80115 GOODS-S 53.168014 -27.789665 0.6029 0.5817 0.0050 3DHST 1.2272 0.1386 1.7858 0.1242 81.7688 68.2162
80255 GOODS-S 53.184823 -27.789929 0.9458 0.9075 0.0139 3DHST 1.1189 0.1367 1.4066 0.0900 121.5493 87.8836
80500 GOODS-S 53.147179 -27.788481 0.6613 0.5574 0.0119 3DHST 1.1345 0.1755 2.7162 0.3448 386.0943 175.6358
81011 GOODS-S 53.160354 -27.784002 0.9295 0.9351 0.0069 3DHST 1.2941 0.0828 1.4157 0.0483 322.5895 322.4456
81021 GOODS-S 53.174030 -27.788006 1.0897 1.1835 0.0297 3DHST 0.9599 0.1786 1.3568 0.1269 108.1883 49.4137
81256 GOODS-S 53.192066 -27.787169 1.0870 1.0196 0.0205 3DHST 1.2721 0.1351 1.3547 0.0715 339.8965 283.7602
81306 GOODS-S 53.157227 -27.785265 0.6874 0.7520 0.0376 3DHST 1.1929 0.2174 1.2381 0.1060 55.3127 36.5775
81328 GOODS-S 53.181119 -27.786918 1.0464 1.0748 0.0474 3DHST 1.1689 0.3190 1.3900 0.1985 88.0225 76.2738
81636 GOODS-S 53.139403 -27.786768 1.2211 1.2285 0.0253 3DHST 1.0030 0.2712 1.0781 0.1706 51.4379 50.7243
81973 GOODS-S 53.160958 -27.786503 1.1246 1.3988 0.0838 3DHST 1.3233 0.4320 0.4732 0.1517 111.6675 55.3073
83248 GOODS-S 53.161632 -27.780247 0.6281 0.6172 0.0051 3DHST 1.4163 0.1185 1.6869 0.0704 186.5532 176.2187
83479 GOODS-S 53.165885 -27.781539 1.0878 1.0074 0.0149 3DHST 1.1702 0.1335 1.3638 0.0796 275.0634 152.6770
83686 GOODS-S 53.151837 -27.782861 0.8503 0.7907 0.0062 3DHST 1.1243 0.1130 1.1873 0.0655 307.6469 213.5910
83834 GOODS-S 53.158176 -27.781094 0.6115 0.5696 0.0061 3DHST 1.0985 0.0855 1.9060 0.1005 278.2856 183.8290
83975 GOODS-S 53.172613 -27.780967 0.6284 0.6070 0.0066 3DHST 1.1627 0.0982 1.3460 0.0563 133.2293 117.2971
84173 GOODS-S 53.170684 -27.781968 0.7182 0.6628 0.0171 3DHST 1.2170 0.2583 1.4958 0.1440 89.1007 54.9318
84197 GOODS-S 53.151856 -27.781965 0.9187 0.8934 0.0150 3DHST 1.0827 0.1715 1.1596 0.0940 79.7302 71.6612
84478 GOODS-S 53.139283 -27.780668 0.7306 0.5827 0.0235 3DHST 1.4057 0.1804 1.6716 0.1237 340.0461 57.1925
84625 GOODS-S 53.160815 -27.775379 0.6425 0.5998 0.0052 3DHST 1.4760 0.1096 1.3718 0.0547 192.9787 105.4718
84991 GOODS-S 53.174431 -27.780859 0.7306 0.7306 0.0104 3DHST 1.5774 0.3003 1.4706 0.1406 34.0134 34.0134
85260 GOODS-S 53.197016 -27.780600 0.7360 0.6799 0.0265 3DHST 0.9196 0.1297 1.4011 0.0963 135.6899 68.5011
85517 GOODS-S 53.176316 -27.780850 0.8845 0.9246 0.0330 3DHST 0.6643 0.1569 0.7166 0.1002 400.9498 374.3314
85748 GOODS-S 53.184164 -27.779736 0.6878 0.6229 0.0996 3DHST 1.2290 0.3469 1.2843 0.1697 111.0192 82.6277
86051 GOODS-S 53.169918 -27.771019 0.6466 0.5631 0.0070 3DHST 1.0296 0.0631 1.8135 0.0738 647.1743 381.3901
86604 GOODS-S 53.145223 -27.777903 1.0944 1.0669 0.0139 3DHST 1.1535 0.1274 1.4732 0.0776 189.4869 165.1212
86719 GOODS-S 53.172993 -27.777857 1.0595 1.0672 0.0108 3DHST 0.8478 0.1306 1.1183 0.0902 75.6298 72.2949
87420 GOODS-S 53.151053 -27.777309 0.7268 0.5987 0.0276 3DHST 0.9601 0.2460 1.3530 0.1747 105.4955 40.2345
87658 GOODS-S 53.147773 -27.776948 1.0629 0.9835 0.0104 3DHST 1.2878 0.1716 1.2914 0.0954 158.7941 62.6506
87755 GOODS-S 53.151786 -27.775421 1.0334 0.9303 0.0173 3DHST 1.2615 0.2346 1.4477 0.1428 91.1693 38.6905
87783 GOODS-S 53.183219 -27.775713 1.1304 0.6638 0.0111 3DHST 1.3501 0.1394 2.4049 0.2171 4156.6869 2842.9308
87827 GOODS-S 53.160161 -27.775527 0.6284 0.6069 0.0043 3DHST 1.3881 0.1548 1.6890 0.0949 153.2838 117.9319
87843 GOODS-S 53.152786 -27.775293 0.9475 0.9839 0.0152 3DHST 1.1823 0.1063 1.3639 0.0628 116.9644 95.5548
87958 GOODS-S 53.181036 -27.776173 0.6599 0.6887 0.0120 3DHST 1.1552 0.1095 1.5129 0.0674 114.5275 101.3979
88069 GOODS-S 53.152073 -27.774814 0.7808 0.6590 0.0118 3DHST 1.4719 0.1302 1.1737 0.0521 402.1968 131.2780
88222 GOODS-S 53.149080 -27.774303 1.1140 1.1140 0.0118 3DHST 1.3259 0.2223 1.6451 0.1268 42.6210 42.6210
88279 GOODS-S 53.120738 -27.773213 0.8405 0.7927 0.0467 3DHST 1.2493 0.1244 1.4662 0.0790 120.6104 84.6640
88671 GOODS-S 53.119725 -27.772304 0.7441 0.7441 0.0040 3DHST 1.3718 0.1141 1.8718 0.0752 173.1425 173.1425
88888 GOODS-S 53.197229 -27.774191 0.6446 0.7147 0.0705 3DHST 1.1837 0.1230 1.1798 0.0571 189.4354 116.1671
89212 GOODS-S 53.128513 -27.772701 0.9094 0.9509 0.0226 3DHST 1.3646 0.0920 1.6841 0.0602 568.2271 429.9992
90246 GOODS-S 53.151221 -27.772836 0.6001 0.5687 0.0094 3DHST 0.9083 0.2777 1.7202 0.3499 206.1031 198.1179
90325 GOODS-S 53.178381 -27.768232 0.6759 0.6218 0.0115 3DHST 1.1881 0.0723 1.2052 0.0338 326.0002 218.0124
90359 GOODS-S 53.155244 -27.769531 0.7797 0.7563 0.0097 3DHST 1.5185 0.2384 1.5319 0.1186 137.3836 129.2113
90388 GOODS-S 53.105935 -27.771416 0.8715 0.7766 0.0125 3DHST 1.2404 0.0873 1.4249 0.0552 450.1407 132.0284
90546 GOODS-S 53.154974 -27.768908 1.0890 1.0953 0.0123 3DHST 1.3926 0.1182 1.7531 0.0737 189.9428 184.7979
90791 GOODS-S 53.114947 -27.767561 0.6597 0.7236 0.0437 3DHST 1.1119 0.0749 1.4788 0.0464 353.8582 213.8441
91095 GOODS-S 53.136311 -27.763179 1.0033 1.1113 0.0095 3DHST 1.1408 0.0741 1.3628 0.0440 750.2206 387.8723
91139 GOODS-S 53.158743 -27.770526 0.9902 0.9136 0.0164 3DHST 1.1498 0.0948 1.3062 0.0539 469.1774 328.1597
91584 GOODS-S 53.172100 -27.770383 0.6279 0.6171 0.0152 3DHST 1.1493 0.3031 1.3384 0.1735 28.6944 28.3630
91615 GOODS-S 53.131570 -27.770207 0.6515 0.5778 0.0362 3DHST 1.0883 0.0930 1.8209 0.0899 1025.1873 679.9059
91651 GOODS-S 53.137568 -27.763176 1.0068 1.0694 0.0254 3DHST 1.1968 0.1177 1.3949 0.0672 167.6446 114.2073
92468 GOODS-S 53.153532 -27.769443 0.7210 0.5184 0.0862 3DHST nan nan nan nan 78.4011 26.5070
92860 GOODS-S 53.161499 -27.767621 0.7287 0.7635 0.0405 3DHST 1.0733 0.1312 1.1710 0.0645 277.9355 273.3411
93198 GOODS-S 53.153620 -27.767822 0.6970 0.4543 0.0287 3DHST nan nan nan nan 156.8272 45.4212
93370 GOODS-S 53.113891 -27.767554 0.6618 0.6618 0.0068 3DHST 1.6924 0.2012 1.8201 0.1120 92.5530 92.5530
93759 GOODS-S 53.159865 -27.766840 1.0716 0.8945 0.0216 3DHST 1.4200 0.2270 1.2153 0.1038 239.2209 62.1468
93811 GOODS-S 53.146088 -27.766564 0.9409 0.9154 0.0230 3DHST 1.1328 0.1614 1.1608 0.0906 113.2509 101.8750
93984 GOODS-S 53.106928 -27.765439 1.0272 0.9244 0.0079 3DHST 1.0849 0.1076 1.2627 0.0605 446.7077 177.8134
93988 GOODS-S 53.151372 -27.766686 0.8760 0.7923 0.0134 3DHST 1.5617 0.2034 1.6034 0.0973 124.7949 50.8787
94128 GOODS-S 53.135618 -27.766625 0.9706 0.9319 0.0126 3DHST 1.1149 0.1135 1.2789 0.0669 237.1600 205.1772
94200 GOODS-S 53.178467 -27.766546 0.6819 0.4926 0.0421 3DHST nan nan nan nan 94.9432 40.8284
94356 GOODS-S 53.155412 -27.766071 1.1207 1.1207 0.0155 3DHST 1.2682 0.1760 1.3901 0.1129 35.1231 35.1231
95110 GOODS-S 53.109422 -27.764092 1.2242 1.2096 0.0148 3DHST 1.2961 0.2410 2.0353 0.1810 32.6943 31.9269
95688 GOODS-S 53.149196 -27.763622 0.7412 0.6221 0.0352 3DHST 1.5567 0.2017 1.1824 0.0760 384.5581 152.0592
95800 GOODS-S 53.114160 -27.763772 0.7351 0.5490 0.0292 3DHST 1.1715 0.2278 2.7736 0.4471 295.1012 56.5509
96023 GOODS-S 53.168375 -27.760592 0.9410 0.9541 0.0241 3DHST 1.1784 0.1709 1.1807 0.0918 93.8515 85.6821
96481 GOODS-S 53.125270 -27.759500 0.6544 0.5907 0.0046 3DHST 0.9052 0.0647 1.2794 0.0499 372.8616 116.7693
96737 GOODS-S 53.116161 -27.760854 0.7336 0.6669 0.0282 3DHST 1.1748 0.2530 1.3820 0.1513 53.9162 31.5983
97568 GOODS-S 53.125254 -27.756535 1.0068 1.0068 0.0116 3DHST 1.1462 0.0857 1.2376 0.0465 594.5913 594.5913
98384 GOODS-S 53.130091 -27.759084 1.0953 1.0676 0.0210 3DHST 1.4747 0.2739 1.9261 0.1695 34.1349 29.2908
98698 GOODS-S 53.111936 -27.757828 0.8493 0.7896 0.0087 3DHST 1.1785 0.0919 1.4971 0.0607 337.6296 273.6048
98855 GOODS-S 53.170633 -27.757923 0.6636 0.5693 0.0221 3DHST 1.0503 0.1456 1.9147 0.1824 343.0680 138.8742
99014 GOODS-S 53.105246 -27.756648 0.6777 0.6234 0.0050 3DHST 1.1541 0.0760 1.2076 0.0366 439.9673 180.5958
99156 GOODS-S 53.120423 -27.757021 0.9476 0.9575 0.0799 3DHST 1.0873 0.1019 1.1787 0.0561 356.0039 355.8117
100020 GOODS-S 53.124398 -27.755748 1.1045 1.0235 0.0163 3DHST 1.1850 0.1394 1.6068 0.0895 145.6395 100.9193
100349 GOODS-S 53.080485 -27.753902 0.7285 0.5159 0.0510 3DHST nan nan nan nan 434.8679 70.2771
100543 GOODS-S 53.115619 -27.755188 0.6936 0.6936 0.0100 3DHST 1.1013 0.1255 1.1950 0.0663 192.3367 192.3367
100572 GOODS-S 53.137158 -27.754179 0.7739 0.6733 0.0164 3DHST 1.1482 0.1621 1.4153 0.0932 150.9189 74.0810
101405 GOODS-S 53.104753 -27.753344 0.7555 0.6987 0.0087 3DHST 0.9600 0.1000 1.4011 0.0723 135.8311 59.6535
102153 GOODS-S 53.123770 -27.751992 0.7395 0.7053 0.0091 3DHST 1.4070 0.1177 1.2112 0.0485 336.3823 304.5966
102693 GOODS-S 53.086339 -27.748277 0.9942 0.9298 0.0086 3DHST 1.2004 0.1041 1.4428 0.0630 189.4126 101.0882
102735 GOODS-S 53.145445 -27.750531 0.6619 0.6082 0.0075 3DHST 1.4892 0.1690 1.5173 0.0899 165.7306 80.2823
103037 GOODS-S 53.159407 -27.748641 0.6706 0.6706 0.0037 3DHST 1.4685 0.1400 2.0069 0.0928 110.5844 110.5844
103116 GOODS-S 53.105623 -27.750783 0.9638 0.9003 0.0090 3DHST 1.0809 0.0811 1.0893 0.0408 533.7453 360.6533
103918 GOODS-S 53.133505 -27.747705 0.9098 0.8973 0.0070 3DHST 1.3123 0.0912 1.4511 0.0523 136.2029 125.2339
104292 GOODS-S 53.161611 -27.746921 0.7808 0.7808 0.0061 3DHST 1.5390 0.1797 1.3350 0.0805 67.9744 67.9744
104774 GOODS-S 53.086105 -27.746234 0.7266 0.7152 0.0049 3DHST 1.0899 0.0924 1.6311 0.0690 118.7345 113.5411
105015 GOODS-S 53.139279 -27.744748 0.6113 0.5395 0.0807 3DHST 2.7567 1.3220 5.5393 2.5415 260.6531 227.9087
105016 GOODS-S 53.097315 -27.746653 0.7376 0.7147 0.0277 3DHST 0.8304 0.1471 1.1536 0.1009 78.2773 68.3072
105522 GOODS-S 53.094430 -27.745873 0.6610 0.5669 0.0155 3DHST 1.2848 0.3229 2.4213 0.4363 136.6950 90.3048
105547 GOODS-S 53.137591 -27.743506 0.6120 0.6013 0.0018 3DHST 1.3752 0.0889 1.7031 0.0544 201.4597 178.0165
105980 GOODS-S 53.145346 -27.744600 0.6781 0.6879 0.0089 3DHST 1.2330 0.2026 1.6454 0.1296 35.6324 35.0610
106067 GOODS-S 53.094097 -27.740505 0.7751 0.7517 0.0055 3DHST 0.9268 0.0531 1.3466 0.0379 249.7662 222.7831
106073 GOODS-S 53.146396 -27.744310 1.0534 0.9871 0.0151 3DHST 1.1255 0.1513 1.3181 0.0888 178.1206 108.8112
106318 GOODS-S 53.151940 -27.742127 0.6882 0.6882 0.0412 3DHST 1.1835 0.2583 1.3737 0.1309 35.5928 35.5928
106649 GOODS-S 53.158782 -27.742386 1.2316 1.2022 0.0858 3DHST 1.3417 0.1644 1.4765 0.0996 108.6204 91.9901
106859 GOODS-S 53.096508 -27.739684 0.7270 0.6291 0.0121 3DHST 0.8651 0.0779 1.2548 0.0548 339.1167 174.8053
106861 GOODS-S 53.066596 -27.739707 0.7522 0.7769 0.0087 3DHST 1.4729 0.1349 1.2485 0.0577 70.4577 47.3256
107136 GOODS-S 53.107347 -27.741929 0.9435 0.9179 0.0107 3DHST 0.9897 0.1161 1.4228 0.0750 44.6300 39.9578
107836 GOODS-S 53.150126 -27.739938 1.0339 0.9810 0.0103 3DHST 1.1495 0.0956 1.2977 0.0536 476.8083 380.6385
108063 GOODS-S 53.079208 -27.736643 0.9284 0.9284 0.0055 3DHST 1.3457 0.1633 1.6287 0.1041 34.1158 34.1158
108147 GOODS-S 53.130543 -27.738609 0.6194 0.5981 0.0060 3DHST 1.7391 0.4872 2.0153 0.2919 59.7764 52.1571
108322 GOODS-S 53.147256 -27.738675 1.2066 1.1217 0.0194 3DHST 1.0725 0.2132 1.2089 0.1229 132.1609 61.0166
108510 GOODS-S 53.147721 -27.739197 0.9312 0.9184 0.0092 3DHST 1.2552 0.1033 1.3840 0.0606 114.6922 109.7055
108795 GOODS-S 53.152981 -27.735115 0.6797 0.7722 0.0467 3DHST 1.1092 0.0885 1.4423 0.0531 495.1395 338.4727
108892 GOODS-S 53.077932 -27.736875 0.9812 0.9812 0.0085 3DHST 1.2998 0.1505 1.4961 0.0889 48.3655 48.3655
108922 GOODS-S 53.138205 -27.737523 0.6447 0.6447 0.0060 3DHST 1.4407 0.3356 1.4050 0.1474 38.5852 38.5852
109073 GOODS-S 53.112599 -27.735343 1.1392 1.0972 0.0142 3DHST 1.2313 0.1612 1.5421 0.0991 140.2787 111.4704
109107 GOODS-S 53.136472 -27.737698 1.1284 1.0865 0.0117 3DHST 1.1269 0.1835 1.2679 0.1076 94.2897 58.9386
109151 GOODS-S 53.140917 -27.736119 0.6737 0.6626 0.0055 3DHST 1.3483 0.1022 1.6116 0.0605 157.8574 145.4734
109794 GOODS-S 53.143109 -27.730585 0.6679 0.7524 0.0369 3DHST 1.1373 0.0778 1.2803 0.0434 423.6887 247.1757
109824 GOODS-S 53.113602 -27.735265 0.7505 0.6207 0.0617 3DHST 1.4302 0.2229 1.2014 0.0903 266.5913 97.6765
109885 GOODS-S 53.071336 -27.735481 0.7436 0.7436 0.0064 3DHST 1.4228 0.2253 1.6031 0.1271 46.3810 46.3810
109886 GOODS-S 53.079358 -27.731388 0.6427 0.5794 0.0058 3DHST 1.4570 0.1091 1.7157 0.0829 391.1285 133.8692
109900 GOODS-S 53.112810 -27.734630 0.7312 0.7197 0.0064 3DHST 1.2996 0.0896 1.2646 0.0445 744.1386 735.6977
109967 GOODS-S 53.155861 -27.735275 1.0226 0.9572 0.0209 3DHST 1.5027 0.1644 1.4696 0.0872 87.1748 49.2085
110487 GOODS-S 53.141122 -27.732656 0.9708 0.9708 0.0098 3DHST 1.4564 0.1833 1.7770 0.1163 33.6554 33.6554
110870 GOODS-S 53.125097 -27.729791 0.6684 0.6573 0.0069 3DHST 1.0864 0.0673 1.1956 0.0362 897.2237 889.9716
111151 GOODS-S 53.116719 -27.732612 0.6124 0.3739 0.0599 3DHST nan nan nan nan 285.9850 106.2969
111366 GOODS-S 53.045475 -27.732853 0.6313 0.3667 0.0192 3DHST nan nan nan nan 785.5683 446.7102
111700 GOODS-S 53.133940 -27.730519 0.9747 0.9487 0.0189 3DHST 1.1706 0.1855 1.3246 0.1069 72.6480 67.4201
111741 GOODS-S 53.045461 -27.728629 1.1088 1.0539 0.0148 3DHST 1.1520 0.0910 1.3707 0.0540 313.5646 261.6068
111982 GOODS-S 53.107926 -27.728122 0.7114 1.3920 0.0000 3DHST 1.3801 0.0796 1.4356 0.0428 14542.7585 9478.2667
112093 GOODS-S 53.042327 -27.726208 1.0450 0.9917 0.0168 3DHST 1.4843 0.1809 1.8554 0.1115 237.8281 192.9122
112133 GOODS-S 53.073995 -27.729504 0.7474 0.5507 0.0307 3DHST 1.3830 0.3737 3.2383 0.7566 243.3384 58.8820
112448 GOODS-S 53.155483 -27.726190 0.6615 0.6780 0.0038 3DHST 1.7312 0.1525 1.7518 0.0781 194.3864 159.4846
112789 GOODS-S 53.106111 -27.724322 0.6611 0.6780 0.0046 3DHST 1.2647 0.0793 1.6927 0.0490 395.0421 332.1251
112827 GOODS-S 53.141037 -27.726180 0.9502 0.9589 0.0232 3DHST 1.1464 0.2011 1.1712 0.1134 57.0800 55.7026
112943 GOODS-S 53.104414 -27.728511 0.7298 0.6421 0.0326 3DHST 1.3638 0.2734 1.1683 0.1119 101.6161 75.4888
113279 GOODS-S 53.075516 -27.727750 0.6444 0.6335 0.0104 3DHST 0.9317 0.1853 1.1769 0.1212 60.7956 56.8388
113298 GOODS-S 53.041827 -27.725868 1.0839 1.1360 0.0297 3DHST 1.2193 0.0980 1.6465 0.0640 297.6222 227.5711
113361 GOODS-S 53.113234 -27.726632 0.6612 0.7010 0.0167 3DHST 1.2269 0.1431 1.5395 0.0856 102.4384 79.7660
113555 GOODS-S 53.114876 -27.725394 0.7298 0.6421 0.0166 3DHST 1.5217 0.1639 1.3854 0.0706 276.4119 87.5706
113678 GOODS-S 53.061175 -27.726963 0.9824 0.7911 0.0672 3DHST 1.2524 0.1690 1.3898 0.0921 202.6916 64.2065
113877 GOODS-S 53.107875 -27.726220 1.2320 0.9926 0.0572 3DHST 1.1281 0.1716 1.1454 0.0945 325.5513 177.5128
114108 GOODS-S 53.095892 -27.725411 0.7294 0.7180 0.0051 3DHST 1.4865 0.1771 1.8091 0.0937 72.9888 72.1493
114230 GOODS-S 53.042172 -27.725927 1.0805 1.0397 0.0963 3DHST 1.1870 0.1969 1.5470 0.1367 107.8757 98.9168
114563 GOODS-S 53.069616 -27.723368 0.7114 0.8828 0.0152 3DHST 2.1433 0.1273 2.1078 0.0629 8630.2850 5354.5110
114644 GOODS-S 53.063403 -27.724998 0.7460 0.6368 0.0195 3DHST 0.9455 0.1619 1.4124 0.1230 121.8993 37.4428
114657 GOODS-S 53.045639 -27.724930 1.2305 1.1724 0.0217 3DHST 1.4084 0.1650 1.3697 0.0827 363.9798 302.3130
114978 GOODS-S 53.054705 -27.723817 0.7143 0.6697 0.0000 3DHST 7.8687 1.5214 7.3821 0.7257 6377.3366 6280.2838
115331 GOODS-S 53.094715 -27.723573 0.7286 0.6004 0.0163 3DHST 1.2078 0.1180 1.4780 0.0654 588.9650 102.9192
115446 GOODS-S 53.125297 -27.721949 1.1712 1.0743 0.0153 3DHST 1.1851 0.0909 1.3780 0.0583 430.8648 275.8196
115462 GOODS-S 53.097521 -27.721266 0.6442 0.6015 0.0089 3DHST 0.9515 0.0516 1.1952 0.0335 304.9150 203.2222
115775 GOODS-S 53.130476 -27.723096 1.1066 1.0386 0.0173 3DHST 1.2239 0.2295 1.2642 0.1190 114.5062 65.8630
115794 GOODS-S 53.128099 -27.721501 1.0439 0.9907 0.0118 3DHST 1.2217 0.1512 1.4691 0.0891 110.1890 70.9783
116031 GOODS-S 53.063491 -27.720266 0.6246 0.5422 0.0094 3DHST 1.4871 0.2756 3.3014 0.5389 146.4346 64.8220
116284 GOODS-S 53.112882 -27.719905 1.1159 1.0344 0.0173 3DHST 1.2112 0.1436 1.3313 0.0793 368.3408 214.7149
116653 GOODS-S 53.077625 -27.721495 0.7412 0.6850 0.0142 3DHST 1.3754 0.2179 1.2766 0.1039 111.6318 62.6604
116724 GOODS-S 53.128734 -27.721139 0.6791 0.6679 0.0082 3DHST 1.2618 0.1877 1.6200 0.1124 147.0619 140.8580
117066 GOODS-S 53.142561 -27.719135 0.7333 0.6667 0.0169 3DHST 1.1147 0.1761 1.1473 0.0909 128.9983 91.8970
117138 GOODS-S 53.072352 -27.718686 0.6446 0.5915 0.0110 3DHST 1.1570 0.0806 1.2638 0.0432 485.1488 267.2460
117178 GOODS-S 53.039818 -27.720517 1.0442 1.3986 0.0000 3DHST 1.2815 0.0868 1.0391 0.0431 4236.4240 2127.6576
117180 GOODS-S 53.150712 -27.716204 0.9577 1.3955 0.0461 3DHST -0.0000 nan -0.0000 nan nan nan
117358 GOODS-S 53.045590 -27.719439 1.0036 0.9772 0.0125 3DHST 1.1991 0.1208 1.2953 0.0666 164.6748 150.5999
117376 GOODS-S 53.082196 -27.718195 1.0059 1.0059 0.0127 3DHST 1.1796 0.1441 1.4113 0.0850 79.1050 79.1050
117429 GOODS-S 53.071428 -27.717579 0.6446 0.5713 0.0125 3DHST 0.9179 0.0500 1.7091 0.0603 648.1693 221.5195
117608 GOODS-S 53.081636 -27.717718 0.6427 0.6448 0.0055 3DHST 1.8220 0.1306 1.9098 0.0727 325.7721 310.9848
117632 GOODS-S 53.047138 -27.709112 0.6256 0.6042 0.0053 3DHST 1.1522 0.0733 1.2645 0.0387 317.1673 298.5591
117725 GOODS-S 53.040435 -27.713365 0.7452 0.7493 0.0081 3DHST 0.9804 0.0623 1.4276 0.0443 334.9607 327.9175
117790 GOODS-S 53.136506 -27.719179 0.6773 0.7706 0.0418 3DHST 1.1224 0.1964 1.1145 0.0917 91.0638 50.1671
118100 GOODS-S 53.070304 -27.717853 0.6430 0.5698 0.0139 3DHST 1.1674 0.2061 2.1625 0.2682 418.0210 349.5091
118155 GOODS-S 53.128120 -27.718576 0.8668 0.7949 0.0104 3DHST 1.3003 0.1958 1.5027 0.1146 65.2737 30.2412
118193 GOODS-S 53.073136 -27.718190 1.1679 1.1751 0.0035 3DHST 1.7328 0.1606 3.2879 0.1422 8480.3953 8474.6776
118448 GOODS-S 53.069294 -27.717555 0.6603 0.6171 0.0090 3DHST 1.0894 0.1463 1.3366 0.0867 183.8896 154.1719
118455 GOODS-S 53.059861 -27.716273 1.0274 1.1844 0.0164 3DHST 1.1644 0.0836 1.6328 0.0551 2047.1800 1096.1593
118526 GOODS-S 53.073527 -27.717389 0.6436 0.5408 0.0086 3DHST 1.4967 0.2165 3.0212 0.3882 492.6548 304.6831
119016 GOODS-S 53.120915 -27.715390 1.0977 1.0565 0.0120 3DHST 1.1471 0.1065 1.3713 0.0641 108.0875 89.5947
119088 GOODS-S 53.073419 -27.715952 0.6446 0.5915 0.0079 3DHST 1.2474 0.1346 1.3946 0.0775 179.3599 108.3636
119193 GOODS-S 53.057745 -27.713586 0.7757 0.7294 0.0061 3DHST 0.9194 0.0577 1.3214 0.0402 854.5134 784.7733
119489 GOODS-S 53.055124 -27.711379 0.6280 0.5553 0.0173 3DHST 1.1353 0.0657 2.4204 0.1121 876.3265 522.1666
119504 GOODS-S 53.112597 -27.715656 0.9498 1.0265 0.0276 3DHST 1.1681 0.1750 1.1481 0.0911 247.7948 169.6974
119612 GOODS-S 53.079783 -27.716203 1.0107 0.9585 0.0087 3DHST 1.0032 0.1497 1.1931 0.0922 108.7233 49.8871
119702 GOODS-S 53.057255 -27.715320 1.0613 1.0342 0.0188 3DHST 1.1512 0.1877 1.0717 0.0893 71.0926 58.5310
119899 GOODS-S 53.042096 -27.713943 0.7031 0.5025 0.0132 3DHST nan nan nan nan 833.9969 566.7638
120351 GOODS-S 53.123510 -27.711820 0.6777 0.6131 0.0051 3DHST 1.1679 0.0698 1.2146 0.0333 802.3369 281.4700
120559 GOODS-S 53.040175 -27.713881 0.7404 0.7288 0.0167 3DHST 1.5350 0.4703 1.3731 0.1944 59.3848 56.7322
120803 GOODS-S 53.074779 -27.712808 0.6115 0.5595 0.0188 3DHST 1.1268 0.2020 2.3066 0.3435 108.6637 92.6530
120825 GOODS-S 53.096061 -27.707305 0.7621 0.6017 0.0311 3DHST 1.3195 0.1355 1.1305 0.0589 538.1446 97.6588
121095 GOODS-S 53.079236 -27.711868 1.0441 1.0173 0.0136 3DHST 1.4119 0.1884 1.6565 0.1093 92.7350 78.6945
121405 GOODS-S 53.122073 -27.712453 1.0957 1.0818 0.0375 3DHST 1.3279 0.2410 1.6196 0.1413 52.3211 48.5578
121781 GOODS-S 53.119344 -27.709333 1.0743 1.0606 0.0147 3DHST 1.1578 0.1084 1.4023 0.0630 91.9182 87.7099
121886 GOODS-S 53.110874 -27.711435 1.0148 0.9497 0.0132 3DHST 1.0786 0.1578 1.2108 0.0890 171.6697 106.5690
121967 GOODS-S 53.039161 -27.710034 0.7304 0.7408 0.0065 3DHST 1.5635 0.1170 1.5476 0.0556 140.3515 131.2817
122146 GOODS-S 53.055414 -27.710116 1.0501 1.1798 0.0914 3DHST 1.2249 0.1408 1.4423 0.0791 494.5450 423.5558
122182 GOODS-S 53.116508 -27.710257 0.7329 0.7329 0.0270 3DHST 1.1170 0.1316 1.2427 0.0710 194.3244 194.3244
122449 GOODS-S 53.089263 -27.708657 0.7679 0.7679 0.0079 3DHST 0.9769 0.0724 1.4109 0.0516 98.9098 98.9098
122669 GOODS-S 53.033499 -27.705838 0.7422 0.7956 0.0355 3DHST 1.4692 0.1084 1.3540 0.0545 188.8970 94.2981
122722 GOODS-S 53.035556 -27.704930 0.7444 0.7444 0.0033 3DHST 1.2971 0.0948 1.6697 0.0577 524.3668 524.3668
122863 GOODS-S 53.038305 -27.707113 0.7379 0.7263 0.0054 3DHST 1.1187 0.0933 1.7721 0.0733 122.1234 112.6316
122949 GOODS-S 53.049764 -27.708714 1.2067 1.1634 0.0140 3DHST 1.1934 0.1025 1.4210 0.0554 1282.4439 1220.3971
123066 GOODS-S 53.050812 -27.707512 0.7292 0.7403 0.0181 3DHST 1.1546 0.2052 1.3738 0.1035 62.4718 62.3033
123294 GOODS-S 53.037080 -27.706200 0.6672 0.6344 0.0094 3DHST 1.1794 0.1689 1.2638 0.0893 87.3617 78.0579
123301 GOODS-S 53.077393 -27.708195 0.6122 1.0560 0.2535 3DHST 1.0439 0.1285 2.1094 0.1138 1478.7630 1231.7771
123472 GOODS-S 53.093059 -27.707373 1.0380 1.0245 0.0147 3DHST 1.5574 0.2375 1.7610 0.1345 49.1651 47.7177
123477 GOODS-S 53.089893 -27.706539 0.6392 0.6070 0.0060 3DHST 1.1348 0.0763 1.2729 0.0420 233.0689 148.6510
123543 GOODS-S 53.078603 -27.707427 1.1117 1.3929 0.0619 3DHST 1.3427 0.2277 0.7671 0.1155 177.5522 86.1057
124152 GOODS-S 53.063392 -27.706962 0.8260 0.6905 0.0360 3DHST 0.9622 0.1779 1.2668 0.1077 154.5899 36.7856
124539 GOODS-S 53.077039 -27.705928 0.7778 0.8407 0.1122 3DHST 2.0784 0.4945 2.4887 0.3246 748.0571 399.0963
124728 GOODS-S 53.038257 -27.701686 0.7323 0.7538 0.0068 3DHST 1.5396 0.0982 1.4893 0.0509 211.5718 187.3926
124807 GOODS-S 53.036023 -27.704059 0.7462 0.5051 0.0434 3DHST nan nan nan nan 1104.4502 648.4031
124964 GOODS-S 53.091513 -27.703895 1.0253 0.9726 0.0236 3DHST 1.2484 0.1879 1.3648 0.1052 125.3098 107.0651
125687 GOODS-S 53.033122 -27.703374 0.7304 0.7408 0.0081 3DHST 1.7621 0.3086 1.5296 0.1270 56.9181 56.1589
125952 GOODS-S 53.033512 -27.701204 1.0704 1.1742 0.0269 3DHST 0.9731 0.1035 1.2452 0.0704 439.6737 276.9347
126094 GOODS-S 53.053361 -27.700461 1.0086 0.9822 0.0101 3DHST 1.1202 0.0864 1.3270 0.0515 258.6076 240.4917
126365 GOODS-S 53.074843 -27.701080 0.6427 0.6449 0.0041 3DHST 1.6601 0.3089 1.5734 0.1546 26.6702 26.3715
126478 GOODS-S 53.035188 -27.696088 0.7372 0.5147 0.0841 3DHST nan nan nan nan 2279.7300 2177.2900
126643 GOODS-S 53.109702 -27.699466 0.7606 0.6200 0.0249 3DHST 1.4731 0.1393 1.3389 0.0610 492.0846 80.3823
126790 GOODS-S 53.078945 -27.697729 0.9819 0.9558 0.0092 3DHST 1.1506 0.0761 1.3094 0.0444 610.4320 572.7707
126958 GOODS-S 53.044897 -27.696014 0.7114 0.7001 0.0090 3DHST 1.4486 0.1108 1.4754 0.0580 433.8533 433.5715
127226 GOODS-S 53.061782 -27.699201 0.6712 0.6712 0.0013 3DHST 1.7416 0.1631 1.9280 0.0932 86.4997 86.4997
127741 GOODS-S 53.056089 -27.697177 0.7472 0.6379 0.0148 3DHST 0.8453 0.0933 1.1191 0.0608 619.1085 496.1119
127783 GOODS-S 53.031575 -27.698526 0.6816 0.3558 0.0032 3DHST nan nan nan nan 2612.0600 1357.2311
128422 GOODS-S 53.030315 -27.696597 1.0677 1.1281 0.0126 3DHST 1.1182 0.0953 1.3326 0.0572 974.1174 812.0483
128510 GOODS-S 53.084469 -27.695718 0.7304 0.6854 0.0130 3DHST 1.5090 0.1225 1.4067 0.0550 106.1004 72.5645
128537 GOODS-S 53.032464 -27.697082 0.7338 0.3541 0.0497 3DHST nan nan nan nan 883.9568 536.0692
129741 GOODS-S 53.039229 -27.693055 0.7327 1.2772 0.0407 3DHST 1.9979 0.5978 1.8470 0.2946 737.6050 287.2452
129968 GOODS-S 53.049383 -27.694312 0.6122 0.3737 0.0411 3DHST nan nan nan nan 1660.9920 1459.7762
130264 GOODS-S 53.046931 -27.690835 1.0868 1.0191 0.0298 3DHST 1.2038 0.0893 1.4661 0.0517 665.0889 618.8000
131165 GOODS-S 53.074629 -27.689635 1.0647 1.0242 0.0110 3DHST 1.4562 0.1520 1.9343 0.0968 109.5989 77.2456
131724 GOODS-S 53.070211 -27.689561 0.6197 0.5376 0.0228 3DHST 2.3124 0.6287 4.9516 1.2768 184.4705 66.2228
132104 GOODS-S 53.061049 -27.688081 0.7996 0.7996 0.0150 3DHST 1.1574 0.1033 1.2908 0.0644 257.1433 257.1433
132474 GOODS-S 53.086501 -27.687486 0.6880 0.6024 0.0090 3DHST 1.1778 0.1641 1.3862 0.0896 204.0576 61.7720
133150 GOODS-S 53.088138 -27.685179 1.1394 1.0703 0.0359 3DHST 1.2833 0.1634 1.6903 0.1039 113.0456 88.2788
133694 GOODS-S 53.083427 -27.684513 0.6632 0.6678 0.0022 3DHST 1.5016 0.1576 1.7870 0.0929 81.0434 79.4824
134389 GOODS-S 53.085453 -27.683033 0.9198 0.8341 0.0114 3DHST 1.1540 0.1205 1.2291 0.0675 241.8325 68.2069
135087 GOODS-S 53.080772 -27.681003 0.7809 0.7234 0.0108 3DHST 1.4568 0.0885 1.1778 0.0369 408.5041 292.5334
