# Catalog for all galaxies that now have refined redshifts. See paper/code for sample selection. 
# pearsid field ra dec old_z new_z new_z_err source dn4000 dn4000_err d4000 d4000_err old_chi2 new_chi2
28029 GOODS-N 189.168829 62.167683 0.7535 0.6541 0.0190 3DHST 1.0688 0.2399 1.4565 0.1596 110.4572 75.7621
28271 GOODS-N 189.162696 62.168504 0.7226 0.5948 0.0155 3DHST 1.5595 0.1156 1.4019 0.0567 664.0815 78.0442
28638 GOODS-N 189.187245 62.169937 0.9653 0.9664 0.0850 3DHST 1.3666 0.3894 1.7482 0.2433 62.2685 61.5200
30256 GOODS-N 189.185923 62.169827 0.9906 0.7665 0.0266 3DHST 0.9213 0.1645 1.1230 0.0995 406.6449 148.9537
32497 GOODS-N 189.166581 62.174885 0.9536 0.9607 0.0096 3DHST 1.0357 0.0840 1.4965 0.0534 88.6739 80.4494
33944 GOODS-N 189.161050 62.176088 0.6980 0.5248 0.0658 3DHST 5.4010 8.8498 13.0264 21.1744 354.6622 274.7828
34427 GOODS-N 189.184999 62.177028 0.8928 0.8436 0.0129 3DHST 1.0813 0.1159 1.2235 0.0723 223.7518 188.7982
35156 GOODS-N 189.199465 62.179393 1.2015 1.2199 0.0311 3DHST 1.2303 0.1293 1.3466 0.0829 171.7569 166.9083
35309 GOODS-N 189.197793 62.178840 1.1918 1.3587 0.1250 3DHST 1.1682 0.3333 0.4215 0.1637 162.7997 143.5106
35853 GOODS-N 189.142124 62.179527 0.9491 0.9846 0.0183 3DHST 1.1535 0.1470 1.1709 0.0796 199.7828 182.5978
36105 GOODS-N 189.191488 62.183700 0.9072 0.9365 0.0078 3DHST 1.5421 0.1606 1.8248 0.0951 141.8460 82.3155
36418 GOODS-N 189.194182 62.180382 0.8660 0.8415 0.0181 3DHST 1.2581 0.1978 1.5625 0.1093 109.3569 104.3606
36546 GOODS-N 189.142283 62.180721 0.7430 0.6037 0.0441 3DHST 1.0204 0.3383 1.1528 0.1832 112.2224 81.6615
36569 GOODS-N 189.202385 62.180366 0.9374 0.8748 0.0079 3DHST 1.0346 0.1537 1.2423 0.0933 166.2973 112.2857
36639 GOODS-N 189.172688 62.181008 0.8841 0.9377 0.0274 3DHST 1.1961 0.1522 1.3897 0.0793 126.2788 100.8964
36654 GOODS-N 189.180740 62.181398 0.6136 0.5923 0.0110 3DHST 1.1341 0.2894 1.3903 0.1770 84.1421 77.9836
36708 GOODS-N 189.141708 62.181930 0.7736 0.7503 0.0120 3DHST 1.1426 0.0898 1.2609 0.0444 584.1850 566.0386
36842 GOODS-N 189.185144 62.181446 0.9082 0.9636 0.0208 3DHST 1.1554 0.1221 1.3136 0.0725 259.0720 189.9179
36944 GOODS-N 189.170378 62.181960 0.8353 0.8353 0.0102 3DHST 1.1200 0.0980 1.2618 0.0480 424.1331 424.1331
36989 GOODS-N 189.169769 62.180372 0.8590 0.8590 0.0518 3DHST 1.6170 0.3655 1.7871 0.1992 83.0586 83.0586
37044 GOODS-N 189.213646 62.181116 1.2282 1.2136 0.0136 3DHST 1.6496 0.3124 1.7586 0.1738 112.2067 110.4367
37225 GOODS-N 189.208158 62.183079 0.6620 0.5778 0.0112 3DHST 1.4766 0.1779 2.0091 0.1641 206.0924 117.7628
37495 GOODS-N 189.150181 62.183491 0.9366 0.7187 0.0330 3DHST 1.4216 0.2573 1.5432 0.1332 312.7909 105.9121
37672 GOODS-N 189.226684 62.181894 0.6839 0.5214 0.1118 3DHST nan nan nan nan 108.5233 67.8810
37982 GOODS-N 189.192270 62.183938 0.8979 0.8979 0.0601 3DHST 1.2617 0.3473 1.6333 0.2304 70.6579 70.6579
38120 GOODS-N 189.208629 62.183774 0.9311 0.8809 0.0197 3DHST 1.2937 0.2207 1.3521 0.1224 94.6643 81.5367
38212 GOODS-N 189.216902 62.183186 0.9278 1.0153 0.0195 3DHST 1.3077 0.1701 1.4629 0.0952 220.6382 152.1188
39311 GOODS-N 189.208590 62.185205 0.6496 0.6279 0.0203 3DHST 1.1459 0.3682 1.2469 0.1941 76.8666 73.9941
39438 GOODS-N 189.138653 62.185378 0.8069 0.7950 0.0742 3DHST 0.9446 0.1644 1.1718 0.1036 228.8256 226.8036
39455 GOODS-N 189.160724 62.186624 0.9311 0.9360 0.0091 3DHST 1.4111 0.2952 1.6494 0.1760 102.5128 101.3881
39487 GOODS-N 189.207262 62.185314 0.9627 0.9497 0.0154 3DHST 1.2462 0.1694 1.3876 0.0958 152.4233 150.9302
39728 GOODS-N 189.170018 62.185910 0.7729 0.7611 0.0207 3DHST 1.5231 0.2191 1.4336 0.0990 89.7918 84.5672
39801 GOODS-N 189.221731 62.188091 0.9577 1.0028 0.0155 3DHST 1.1651 0.0864 1.3374 0.0495 314.8131 269.8290
39842 GOODS-N 189.183181 62.185382 0.8770 0.7932 0.0068 3DHST 1.0513 0.0972 1.1314 0.0522 574.8269 378.0853
40991 GOODS-N 189.184961 62.192638 0.9880 1.0182 0.0076 3DHST 1.3878 0.0931 1.7312 0.0569 278.1021 190.3372
40998 GOODS-N 189.158359 62.188197 1.0453 1.2089 0.0739 3DHST 1.3745 0.3164 1.6530 0.1898 148.4982 76.0614
41064 GOODS-N 189.187316 62.187767 0.7937 0.6207 0.0527 3DHST 0.9912 0.3967 1.2121 0.2182 110.3518 75.0475
41093 GOODS-N 189.223292 62.187672 0.9277 0.7523 0.0233 3DHST 1.2514 0.2254 1.4104 0.1229 213.9651 77.5987
41270 GOODS-N 189.224203 62.187518 0.9348 0.8484 0.0123 3DHST 1.1281 0.2678 1.3740 0.1828 102.4097 61.8965
41342 GOODS-N 189.159442 62.187782 0.9228 0.8607 0.0316 3DHST 1.2849 0.3501 1.4236 0.1910 147.9637 127.2551
41388 GOODS-N 189.171411 62.190368 0.9889 1.0048 0.0144 3DHST 1.3338 0.1657 1.7328 0.1051 102.4426 86.6584
41439 GOODS-N 189.158889 62.187899 0.8779 0.8952 0.0095 3DHST 1.2607 0.1717 1.3114 0.0923 163.5799 155.2038
41572 GOODS-N 189.151553 62.187903 1.0045 0.8111 0.0255 3DHST 1.1339 0.2558 1.2034 0.1453 193.9307 82.5325
41630 GOODS-N 189.198719 62.189044 1.1760 1.0922 0.0328 3DHST 1.1795 0.2321 1.2064 0.1167 183.6621 142.3573
41913 GOODS-N 189.172400 62.191647 1.0956 1.1711 0.0170 3DHST 1.2673 0.1782 1.6369 0.1126 125.3770 86.0842
41945 GOODS-N 189.256444 62.191414 0.7773 0.5962 0.0109 3DHST 0.9030 0.0843 1.2266 0.0551 801.0709 235.2180
42014 GOODS-N 189.177334 62.189496 0.8731 0.7895 0.0063 3DHST 0.9805 0.1044 1.2270 0.0656 434.8184 187.0065
42119 GOODS-N 189.209596 62.191001 0.9331 1.0321 0.0358 3DHST 1.0226 0.1481 1.4018 0.0852 302.9964 195.3963
42430 GOODS-N 189.161688 62.189957 0.9756 0.9624 0.0103 3DHST 1.0827 0.1419 1.1830 0.0809 123.2954 121.7338
42509 GOODS-N 189.227823 62.189711 0.6822 0.6174 0.0420 3DHST 1.2221 0.3975 1.2978 0.2338 123.8706 108.3664
42526 GOODS-N 189.193098 62.189794 0.7487 0.5896 0.3227 3DHST 1.6703 0.8840 1.7851 0.4255 158.3945 100.3104
42768 GOODS-N 189.157544 62.190081 0.9888 0.9497 0.0152 3DHST 1.1004 0.2061 1.2285 0.1133 112.6026 90.4388
43618 GOODS-N 189.182566 62.195327 0.7413 0.7472 0.0059 3DHST 1.7269 0.1053 1.4785 0.0468 199.9943 179.1070
43991 GOODS-N 189.169432 62.193315 1.0227 1.0917 0.0446 3DHST 1.3478 0.2838 1.3955 0.1582 106.9188 89.8641
44070 GOODS-N 189.142565 62.192193 0.6296 0.5976 0.0433 3DHST 1.1891 0.4594 1.2689 0.2607 97.8185 85.0629
44078 GOODS-N 189.202683 62.194930 0.9827 1.0018 0.0101 3DHST 1.3810 0.0966 1.7338 0.0596 220.8000 197.6861
44125 GOODS-N 189.253244 62.192995 1.2264 1.1407 0.0276 3DHST 1.1408 0.4234 1.1941 0.2202 94.1076 69.5396
44286 GOODS-N 189.239528 62.193193 0.9841 0.9326 0.0078 3DHST 1.0010 0.1085 1.1152 0.0634 248.3778 153.2443
44559 GOODS-N 189.231468 62.193442 1.0036 0.7993 0.0666 3DHST 1.3422 0.3596 1.5012 0.2077 178.7234 122.9966
44562 GOODS-N 189.192422 62.195116 1.1114 1.1201 0.0212 3DHST 1.1117 0.1019 1.2602 0.0649 167.3020 167.0160
44756 GOODS-N 189.202412 62.194546 0.9905 0.9925 0.0114 3DHST 1.7282 0.2872 2.1299 0.1736 97.8625 95.5755
44805 GOODS-N 189.192287 62.195930 0.9841 1.0439 0.0802 3DHST 1.5596 0.5024 1.9760 0.3328 102.7904 87.2593
44998 GOODS-N 189.157430 62.197189 0.9173 0.9684 0.0227 3DHST 1.1864 0.1555 1.3498 0.0885 110.0607 99.3742
45026 GOODS-N 189.179994 62.196755 0.9729 0.9971 0.0153 3DHST 1.0634 0.1140 1.6868 0.0778 130.9690 121.5577
45117 GOODS-N 189.185414 62.195576 0.9715 0.7813 0.0848 3DHST 1.2229 0.2850 1.3695 0.1618 115.4833 93.8179
45118 GOODS-N 189.226263 62.194362 0.7450 0.7335 0.0275 3DHST 0.9724 0.2623 1.3459 0.1831 65.2634 63.7382
45328 GOODS-N 189.219018 62.195286 0.9724 0.9087 0.0292 3DHST 1.0915 0.2361 1.2751 0.1428 115.0314 93.8204
45370 GOODS-N 189.222967 62.194847 1.0729 0.3338 0.0400 3DHST nan nan nan nan 524.1798 154.7056
45451 GOODS-N 189.159565 62.197543 0.8283 0.8283 0.0075 3DHST 1.2329 0.1038 1.4275 0.0654 101.4891 101.4891
45496 GOODS-N 189.205229 62.196896 0.9872 0.9610 0.0181 3DHST 1.2826 0.1350 1.5876 0.0898 80.0456 74.4819
45958 GOODS-N 189.167239 62.196342 0.9768 1.0265 0.0209 3DHST 1.3187 0.2535 1.7324 0.1793 111.0907 96.2815
46351 GOODS-N 189.248362 62.198240 1.0005 1.0108 0.0111 3DHST 1.1822 0.1156 1.3970 0.0674 198.6733 195.3173
46564 GOODS-N 189.147012 62.197837 1.1777 1.2092 0.0349 3DHST 1.7704 0.6338 1.7361 0.2870 99.3777 76.1321
46626 GOODS-N 189.205638 62.197481 0.9538 0.9029 0.0258 3DHST 0.9021 0.2896 1.3792 0.1993 77.6828 72.7121
46765 GOODS-N 189.257967 62.197360 1.0346 0.9562 0.0124 3DHST 1.1526 0.1923 1.1519 0.1018 157.2956 83.3743
46766 GOODS-N 189.188918 62.198566 1.0236 1.0101 0.0088 3DHST 1.4450 0.1819 1.7167 0.1105 82.4953 77.5473
46914 GOODS-N 189.197738 62.197555 0.9234 0.8981 0.0119 3DHST 0.8860 0.1793 1.3447 0.1284 106.7025 95.9135
47065 GOODS-N 189.153336 62.203752 0.8517 0.8517 0.0304 3DHST 1.2340 0.0682 1.4132 0.0428 1070.9617 1070.9617
47115 GOODS-N 189.123579 62.200094 1.1059 1.0920 0.0120 3DHST 0.8953 0.1558 1.1041 0.0987 188.0323 187.6538
47126 GOODS-N 189.143115 62.198086 0.9328 0.8583 0.0147 3DHST 1.2054 0.2006 1.4289 0.1192 175.3275 103.7076
47153 GOODS-N 189.236011 62.212735 0.6185 0.5764 0.0120 3DHST 1.0492 0.0623 1.5268 0.0529 850.4067 816.8593
47284 GOODS-N 189.190290 62.198411 1.1854 1.2126 0.1509 3DHST 1.3541 0.5412 1.3740 0.2557 97.8978 91.0105
47355 GOODS-N 189.154232 62.199973 0.8037 0.6908 0.0079 3DHST 1.1346 0.0960 1.3209 0.0495 589.1521 165.8640
47440 GOODS-N 189.234502 62.198931 0.9465 0.8597 0.0192 3DHST 1.3917 0.3997 1.2249 0.1610 143.9819 96.9595
47518 GOODS-N 189.138051 62.198463 0.7394 0.4254 0.0621 3DHST nan nan nan nan 216.4330 172.0467
47561 GOODS-N 189.245803 62.202557 0.9152 0.8899 0.0148 3DHST 1.4481 0.1181 1.5290 0.0565 225.5982 219.0904
47814 GOODS-N 189.239500 62.203026 0.6875 0.6764 0.0075 3DHST 1.3198 0.1020 1.4194 0.0506 187.2236 179.3941
48176 GOODS-N 189.145689 62.206806 0.6562 0.5924 0.0062 3DHST 1.0670 0.0604 1.2177 0.0336 879.3113 720.0645
48189 GOODS-N 189.166745 62.202141 0.9911 1.0060 0.0106 3DHST 1.3470 0.0986 1.6373 0.0591 182.7117 154.4320
48216 GOODS-N 189.170196 62.200939 0.9835 1.0297 0.0211 3DHST 1.1746 0.1512 1.3448 0.0888 212.2983 190.0580
48229 GOODS-N 189.191530 62.200477 0.6630 0.5887 0.0167 3DHST 1.2809 0.3234 1.5912 0.2351 152.3259 111.1026
48397 GOODS-N 189.260927 62.204668 1.2032 1.3141 0.0398 3DHST 1.1631 0.1992 0.8353 0.1111 104.9192 74.9924
48650 GOODS-N 189.209032 62.204814 0.9258 0.9336 0.0125 3DHST 1.5646 0.1307 1.7072 0.0665 172.7971 171.8189
48737 GOODS-N 189.241017 62.202888 0.9381 0.9526 0.0217 3DHST 1.1232 0.1940 1.2652 0.1084 121.0063 110.4031
48743 GOODS-N 189.220473 62.200964 1.0022 0.9250 0.0157 3DHST 0.9746 0.2353 1.1309 0.1406 101.0113 75.8108
48783 GOODS-N 189.152026 62.200907 0.9084 0.8832 0.0123 3DHST 0.9154 0.1594 1.1790 0.1109 109.3914 100.5088
49261 GOODS-N 189.201093 62.203950 0.9541 1.1016 0.0474 3DHST 1.0856 0.1485 1.2470 0.0853 203.0740 126.9912
49779 GOODS-N 189.164335 62.203362 0.9672 0.9543 0.0446 3DHST 1.5160 0.2667 1.7563 0.1431 94.9372 93.3761
50196 GOODS-N 189.242933 62.204031 0.9772 0.9642 0.0067 3DHST 1.3686 0.1709 1.2929 0.0767 98.4982 94.8198
50214 GOODS-N 189.141333 62.204821 0.8453 1.2806 0.0150 3DHST 1.3553 0.1778 1.9109 0.1093 2753.6009 1302.3263
50399 GOODS-N 189.274721 62.204292 0.9168 0.9817 0.1629 3DHST 2.0849 0.8649 1.6555 0.2889 101.8420 88.0510
50422 GOODS-N 189.181790 62.205159 0.7455 0.6892 0.0148 3DHST 0.9696 0.0934 1.3654 0.0667 245.4090 133.1864
50439 GOODS-N 189.172884 62.204257 1.0654 1.0516 0.0102 3DHST 1.4910 0.1766 1.9352 0.1119 102.0523 95.0185
50528 GOODS-N 189.270322 62.204373 0.8276 0.6816 0.0896 3DHST 1.3839 0.3154 1.4053 0.1771 155.7043 102.4613
50799 GOODS-N 189.236018 62.205684 0.9324 0.9629 0.0119 3DHST 1.4055 0.1235 1.6576 0.0727 165.8053 124.2392
51003 GOODS-N 189.204441 62.205994 0.9422 0.9166 0.0159 3DHST 1.1481 0.0951 1.2874 0.0545 363.7073 353.2276
51174 GOODS-N 189.274993 62.205179 1.1952 1.2471 0.0424 3DHST 1.1725 0.4060 1.4672 0.2368 109.6653 95.6785
51477 GOODS-N 189.149156 62.206040 0.7531 0.7075 0.0694 3DHST 1.1060 0.3506 1.4225 0.2413 106.9133 96.2309
51587 GOODS-N 189.244353 62.206136 0.6892 0.5738 0.1299 3DHST 1.2962 0.2101 2.0506 0.2030 383.9741 106.1478
51609 GOODS-N 189.124760 62.206790 0.9534 1.0284 0.1115 3DHST 0.8922 0.2600 1.1098 0.1403 126.6791 110.0310
51648 GOODS-N 189.134688 62.207927 0.9060 0.9359 0.0114 3DHST 1.8910 0.3695 2.0189 0.1796 102.0362 70.8648
52017 GOODS-N 189.155800 62.208326 1.0064 1.0274 0.0092 3DHST 1.3304 0.1234 1.5273 0.0699 137.1910 114.5326
52146 GOODS-N 189.256880 62.207282 0.9579 0.8946 0.0161 3DHST 1.0947 0.1798 1.1853 0.1000 119.2470 79.6903
52241 GOODS-N 189.208115 62.207170 1.1826 0.6870 0.1286 3DHST 1.5479 0.3776 1.7262 0.2511 242.1053 151.6482
52288 GOODS-N 189.136231 62.208377 0.9050 0.9050 0.0170 3DHST 1.3130 0.2465 1.9661 0.1646 101.9300 101.9300
52440 GOODS-N 189.143881 62.211484 1.2094 1.1660 0.0146 3DHST 1.4609 0.1564 1.4027 0.0787 155.9194 137.0514
52460 GOODS-N 189.231522 62.212745 0.8129 0.7430 0.0094 3DHST 1.4759 0.1222 1.4175 0.0571 254.1922 128.8056
52896 GOODS-N 189.199133 62.209248 0.9424 0.8323 0.0634 3DHST 1.1980 0.1551 1.4376 0.0910 214.6071 134.5090
52948 GOODS-N 189.166147 62.208871 0.6618 0.5676 0.0435 3DHST 1.8511 0.6951 2.9123 0.8576 102.5793 96.5794
52998 GOODS-N 189.151611 62.210472 0.8819 0.8330 0.0188 3DHST 1.3032 0.1246 1.4822 0.0782 247.8536 213.3971
53189 GOODS-N 189.148139 62.209452 1.0710 1.0573 0.0301 3DHST 1.2057 0.3068 1.2578 0.1593 97.1027 96.3028
53362 GOODS-N 189.138379 62.210083 1.1201 1.1530 0.0324 3DHST 1.0640 0.1605 1.0929 0.1023 195.8763 185.1390
53403 GOODS-N 189.166619 62.209444 1.0428 1.0160 0.0351 3DHST 1.4090 0.3386 1.2961 0.1758 84.9488 81.2758
53471 GOODS-N 189.179822 62.211820 0.8341 0.8342 0.0021 3DHST 1.4812 0.1155 1.7656 0.0600 121.8138 109.7509
53563 GOODS-N 189.192230 62.213010 0.8729 0.8927 0.0118 3DHST 1.3642 0.1026 1.6327 0.0683 207.6456 157.7987
53708 GOODS-N 189.209434 62.212820 0.6887 0.6887 0.0053 3DHST 1.3475 0.1102 1.8163 0.0705 131.0074 131.0074
53711 GOODS-N 189.154859 62.210383 0.9847 0.9331 0.0263 3DHST 1.2799 0.3117 1.6149 0.1980 91.8089 86.4397
54282 GOODS-N 189.131823 62.212119 0.9909 1.1203 0.0588 3DHST 1.2056 0.1951 1.4720 0.1274 205.6351 90.9221
54405 GOODS-N 189.166361 62.213991 0.8166 0.7578 0.0069 3DHST 0.9430 0.0606 1.3814 0.0429 349.9100 162.2133
54520 GOODS-N 189.150376 62.211362 1.2140 1.2405 0.0821 3DHST 0.8497 0.3631 0.9384 0.2483 95.0070 92.7528
54598 GOODS-N 189.224556 62.215109 0.6631 0.6198 0.0060 3DHST 1.2556 0.0843 1.4025 0.0460 186.4747 107.8494
54704 GOODS-N 189.144536 62.212136 0.9976 1.0792 0.0379 3DHST 1.2792 0.2685 1.2444 0.1411 129.3509 109.7789
55392 GOODS-N 189.176715 62.214624 1.1578 1.1295 0.0185 3DHST 1.1130 0.1941 1.1883 0.1015 131.9350 118.0621
55513 GOODS-N 189.206135 62.213636 0.6617 0.6617 0.0222 3DHST 1.6832 0.4455 1.7370 0.2435 80.2823 80.2823
55580 GOODS-N 189.151452 62.213481 1.2083 1.1095 0.0137 3DHST 1.3002 0.4089 1.2507 0.2077 117.0251 83.8090
55626 GOODS-N 189.132074 62.213771 0.7702 0.6805 0.0184 3DHST 1.4358 0.2852 1.3115 0.1322 113.7925 85.1442
55820 GOODS-N 189.235808 62.214745 1.2349 1.1082 0.0276 3DHST 0.8169 0.2791 1.2057 0.2058 99.3139 73.9787
55923 GOODS-N 189.113842 62.216150 1.1659 1.1659 0.0100 3DHST 1.1049 0.1064 1.1190 0.0526 332.0454 332.0454
55935 GOODS-N 189.236342 62.214695 1.1318 1.1318 0.0460 3DHST 1.4219 0.2785 1.7265 0.1965 89.0096 89.0096
56019 GOODS-N 189.161955 62.216033 1.1568 1.1847 0.0193 3DHST 1.1046 0.1756 1.2336 0.0955 114.4818 108.6112
56190 GOODS-N 189.198106 62.214724 0.6509 0.6185 0.0148 3DHST 1.3082 0.3675 1.6756 0.2150 95.7721 90.8126
56233 GOODS-N 189.237149 62.217217 1.2254 1.1396 0.0204 3DHST 1.0754 0.1605 1.5044 0.1201 115.4445 88.3428
56330 GOODS-N 189.113151 62.216404 0.8804 0.7093 0.0596 3DHST 1.1549 0.1611 1.1932 0.0876 276.9938 99.7309
56432 GOODS-N 189.142324 62.218370 0.9044 0.9485 0.1091 3DHST 1.2577 0.3205 1.6791 0.1810 112.1550 108.6654
57425 GOODS-N 189.150471 62.216527 0.8726 0.8358 0.0307 3DHST 1.2890 0.3095 1.2595 0.1735 105.6935 97.7875
57792 GOODS-N 189.231038 62.219887 0.9315 0.9315 0.0045 3DHST 1.4358 0.1163 1.5406 0.0660 110.1253 110.1253
58084 GOODS-N 189.229795 62.217778 0.9918 0.9785 0.0134 3DHST 1.4180 0.1720 1.7387 0.1126 104.7641 93.1723
58650 GOODS-N 189.207008 62.218812 0.9442 0.8936 0.0226 3DHST 0.9260 0.2718 1.2665 0.1688 100.1179 84.3216
58703 GOODS-N 189.139962 62.222290 0.9111 0.8028 0.0251 3DHST 1.1657 0.0730 1.2327 0.0389 601.2335 233.6359
59024 GOODS-N 189.143125 62.220220 0.8294 0.7703 0.0085 3DHST 1.1006 0.1238 1.5157 0.0909 136.6003 112.8589
59375 GOODS-N 189.171367 62.220789 1.0089 0.9824 0.0167 3DHST 1.2005 0.1118 1.3517 0.0635 219.7181 204.5231
59398 GOODS-N 189.201068 62.220604 1.1834 1.1834 0.0225 3DHST 0.8153 0.2433 1.3146 0.1822 96.0610 96.0610
59723 GOODS-N 189.210291 62.221245 0.8321 0.8321 0.0103 3DHST 1.3911 0.2536 1.3335 0.1153 78.8776 78.8776
59863 GOODS-N 189.203237 62.221892 0.8033 0.7450 0.0108 3DHST 1.1498 0.1698 1.3010 0.0845 221.5005 173.1158
59873 GOODS-N 189.175126 62.220145 1.0697 1.3918 0.0000 3DHST -0.0000 0.0000 -42120344326638493252626592072359587007084672650583023272178408614226099012255258410226079730245937938141954999220325373977438778854035776940320810336256.0000 inf nan nan
60092 GOODS-N 189.151200 62.222291 0.7089 0.5821 0.0469 3DHST 1.0558 0.1312 1.5454 0.0988 498.6197 151.4045
60103 GOODS-N 189.206064 62.221384 1.1866 1.1866 0.0179 3DHST 1.1148 0.2206 1.4029 0.1485 101.6127 101.6127
60675 GOODS-N 189.176570 62.222126 0.8232 0.7757 0.0285 3DHST 1.3487 0.3206 1.5526 0.1571 97.0073 78.1520
61065 GOODS-N 189.175163 62.222689 0.8687 0.8201 0.0100 3DHST 1.1167 0.1704 1.1688 0.0897 113.2238 86.1037
61113 GOODS-N 189.204020 62.222845 1.2174 1.0785 0.0337 3DHST 1.1869 0.3733 1.2297 0.1900 149.7626 79.1774
61291 GOODS-N 189.162352 62.224920 0.9906 0.9926 0.0070 3DHST 1.4089 0.1288 1.7114 0.0785 86.4569 85.6242
61746 GOODS-N 189.202411 62.224630 0.9505 0.9590 0.0215 3DHST 1.2195 0.1620 1.2615 0.0911 119.2286 117.6474
62107 GOODS-N 189.160379 62.227589 0.9963 1.0785 0.0240 3DHST 1.3329 0.1566 1.5563 0.0896 106.9272 71.5240
62118 GOODS-N 189.152115 62.228115 0.6437 0.6221 0.0110 3DHST 0.9488 0.0702 1.2409 0.0477 478.7184 468.1191
62128 GOODS-N 189.155168 62.226361 0.9995 0.9224 0.0553 3DHST 1.1324 0.2249 1.3908 0.1365 110.3946 88.4089
62216 GOODS-N 189.233853 62.225018 1.1988 1.0874 0.0470 3DHST 1.3457 0.3390 1.2909 0.1707 140.4488 100.3577
62376 GOODS-N 189.180433 62.225828 0.9288 0.8545 0.0429 3DHST 1.2252 0.1780 1.2872 0.0939 149.2491 101.3675
62388 GOODS-N 189.197674 62.225111 0.9350 0.7915 0.0460 3DHST 1.1936 0.2384 1.6021 0.1735 135.6611 77.6261
62719 GOODS-N 189.216541 62.225704 0.9726 0.9089 0.0243 3DHST 1.2990 0.1409 1.4468 0.0785 226.4743 174.4221
63227 GOODS-N 189.153547 62.229494 0.9118 0.8992 0.0106 3DHST 1.1249 0.0733 1.1527 0.0389 628.5703 618.4387
63419 GOODS-N 189.170656 62.228275 1.0029 1.0029 0.0256 3DHST 1.5108 0.2161 1.3597 0.1063 210.8060 210.8060
63526 GOODS-N 189.171079 62.227810 0.8683 0.8901 0.0119 3DHST 1.4789 0.2129 1.8192 0.1314 121.3073 96.4856
64339 GOODS-N 189.154929 62.228219 0.9707 0.7913 0.0748 3DHST 1.3465 0.3607 1.5778 0.2157 106.0466 74.2510
64394 GOODS-N 189.178468 62.228437 0.9894 0.9894 0.0133 3DHST 1.0644 0.2607 1.1999 0.1476 94.7830 94.7830
64523 GOODS-N 189.179820 62.229955 1.2106 1.1815 0.0201 3DHST 1.1591 0.1787 1.1684 0.0996 171.1804 165.4340
64578 GOODS-N 189.155291 62.228516 0.8935 1.4035 0.2892 3DHST 0.8646 0.4458 1.3743 0.3210 854.8781 535.2162
64683 GOODS-N 189.156433 62.229568 0.7063 0.7063 0.0122 3DHST 1.3077 0.4285 1.5473 0.2535 73.6288 73.6288
64701 GOODS-N 189.158877 62.228684 0.6787 0.6675 0.0183 3DHST 1.0547 0.2809 1.2298 0.1623 84.7481 84.0481
65022 GOODS-N 189.231330 62.231617 1.1334 1.1334 0.0163 3DHST 1.0881 0.1410 1.3339 0.0792 158.9654 158.9654
65404 GOODS-N 189.193118 62.234728 1.0070 1.0556 0.0143 3DHST 1.1870 0.0737 1.3862 0.0426 656.1337 551.5202
65687 GOODS-N 189.228206 62.230877 0.8928 0.6999 0.0878 3DHST 1.2407 0.3636 1.4528 0.2247 135.7747 81.2985
65831 GOODS-N 189.191797 62.232429 0.9102 0.8132 0.0275 3DHST 1.2441 0.3173 1.2823 0.1685 93.6983 71.0091
65833 GOODS-N 189.225379 62.231866 0.8954 0.7548 0.0333 3DHST 1.1492 0.1358 1.5137 0.0744 432.2327 170.3729
66753 GOODS-N 189.206239 62.235309 0.7213 0.6765 0.0141 3DHST 1.5568 0.1231 1.6053 0.0634 170.6932 120.5870
68696 GOODS-N 189.201401 62.236882 0.9909 0.9925 0.0290 3DHST 1.3126 0.2766 1.4173 0.1479 107.7664 106.0560
69106 GOODS-N 189.206535 62.237514 0.9234 0.8258 0.2006 3DHST 0.7807 0.2467 1.0793 0.1625 108.7666 88.1616
69328 GOODS-N 189.160527 62.237223 0.8326 0.8457 0.0176 3DHST 1.5281 0.2995 1.2434 0.1260 101.6954 90.6991
69509 GOODS-N 189.200377 62.237453 0.9552 0.7879 0.0206 3DHST 1.3283 0.3522 1.7465 0.2585 118.5248 77.6498
69530 GOODS-N 189.146904 62.237966 1.2145 1.2558 0.0100 3DHST 1.2601 0.2234 2.0437 0.1887 1666.3447 1639.2251
69764 GOODS-N 189.193349 62.238527 0.7500 0.7637 0.0052 3DHST 2.6257 0.3306 3.0314 0.1880 6969.9422 6924.3267
69850 GOODS-N 189.209772 62.238607 0.8832 0.7764 0.0353 3DHST 0.8521 0.1515 1.1928 0.1037 208.6095 160.3688
70156 GOODS-N 189.161450 62.239534 0.9590 0.7488 0.0531 3DHST 1.1934 0.1867 1.2970 0.1071 294.6478 139.2331
70677 GOODS-N 189.186585 62.239608 0.9758 0.9371 0.0415 3DHST 1.1796 0.3086 1.2531 0.1683 84.4479 76.3210
70787 GOODS-N 189.245169 62.243123 0.8286 0.7470 0.0141 3DHST 1.1264 0.0619 1.3001 0.0399 464.2730 155.8661
70833 GOODS-N 189.254677 62.240755 0.9434 0.8806 0.0199 3DHST 0.9578 0.1587 1.3565 0.0999 155.3568 122.7191
70857 GOODS-N 189.116152 62.247046 0.7193 0.7193 0.0048 3DHST 1.1968 0.0875 1.3843 0.0440 367.3821 367.3821
70874 GOODS-N 189.162256 62.240061 0.8664 0.8540 0.0255 3DHST 1.2830 0.2498 1.4142 0.1350 82.0333 80.2730
71198 GOODS-N 189.176221 62.241657 0.9426 1.3882 0.1392 3DHST 1.2219 0.2660 1.6107 0.1730 458.9083 250.2046
71596 GOODS-N 189.150157 62.242313 1.0359 1.3945 0.1079 3DHST 1.1878 0.3420 1.0059 0.1798 175.0415 101.0429
71982 GOODS-N 189.118988 62.242267 0.6179 0.5657 0.0296 3DHST 1.0013 0.4255 1.8772 0.5407 85.5865 75.7363
72078 GOODS-N 189.260010 62.242772 0.7524 0.5738 0.0761 3DHST 1.4625 0.5739 1.9159 0.5521 109.0923 61.4561
72135 GOODS-N 189.136674 62.241904 1.1970 1.0989 0.0882 3DHST 1.0565 0.3151 1.1684 0.1786 131.4281 82.6551
72201 GOODS-N 189.143711 62.242866 0.8345 0.7197 0.0405 3DHST 1.1968 0.1363 1.4104 0.0714 337.4562 124.3742
72646 GOODS-N 189.149535 62.243433 1.1305 1.0887 0.1154 3DHST 1.2743 0.2905 1.4942 0.1947 87.4331 86.7289
72684 GOODS-N 189.190696 62.245196 1.1978 1.0604 0.0163 3DHST 1.1695 0.2339 1.3567 0.1233 233.0632 108.3234
72730 GOODS-N 189.137972 62.243777 1.1668 1.1383 0.0360 3DHST 1.1222 0.2943 1.2894 0.1712 106.2970 103.1848
72800 GOODS-N 189.195373 62.246604 0.6540 0.7083 0.0083 3DHST 0.9649 0.0544 1.2306 0.0353 270.9732 148.7846
72986 GOODS-N 189.173811 62.243879 0.9333 0.6857 0.0463 3DHST 0.9347 0.2372 1.2591 0.1360 234.2867 120.8110
73058 GOODS-N 189.124581 62.244810 0.7603 0.7486 0.0079 3DHST 1.4489 0.1259 1.3525 0.0568 84.3704 83.9565
73266 GOODS-N 189.239410 62.247635 1.1951 1.2784 0.0583 3DHST 1.1682 0.1529 1.3330 0.0999 137.7768 102.9151
73362 GOODS-N 189.174064 62.244454 1.1009 1.1293 0.0232 3DHST 0.9865 0.2594 1.1847 0.1696 96.5396 86.5630
73429 GOODS-N 189.147944 62.244860 1.0069 0.9674 0.0321 3DHST 1.2136 0.2531 1.2964 0.1369 98.5031 92.2591
73756 GOODS-N 189.249760 62.247251 0.7817 0.7022 0.0189 3DHST 1.4504 0.1836 1.3467 0.0838 131.6325 85.7594
73991 GOODS-N 189.229320 62.248249 0.8818 1.2628 0.1776 3DHST 1.2829 0.3220 1.5088 0.2026 259.8715 167.5906
74157 GOODS-N 189.253263 62.245534 0.8038 0.6700 0.0652 3DHST 1.1835 0.3091 1.3952 0.1649 186.5710 106.6053
74641 GOODS-N 189.174731 62.249158 0.8502 0.8379 0.0164 3DHST 1.2040 0.1224 1.4561 0.0832 101.0315 97.7917
74794 GOODS-N 189.192301 62.247818 0.6358 0.5430 0.0237 3DHST 1.5747 0.4468 3.2861 0.8302 159.1416 96.0259
74900 GOODS-N 189.156752 62.248289 0.7809 0.8551 0.0065 3DHST 3.8050 0.4469 2.7438 0.1573 5108.9297 3219.4570
74987 GOODS-N 189.240780 62.248689 0.8299 0.8568 0.0144 3DHST 1.1904 0.0834 1.5130 0.0556 148.8500 134.9875
75125 GOODS-N 189.139687 62.247718 0.9941 0.9943 0.0231 3DHST 1.2862 0.2636 1.2435 0.1336 116.6529 115.0349
75267 GOODS-N 189.220894 62.252512 0.8673 0.9420 0.0091 3DHST 1.2816 0.1003 1.6484 0.0634 408.6016 265.7595
75367 GOODS-N 189.208552 62.248427 0.9049 0.7636 0.0471 3DHST 1.3225 0.3055 1.6825 0.1621 166.8991 70.9621
75413 GOODS-N 189.128494 62.248303 0.9368 0.7500 0.0108 3DHST 1.1736 0.1322 1.2161 0.0671 787.1596 231.6763
75556 GOODS-N 189.203636 62.248887 0.8825 0.7430 0.0164 3DHST 1.3211 0.2344 1.4534 0.1420 145.0325 97.9448
75653 GOODS-N 189.160583 62.248768 0.8347 0.8347 0.0088 3DHST 1.2307 0.1573 1.4866 0.0835 58.9003 58.9003
75659 GOODS-N 189.186664 62.248803 0.9243 0.8152 0.0073 3DHST 0.8975 0.0889 1.3757 0.0630 585.0441 266.1847
75762 GOODS-N 189.112734 62.252704 0.8046 0.7928 0.0054 3DHST 1.4857 0.1140 1.8252 0.0596 122.8601 111.4877
75917 GOODS-N 189.206134 62.249133 1.0026 0.9379 0.0128 3DHST 1.0332 0.1886 1.0285 0.1006 164.0695 103.3242
75943 GOODS-N 189.111687 62.250053 0.6955 0.8067 0.0328 3DHST 1.1343 0.2566 1.4507 0.1564 190.1750 142.1246
75980 GOODS-N 189.156547 62.249123 1.0064 0.9417 0.0108 3DHST 0.8659 0.1925 1.1004 0.1243 143.1284 105.5681
76098 GOODS-N 189.201368 62.252162 0.8627 0.9533 0.0100 3DHST 1.4995 0.1005 1.8423 0.0687 545.1582 180.2297
76262 GOODS-N 189.223201 62.251020 0.9134 0.8880 0.0169 3DHST 0.8126 0.1876 1.3215 0.1417 80.5684 74.9489
76405 GOODS-N 189.178046 62.250891 0.7126 0.6055 0.0200 3DHST 1.6159 0.3250 1.5242 0.1676 149.3845 90.3881
76445 GOODS-N 189.126508 62.250747 0.6116 0.8647 0.0042 3DHST 1.8633 0.1343 2.4953 0.0846 7293.4710 1715.6442
76554 GOODS-N 189.117165 62.252018 0.6652 0.6691 0.0108 3DHST 1.4508 0.5630 1.9201 0.4051 61.1185 60.0344
76778 GOODS-N 189.170511 62.251415 0.8357 0.8357 0.0256 3DHST 1.1364 0.1933 1.3115 0.0963 117.8147 117.8147
76889 GOODS-N 189.169652 62.251384 0.9375 1.0061 0.0177 3DHST 1.5254 0.2027 1.7467 0.1130 210.9080 110.8115
76897 GOODS-N 189.213923 62.251875 0.9510 0.9253 0.0213 3DHST 1.2213 0.2178 1.4580 0.1338 72.8699 70.7614
76917 GOODS-N 189.181488 62.251674 0.9336 0.7058 0.0161 3DHST 0.9068 0.1367 1.3749 0.0952 511.8121 109.7390
76936 GOODS-N 189.166858 62.251514 0.6901 0.6462 0.0147 3DHST 1.2105 0.2226 1.5867 0.1378 97.9664 77.2482
77103 GOODS-N 189.258085 62.252987 0.9390 0.9400 0.0122 3DHST 1.1466 0.0886 1.1917 0.0485 350.0203 349.4766
77314 GOODS-N 189.133708 62.251804 0.8001 0.8531 0.0235 3DHST 1.3466 0.1822 1.4960 0.1100 112.7880 83.4269
77333 GOODS-N 189.161711 62.253011 1.0090 1.0090 0.0688 3DHST 1.2748 0.1658 1.6342 0.1040 105.1859 105.1859
77385 GOODS-N 189.134904 62.251976 1.0019 1.0389 0.0316 3DHST 1.1459 0.3194 1.2351 0.1634 100.4339 93.0913
77487 GOODS-N 189.158097 62.252667 1.0074 0.9809 0.0274 3DHST 1.3514 0.4086 1.6184 0.2420 76.6488 74.4231
77555 GOODS-N 189.135301 62.253768 0.6575 0.6873 0.0075 3DHST 1.2539 0.1057 1.3971 0.0577 189.4131 155.9823
77596 GOODS-N 189.187838 62.252716 0.7081 0.6113 0.0783 3DHST 1.0388 0.4193 1.4012 0.2614 104.9308 85.0560
77715 GOODS-N 189.192615 62.257679 0.9805 1.1150 0.0196 3DHST 1.2027 0.0922 1.3121 0.0511 457.8295 265.5667
77787 GOODS-N 189.252381 62.252965 0.6767 0.6226 0.0417 3DHST 1.3997 0.5654 1.2853 0.2497 58.9875 57.3343
77927 GOODS-N 189.237947 62.253233 0.8346 0.7416 0.0407 3DHST 1.1353 0.1946 1.3521 0.1041 140.6236 94.2590
78300 GOODS-N 189.225646 62.254286 0.8473 0.7876 0.0182 3DHST 1.0633 0.0814 1.0563 0.0414 886.2273 650.5236
78345 GOODS-N 189.201450 62.253868 0.9033 0.8418 0.0513 3DHST 0.8231 0.1778 1.1673 0.1213 152.9761 122.8189
78354 GOODS-N 189.258733 62.254928 0.7063 0.6198 0.0309 3DHST 0.9682 0.1783 1.3148 0.1190 121.8630 81.2006
78475 GOODS-N 189.149125 62.253994 0.8184 0.8380 0.0105 3DHST 1.4069 0.1581 1.6224 0.0986 111.4737 93.5978
78535 GOODS-N 189.275403 62.254694 0.8508 1.1425 0.2689 3DHST 1.1804 0.0698 1.3910 0.0449 7269.8719 3735.4415
78596 GOODS-N 189.242642 62.253869 0.6939 0.6715 0.0415 3DHST 1.2839 0.4598 1.3587 0.2435 88.0631 84.1391
78698 GOODS-N 189.276272 62.255115 0.9549 1.1805 0.0121 3DHST 1.1639 0.0700 1.2976 0.0393 3718.0705 2236.0606
79185 GOODS-N 189.165655 62.263368 0.8522 0.8522 0.0045 3DHST 1.3744 0.0867 1.7008 0.0583 347.2407 347.2407
79195 GOODS-N 189.211694 62.256249 0.9375 0.9523 0.0200 3DHST 1.3420 0.2770 1.5608 0.1620 74.1707 70.9317
79351 GOODS-N 189.157435 62.256496 1.1564 1.1696 0.0259 3DHST 1.1378 0.2679 1.2950 0.1464 110.7134 109.4880
79426 GOODS-N 189.217982 62.260429 0.9434 0.9684 0.0100 3DHST 1.1335 0.1031 1.6825 0.0668 128.6605 108.7214
79587 GOODS-N 189.310322 62.258373 0.8516 0.8562 0.0069 3DHST 1.3779 0.1159 1.7791 0.0839 117.4189 105.8179
79903 GOODS-N 189.189328 62.256532 0.6807 0.6477 0.0100 3DHST 1.0389 0.0898 1.2893 0.0534 636.8057 616.7427
79928 GOODS-N 189.181350 62.259077 0.8835 0.8110 0.0081 3DHST 0.8798 0.0867 1.2553 0.0598 423.6917 284.9404
79945 GOODS-N 189.232363 62.257916 0.7081 0.6319 0.1458 3DHST 1.1469 0.2279 1.1873 0.0974 141.1725 112.8615
80053 GOODS-N 189.151904 62.256831 0.7845 0.6320 0.0333 3DHST 1.5440 0.6314 2.1838 0.4984 137.2975 93.4450
80084 GOODS-N 189.341261 62.256717 0.9824 0.9824 0.0492 3DHST 1.0434 0.1933 1.2237 0.1128 193.2040 193.2040
80348 GOODS-N 189.161035 62.257335 0.6212 0.5999 0.0151 3DHST 1.1086 0.1504 1.3071 0.0884 148.1288 132.1197
80372 GOODS-N 189.282201 62.257225 1.1721 1.2214 0.0074 3DHST 1.3000 0.1113 1.6821 0.0791 1001.6776 822.2654
80404 GOODS-N 189.153034 62.257078 0.7782 0.7432 0.0086 3DHST 0.9161 0.1759 1.1431 0.1140 95.8949 87.5298
80411 GOODS-N 189.193273 62.258163 0.8377 0.8484 0.0092 3DHST 1.4411 0.1263 1.5501 0.0693 122.4340 104.5097
80755 GOODS-N 189.336553 62.258777 1.1642 1.1218 0.0356 3DHST 1.1555 0.3276 1.2256 0.1624 101.5128 95.7979
80787 GOODS-N 189.273833 62.257500 0.8880 1.2480 0.4533 3DHST 1.1875 0.1107 1.5187 0.0701 3560.3147 1404.0470
80987 GOODS-N 189.342396 62.258669 0.7659 0.5671 0.0997 3DHST 0.6829 0.2471 1.6700 0.3455 142.4292 93.0621
81024 GOODS-N 189.170372 62.259527 0.8171 0.8251 0.0129 3DHST 1.3116 0.3906 1.8424 0.2709 89.0211 83.8650
81132 GOODS-N 189.333366 62.258149 0.8642 0.5618 0.1227 3DHST 1.0694 0.4194 1.9072 0.4905 186.9613 129.6170
81152 GOODS-N 189.229091 62.259091 0.9343 0.8362 0.0263 3DHST 0.8876 0.2355 1.3512 0.1771 146.3236 99.5923
81269 GOODS-N 189.332766 62.259060 0.8950 1.4042 0.2805 3DHST 1.1313 0.2428 1.4209 0.1303 611.1176 358.4871
81336 GOODS-N 189.343186 62.262138 0.9291 0.9349 0.0049 3DHST 1.4759 0.1392 1.6131 0.0814 89.5714 84.9838
81429 GOODS-N 189.120966 62.258805 0.9297 0.8918 0.0152 3DHST 1.0710 0.2636 1.0456 0.1463 87.8832 81.5862
81513 GOODS-N 189.232790 62.259578 0.8418 0.8758 0.0230 3DHST 1.2343 0.1843 1.4416 0.1265 99.9683 84.9753
81749 GOODS-N 189.175851 62.262726 0.8548 0.8304 0.0115 3DHST 1.1930 0.0924 1.3547 0.0452 503.8149 495.2843
82141 GOODS-N 189.195261 62.261370 0.9469 0.9339 0.0117 3DHST 1.5028 0.1271 1.5341 0.0609 255.7349 252.7127
82267 GOODS-N 189.207799 62.261716 0.9235 0.9320 0.0181 3DHST 0.9450 0.1100 1.6149 0.0872 100.2565 99.9959
82368 GOODS-N 189.167200 62.261010 1.2290 1.0765 0.1027 3DHST 1.5426 0.4792 1.5369 0.2359 90.3916 83.5027
82400 GOODS-N 189.183918 62.260128 0.6723 0.5677 0.1041 3DHST 1.6888 0.7911 2.2188 0.7941 113.2427 94.0471
82523 GOODS-N 189.207737 62.260734 0.9571 0.9186 0.0327 3DHST 1.4833 0.3946 1.4512 0.1873 91.7603 85.7806
82726 GOODS-N 189.320991 62.260916 0.8489 1.3014 0.4557 3DHST 1.0506 0.2825 1.3535 0.1798 414.0645 111.6038
82737 GOODS-N 189.157839 62.261231 1.0034 0.6974 0.0047 3DHST 1.2591 0.1228 1.2675 0.0633 1790.5382 717.8301
82799 GOODS-N 189.167137 62.261389 0.9463 0.7799 0.0167 3DHST 1.3004 0.2894 1.2446 0.1280 210.4571 87.9033
82816 GOODS-N 189.338070 62.262402 0.7719 0.7372 0.0067 3DHST 1.2842 0.1468 1.0623 0.0632 207.0992 180.5741
82986 GOODS-N 189.302899 62.262929 0.9290 0.8910 0.0109 3DHST 1.0931 0.0737 1.0926 0.0383 604.7889 533.6244
83106 GOODS-N 189.145509 62.263655 0.8909 0.8784 0.0110 3DHST 1.1964 0.0938 1.2858 0.0520 102.1926 100.8757
83170 GOODS-N 189.299272 62.263276 0.8834 1.3984 0.0000 3DHST -0.0000 nan 0.0000 nan nan nan
83237 GOODS-N 189.161676 62.263213 0.9463 0.8834 0.0076 3DHST 1.4688 0.1125 1.4609 0.0509 680.0747 505.9067
83240 GOODS-N 189.311569 62.262088 0.8749 0.6640 0.1609 3DHST 1.2867 0.3174 1.3112 0.1365 312.8310 170.5265
83432 GOODS-N 189.206830 62.262886 0.9340 0.8960 0.0237 3DHST 1.1161 0.3506 1.9553 0.3051 81.8201 77.2771
83499 GOODS-N 189.197312 62.274574 0.8567 0.8711 0.0101 3DHST 1.2947 0.0804 1.3672 0.0434 379.6833 356.4491
83503 GOODS-N 189.202551 62.264709 0.8603 0.8608 0.0021 3DHST 1.3636 0.0812 1.6171 0.0527 140.8228 135.2929
83999 GOODS-N 189.327918 62.263969 0.8909 0.8909 0.0383 3DHST 1.2767 0.1913 1.3328 0.1049 97.7253 97.7253
84001 GOODS-N 189.238818 62.266965 0.9255 1.0718 0.1473 3DHST 1.3534 0.2906 1.3979 0.1426 185.5078 90.8493
84033 GOODS-N 189.190031 62.263297 0.7346 0.7669 0.0865 3DHST 0.9296 0.2556 1.3586 0.1844 120.8969 119.3526
84054 GOODS-N 189.160207 62.263201 0.9285 0.7216 0.0758 3DHST 1.2204 0.3383 1.4368 0.1988 125.6558 83.6872
84077 GOODS-N 189.308578 62.263782 0.9400 1.1564 0.0639 3DHST 1.0068 0.1195 1.0368 0.0674 1025.5368 667.7522
84103 GOODS-N 189.247722 62.263895 0.6359 0.6407 0.0127 3DHST 1.2188 0.3317 1.4788 0.1974 79.3739 79.3154
84213 GOODS-N 189.309997 62.262951 0.8348 1.1337 0.1141 3DHST 0.8399 0.3482 1.1072 0.1893 249.6367 142.5782
84259 GOODS-N 189.131874 62.267891 0.8288 0.7037 0.0275 3DHST 1.2334 0.0673 1.5514 0.0446 992.6495 99.9308
84467 GOODS-N 189.167514 62.264016 0.6124 0.3740 0.1251 3DHST nan nan nan nan 432.9686 375.4808
84520 GOODS-N 189.159206 62.268151 0.8784 0.8659 0.0060 3DHST 1.4521 0.1010 1.7839 0.0605 206.1679 193.2017
84649 GOODS-N 189.167020 62.266234 0.8421 0.8635 0.0076 3DHST 1.7713 0.2174 1.7065 0.0987 103.7144 78.3564
84715 GOODS-N 189.323427 62.265321 0.7805 0.4591 0.0366 3DHST nan nan nan nan 985.9457 596.7650
84957 GOODS-N 189.316460 62.265003 0.8643 1.2722 0.1452 3DHST 1.2806 0.4594 1.5241 0.2537 201.7830 161.5757
84974 GOODS-N 189.293538 62.265035 0.8855 0.8605 0.0066 3DHST 1.1075 0.1918 1.4937 0.1129 97.8496 78.3448
84978 GOODS-N 189.141579 62.268034 1.0106 0.7329 0.0190 3DHST 1.1050 0.1161 1.2183 0.0632 792.8860 295.2820
85002 GOODS-N 189.162362 62.264818 0.8691 0.8779 0.0148 3DHST 1.9340 0.5053 2.2361 0.2831 114.8816 108.9550
85023 GOODS-N 189.205451 62.265098 0.8240 0.7315 0.0786 3DHST 1.3040 0.4432 1.3665 0.2139 99.4165 77.9492
85073 GOODS-N 189.165950 62.267141 0.9706 1.0095 0.0493 3DHST 1.2171 0.1555 1.5055 0.0935 124.0307 113.5435
85100 GOODS-N 189.310033 62.264852 1.0189 1.4057 0.0824 3DHST 1.4710 0.4053 1.0383 0.1718 187.9372 154.6159
85131 GOODS-N 189.234369 62.266461 0.8712 0.7992 0.0242 3DHST 1.1205 0.1849 1.1909 0.1100 137.1836 95.5692
85141 GOODS-N 189.311712 62.264779 0.6061 0.5852 0.1196 3DHST 1.2605 0.4054 1.2750 0.2115 239.8832 234.7089
85237 GOODS-N 189.342629 62.265663 1.1138 1.0194 0.0262 3DHST 1.3469 0.2974 1.3747 0.1455 145.4806 89.0429
85356 GOODS-N 189.162244 62.266082 0.8446 0.8446 0.0076 3DHST 1.4067 0.2089 1.6425 0.1084 69.5527 69.5527
85383 GOODS-N 189.279977 62.266470 0.8663 0.7495 0.0532 3DHST 1.2207 0.3105 1.4390 0.1810 102.0238 88.2755
85422 GOODS-N 189.282733 62.268337 0.9291 0.9612 0.0142 3DHST 1.1853 0.0780 1.2651 0.0440 198.6073 173.6590
85489 GOODS-N 189.168490 62.267360 0.8521 0.8521 0.0104 3DHST 1.7958 0.4757 1.9772 0.2906 89.5605 89.5605
85491 GOODS-N 189.224713 62.268705 0.8314 0.7954 0.0052 3DHST 1.0689 0.0859 1.1743 0.0527 425.1967 351.3307
85579 GOODS-N 189.306587 62.267828 1.1318 1.3318 0.0812 3DHST 1.3212 0.1951 1.2956 0.1346 471.5284 412.1255
85920 GOODS-N 189.250233 62.268392 0.9718 1.0100 0.0101 3DHST 1.1624 0.0897 1.3430 0.0525 382.9049 331.2930
86044 GOODS-N 189.251788 62.267565 0.7642 0.5471 0.0998 3DHST 1.9849 1.4532 4.3780 2.9922 117.9802 101.0608
86173 GOODS-N 189.153241 62.268076 0.8487 0.8487 0.0072 3DHST 1.2622 0.1245 1.6873 0.0875 84.8579 84.8579
86203 GOODS-N 189.157273 62.268855 0.8576 0.8576 0.0063 3DHST 1.4093 0.1316 1.6867 0.0779 109.9606 109.9606
86216 GOODS-N 189.122031 62.270575 0.8722 0.8794 0.0097 3DHST 1.1892 0.0721 1.3652 0.0452 146.5133 145.6606
86357 GOODS-N 189.161729 62.268353 0.8501 0.8501 0.0033 3DHST 1.4767 0.1102 1.7785 0.0714 108.8980 108.8980
86362 GOODS-N 189.300059 62.268140 0.9369 1.0485 0.1807 3DHST 1.5009 0.3430 1.5106 0.1612 237.5251 162.6940
86384 GOODS-N 189.266320 62.268210 0.6509 0.3603 0.0309 3DHST nan nan nan nan 152.2932 92.2480
86405 GOODS-N 189.308077 62.267827 0.9592 1.1041 0.0974 3DHST 1.0585 0.1820 1.1181 0.0998 428.4219 324.6013
86439 GOODS-N 189.251790 62.268119 0.9289 0.9880 0.0361 3DHST 1.1610 0.2280 1.1488 0.1257 94.2923 79.4832
86522 GOODS-N 189.323283 62.269046 0.7236 0.4604 0.0212 3DHST nan nan nan nan 767.5077 161.0281
86603 GOODS-N 189.308394 62.267646 0.8433 0.5106 0.0711 3DHST nan nan nan nan 214.1542 141.5061
86850 GOODS-N 189.250507 62.269660 0.8629 0.6831 0.1447 3DHST 1.2073 0.2413 1.3729 0.1198 263.1221 93.4143
86854 GOODS-N 189.282229 62.271195 0.9472 1.0980 0.0468 3DHST 1.1890 0.0807 1.3775 0.0465 591.8407 342.8255
86967 GOODS-N 189.250862 62.270993 0.8019 0.6478 0.0636 3DHST 1.4185 0.1926 1.3792 0.0889 435.2190 165.3151
86999 GOODS-N 189.303304 62.271759 0.8471 0.8788 0.0184 3DHST 1.1032 0.0734 1.1400 0.0396 406.2691 362.2935
87000 GOODS-N 189.137595 62.271304 0.9033 0.8300 0.0264 3DHST 0.9749 0.0829 1.4254 0.0593 266.3219 137.8767
87061 GOODS-N 189.121932 62.272083 0.8546 0.8302 0.0064 3DHST 1.4534 0.1346 1.7264 0.0687 212.0158 164.9931
87368 GOODS-N 189.163692 62.273070 0.8162 0.8369 0.0109 3DHST 1.1404 0.1575 1.4951 0.0952 208.5459 165.4688
87433 GOODS-N 189.187144 62.271408 0.7734 0.6943 0.0147 3DHST 1.1556 0.1096 1.3226 0.0559 411.2881 179.2507
87438 GOODS-N 189.319121 62.269685 1.2120 1.1972 0.0143 3DHST 1.2066 0.2940 1.2740 0.1866 102.0174 100.7855
87585 GOODS-N 189.179891 62.273723 0.8398 0.8497 0.0065 3DHST 1.3799 0.1127 1.8763 0.0800 119.0595 107.2134
87634 GOODS-N 189.168985 62.270328 0.7381 0.6929 0.0590 3DHST 1.1357 0.4539 1.4049 0.2497 95.1664 88.4867
87823 GOODS-N 189.189733 62.270553 0.9805 0.9673 0.0119 3DHST 1.2768 0.1887 1.4103 0.1096 93.7466 90.5831
87911 GOODS-N 189.182591 62.271997 0.9543 0.8094 0.0666 3DHST 1.0685 0.1943 1.2850 0.1122 134.9406 101.1187
88020 GOODS-N 189.154438 62.270948 0.8680 0.7084 0.0497 3DHST 1.1956 0.1656 1.3966 0.1002 246.5258 78.0792
88171 GOODS-N 189.296938 62.270982 0.7444 0.6251 0.2712 3DHST 1.3475 0.5125 1.6042 0.3065 128.6158 93.7641
88175 GOODS-N 189.193954 62.271085 1.0513 0.7992 0.0620 3DHST 1.1641 0.3615 1.4298 0.2233 128.8200 89.9948
88211 GOODS-N 189.251723 62.271472 0.8377 0.7335 0.0115 3DHST 1.2313 0.1028 1.2889 0.0577 345.4500 149.2102
88265 GOODS-N 189.318664 62.270813 0.8604 1.3267 0.2724 3DHST 1.4169 0.4887 1.6182 0.2831 177.9711 128.7886
88347 GOODS-N 189.353912 62.273579 0.7440 0.4612 0.0909 3DHST nan nan nan nan 357.5825 88.5527
88530 GOODS-N 189.300132 62.271916 0.9246 0.8993 0.0115 3DHST 1.2351 0.3890 2.1997 0.3595 1544.9596 1524.6601
88566 GOODS-N 189.172075 62.271770 0.7871 0.8207 0.0103 3DHST 1.1755 0.1332 1.8122 0.0968 216.6107 123.7749
88580 GOODS-N 189.135162 62.274485 0.9248 0.9588 0.0148 3DHST 1.2213 0.0830 1.5353 0.0550 287.6226 248.2730
88591 GOODS-N 189.326622 62.272065 0.8561 0.7184 0.0441 3DHST 1.2678 0.3734 1.5092 0.1978 173.9300 111.0121
88679 GOODS-N 189.163354 62.273465 0.8427 0.8764 0.0228 3DHST 1.7290 0.2112 1.6619 0.0942 154.8193 123.4569
88684 GOODS-N 189.250540 62.272761 0.9198 0.7997 0.1281 3DHST 1.2871 0.3674 1.3141 0.1922 102.5744 81.5690
88825 GOODS-N 189.353745 62.271981 0.9302 1.4019 0.2108 3DHST 1.0908 0.3554 1.2119 0.2121 138.2832 103.9694
88858 GOODS-N 189.176557 62.272905 0.8220 0.7746 0.0317 3DHST 1.3323 0.2029 1.3693 0.0951 109.3309 94.1893
88929 GOODS-N 189.279212 62.274566 0.9557 0.9428 0.0085 3DHST 1.5449 0.1547 1.9769 0.1071 108.9653 98.3786
89094 GOODS-N 189.145277 62.274611 0.9806 0.8567 0.0158 3DHST 1.1637 0.0948 1.4054 0.0562 292.4995 94.4074
89112 GOODS-N 189.351244 62.275619 0.8751 0.7360 0.0663 3DHST 1.2277 0.1195 1.3969 0.0600 645.6660 202.6196
89139 GOODS-N 189.278035 62.274761 0.9475 1.1445 0.1181 3DHST 1.2083 0.3049 1.4188 0.1675 105.5233 83.1751
89383 GOODS-N 189.294318 62.273353 1.0545 0.9882 0.0396 3DHST 1.2779 0.4153 1.3731 0.2128 90.5826 75.0763
89453 GOODS-N 189.129508 62.273561 0.9536 0.8664 0.0167 3DHST 0.8380 0.1447 1.2703 0.0974 221.4406 106.5654
89514 GOODS-N 189.180486 62.274219 0.8329 0.8459 0.0100 3DHST 1.2192 0.1643 1.4913 0.0881 102.9344 94.6423
89573 GOODS-N 189.249618 62.274536 1.1242 1.1242 0.0131 3DHST 1.1918 0.1619 1.4377 0.0904 95.7509 95.7509
89615 GOODS-N 189.143892 62.274159 0.7314 0.8272 0.0260 3DHST 1.3499 0.2326 1.3671 0.1253 94.7128 84.3580
89655 GOODS-N 189.271113 62.274437 1.0973 1.0428 0.0105 3DHST 1.1532 0.1631 1.2847 0.0936 148.3507 105.6221
89767 GOODS-N 189.250397 62.274077 0.8839 0.6331 0.0974 3DHST 1.3221 0.5217 1.4896 0.2550 184.2467 79.0811
89790 GOODS-N 189.151472 62.274011 0.8523 0.8401 0.0137 3DHST 1.3264 0.1670 1.5092 0.1059 81.6157 80.0375
89827 GOODS-N 189.147172 62.274197 0.8270 0.7679 0.0212 3DHST 1.0355 0.2436 1.3048 0.1390 89.4788 69.7570
89845 GOODS-N 189.335839 62.274983 0.9207 0.8954 0.0188 3DHST 1.1797 0.0824 1.1565 0.0430 519.1806 502.2490
89860 GOODS-N 189.353634 62.273915 0.6716 0.5381 0.4257 3DHST 3.6441 2.7283 6.5502 4.8198 148.1339 75.9518
89993 GOODS-N 189.179370 62.275612 0.9156 0.9541 0.0298 3DHST 1.4074 0.1267 1.4420 0.0599 421.4774 404.5475
90064 GOODS-N 189.170568 62.274599 0.7888 0.8597 0.0527 3DHST 1.5814 0.3703 1.5200 0.1860 113.9428 91.0442
90082 GOODS-N 189.169913 62.274592 0.7141 0.6271 0.0070 3DHST 1.4129 0.2140 1.5057 0.1121 214.7214 110.9260
90093 GOODS-N 189.262091 62.274997 0.7316 0.4671 0.0499 3DHST nan nan nan nan 247.7640 169.5189
90142 GOODS-N 189.280668 62.278504 1.1345 1.1203 0.0817 3DHST 1.3646 0.2696 1.7898 0.1532 89.6342 89.6060
90190 GOODS-N 189.258700 62.275515 1.1635 1.1635 0.0103 3DHST 0.9528 0.1416 1.1717 0.0942 120.9054 120.9054
90320 GOODS-N 189.263713 62.275892 0.7007 0.7238 0.0062 3DHST 2.0286 0.1902 2.1252 0.1025 274.3511 96.6568
90364 GOODS-N 189.200138 62.275670 0.8105 0.8717 0.0763 3DHST 1.2785 0.3661 1.3429 0.2055 93.8042 86.5676
90526 GOODS-N 189.177147 62.276186 0.8904 0.8534 0.0145 3DHST 1.1580 0.1823 1.1240 0.0970 110.9411 88.5768
90536 GOODS-N 189.242061 62.277599 1.0027 1.0254 0.0071 3DHST 1.3902 0.1142 1.7512 0.0699 137.4544 110.8961
90557 GOODS-N 189.314376 62.275798 0.8388 0.6816 0.0458 3DHST 1.1688 0.0984 1.5496 0.0670 745.8613 157.5518
90879 GOODS-N 189.176006 62.276496 0.9997 0.7746 0.0555 3DHST 1.2665 0.2587 1.5168 0.1635 184.1350 82.0344
91073 GOODS-N 189.155052 62.279527 0.8523 0.8523 0.0056 3DHST 1.4964 0.1471 1.7450 0.0934 134.8165 134.8165
91129 GOODS-N 189.152392 62.276827 0.9568 1.0024 0.0315 3DHST 1.4300 0.3195 1.3056 0.1375 126.3052 105.1421
91148 GOODS-N 189.167207 62.276959 0.8394 0.8272 0.0098 3DHST 1.2032 0.1535 1.5234 0.1056 73.4207 71.0485
91474 GOODS-N 189.285094 62.277614 1.1767 1.1767 0.0201 3DHST 1.1820 0.3343 1.2927 0.1768 94.4488 94.4488
91525 GOODS-N 189.263360 62.277950 0.6792 0.6570 0.0377 3DHST 1.3578 0.4489 1.7296 0.2552 101.4071 97.3181
91612 GOODS-N 189.298341 62.277997 1.1915 1.1345 0.0202 3DHST 1.1047 0.1301 1.2059 0.0814 213.4579 177.4735
91792 GOODS-N 189.153463 62.278638 0.8209 0.6962 0.0185 3DHST 1.2299 0.2047 1.3874 0.1309 161.0725 95.1015
91800 GOODS-N 189.226211 62.282059 0.9698 0.9439 0.0214 3DHST 1.3436 0.1100 1.4723 0.0637 160.4454 152.3289
91947 GOODS-N 189.168573 62.278354 0.8416 0.6841 0.0629 3DHST 1.3510 0.2041 1.4215 0.1188 313.5608 128.1822
92108 GOODS-N 189.359789 62.279828 1.1625 1.1201 0.0128 3DHST 1.1547 0.1412 1.3098 0.0896 126.4495 92.7057
92203 GOODS-N 189.259588 62.278260 0.7909 0.5800 0.0519 3DHST 1.7252 0.4848 1.6441 0.2773 158.9475 104.0901
92233 GOODS-N 189.180716 62.278456 0.8768 0.8521 0.0243 3DHST 1.1873 0.2095 1.3591 0.1207 99.5709 92.8860
92250 GOODS-N 189.270134 62.278790 0.6273 0.5748 0.0108 3DHST 1.1774 0.2019 1.7035 0.1765 137.4113 92.4486
92276 GOODS-N 189.269839 62.278416 0.8855 1.1944 0.1305 3DHST 1.1752 0.2192 1.5560 0.1182 929.7175 429.3391
92291 GOODS-N 189.155606 62.280040 0.9289 0.9744 0.0597 3DHST 1.2666 0.1084 1.3758 0.0642 162.3962 129.1266
92316 GOODS-N 189.330950 62.280274 0.9463 0.8834 0.1110 3DHST 1.3466 0.3516 1.3737 0.1790 131.7036 121.1332
92378 GOODS-N 189.180581 62.281369 0.9633 1.0766 0.0237 3DHST 0.9497 0.0885 1.3430 0.0542 360.4790 172.1752
92467 GOODS-N 189.260343 62.279306 0.7640 0.6434 0.0095 3DHST 1.0304 0.1563 1.2724 0.0954 372.1134 232.2111
92535 GOODS-N 189.176764 62.279259 0.8286 0.8286 0.0089 3DHST 1.2291 0.0959 1.3818 0.0600 85.1645 85.1645
92570 GOODS-N 189.263825 62.279675 0.7234 0.5477 0.0121 3DHST 1.5575 0.2062 3.4732 0.4103 925.5264 208.0443
92859 GOODS-N 189.166959 62.281338 0.8948 0.8698 0.0143 3DHST 1.2740 0.2842 1.6951 0.1661 89.3547 84.4118
93012 GOODS-N 189.174989 62.280095 0.9207 0.8954 0.0294 3DHST 1.1893 0.2471 1.2011 0.1460 74.8615 66.8166
93156 GOODS-N 189.278632 62.284017 0.6503 0.3599 0.0157 3DHST nan nan nan nan 1384.4845 360.0374
93239 GOODS-N 189.343607 62.281022 0.8363 0.8121 0.0133 3DHST 1.0096 0.1124 1.3400 0.0707 88.8942 80.0508
93328 GOODS-N 189.303891 62.280354 1.1231 1.0679 0.0201 3DHST 1.1047 0.2656 1.2715 0.1522 93.7461 75.8454
93338 GOODS-N 189.385971 62.280178 0.9975 1.1387 0.0116 3DHST 1.2100 0.1076 1.4887 0.0650 2718.1730 2100.0082
93364 GOODS-N 189.384157 62.283030 1.0008 1.1557 0.0102 3DHST 1.1192 0.0707 1.3392 0.0422 2076.6250 1118.8236
93405 GOODS-N 189.170383 62.280581 0.7294 0.7066 0.0087 3DHST 1.0469 0.2571 1.2457 0.1293 150.9046 138.0067
93508 GOODS-N 189.318732 62.288818 0.6611 0.7364 0.0060 3DHST 1.4886 0.0813 1.8931 0.0496 3120.5735 2258.4767
93516 GOODS-N 189.230105 62.280408 0.8640 1.2002 0.1208 3DHST 1.3909 0.4975 1.4623 0.2562 132.4710 117.6476
93569 GOODS-N 189.334410 62.281540 0.9100 0.7905 0.0306 3DHST 1.0764 0.2468 1.0882 0.1409 165.3446 98.9979
93602 GOODS-N 189.167298 62.282237 0.9427 0.9427 0.0049 3DHST 1.3875 0.0876 1.6882 0.0532 106.7200 106.7200
93761 GOODS-N 189.232604 62.282207 1.1309 1.2027 0.0447 3DHST 1.3121 0.2570 1.4384 0.1651 110.9594 103.1048
93768 GOODS-N 189.252967 62.281115 0.9042 0.7100 0.0391 3DHST 0.9491 0.3492 1.6432 0.2776 130.5976 89.1630
93806 GOODS-N 189.338759 62.284678 1.1363 1.3171 0.0992 3DHST 1.3494 0.3340 1.3455 0.1793 182.9909 127.1003
93907 GOODS-N 189.261660 62.282233 0.9555 0.9555 0.0878 3DHST 1.2899 0.1080 1.6865 0.0749 413.6247 413.6247
93976 GOODS-N 189.155884 62.281731 0.8392 0.8392 0.0826 3DHST 1.5249 0.4733 1.8478 0.3121 85.3303 85.3303
94004 GOODS-N 189.247718 62.283017 1.1488 1.1344 0.0073 3DHST 1.3850 0.2030 1.8908 0.1413 286.8273 285.8563
94016 GOODS-N 189.379982 62.281936 0.9409 0.9942 0.0128 3DHST 1.1534 0.2000 1.1529 0.1043 327.7548 286.7855
94085 GOODS-N 189.299922 62.283239 1.0299 1.1246 0.0122 3DHST 1.1326 0.0876 1.3435 0.0522 887.3780 496.7150
94097 GOODS-N 189.220391 62.282055 0.7483 0.7139 0.0158 3DHST 0.8285 0.1314 1.1612 0.0931 109.1196 95.5914
94117 GOODS-N 189.304711 62.281862 1.1160 1.0883 0.0137 3DHST 1.0848 0.2354 1.3912 0.1409 102.0091 91.0883
94177 GOODS-N 189.153442 62.282347 1.0125 1.0304 0.0122 3DHST 0.9998 0.1746 1.1481 0.1026 107.1671 105.8245
94231 GOODS-N 189.379590 62.287515 0.9683 1.1088 0.0133 3DHST 1.2008 0.0918 1.2285 0.0496 920.3400 361.7654
94262 GOODS-N 189.174482 62.282687 0.8698 0.8330 0.0067 3DHST 1.1762 0.1123 1.3093 0.0691 237.0190 186.7656
94460 GOODS-N 189.191700 62.283656 1.0829 1.3979 0.0000 3DHST 3249863076584.6411 nan 0.0000 nan nan nan
94524 GOODS-N 189.237218 62.283353 0.9174 0.8676 0.0192 3DHST 1.2063 0.2304 1.2770 0.1347 110.3075 90.6851
94812 GOODS-N 189.161451 62.285227 0.6565 0.5725 0.0121 3DHST 1.1662 0.0902 1.7196 0.0786 388.0877 130.4529
94821 GOODS-N 189.336966 62.285277 0.7446 0.3416 0.0033 3DHST nan nan nan nan 3027.8612 1209.5984
94851 GOODS-N 189.214895 62.284029 0.9167 0.8914 0.0173 3DHST 1.3612 0.2620 1.4149 0.1268 90.2610 80.9731
94908 GOODS-N 189.157907 62.284072 1.1770 1.1625 0.0092 3DHST 0.9839 0.4013 1.1803 0.2196 97.8838 97.0216
95002 GOODS-N 189.409748 62.288320 0.8960 0.8833 0.0101 3DHST 1.8437 0.2385 1.9463 0.1145 102.3854 96.8280
95024 GOODS-N 189.359009 62.285332 0.7806 0.7343 0.0202 3DHST 1.4649 0.1708 1.3250 0.0752 179.3243 128.9282
95077 GOODS-N 189.381279 62.284286 1.0846 1.1362 0.0204 3DHST 1.1363 0.1328 1.5151 0.0825 748.4803 670.5696
95258 GOODS-N 189.360790 62.287180 0.6021 0.5809 0.0055 3DHST 1.4294 0.1137 2.2251 0.1079 230.7524 174.9201
95340 GOODS-N 189.220060 62.284920 0.9132 0.9397 0.0348 3DHST 1.0573 0.2907 1.5205 0.2068 70.1606 67.9286
95351 GOODS-N 189.378162 62.284334 0.8926 1.0251 0.0852 3DHST 1.1983 0.2475 1.2435 0.1437 302.5672 201.9927
95449 GOODS-N 189.328883 62.287279 0.9376 0.8872 0.0348 3DHST 1.1013 0.1627 1.1869 0.0900 177.0675 147.2895
95506 GOODS-N 189.154633 62.284995 0.8700 0.7866 0.1588 3DHST 1.1731 0.4170 1.4574 0.2678 113.1659 107.6996
95785 GOODS-N 189.371579 62.285696 1.1431 1.1011 0.0286 3DHST 1.1837 0.2596 1.5347 0.1783 72.3904 64.6800
95911 GOODS-N 189.350223 62.285840 1.2042 1.2211 0.0304 3DHST 0.9096 0.1884 1.3232 0.1437 127.5774 122.6953
96098 GOODS-N 189.393959 62.289896 0.8680 0.8077 0.0059 3DHST 1.1622 0.0697 1.3743 0.0396 550.0532 413.4081
96114 GOODS-N 189.369133 62.286344 1.0822 1.1063 0.0332 3DHST 1.6838 0.4389 1.2734 0.1842 92.2433 87.9916
96423 GOODS-N 189.364363 62.287319 0.7803 0.6900 0.0172 3DHST 1.4650 0.1767 1.2480 0.0700 226.0837 158.2827
96426 GOODS-N 189.383138 62.286266 0.6419 0.3679 0.0848 3DHST nan nan nan nan 402.0768 321.3444
96475 GOODS-N 189.357471 62.287441 0.8824 0.7321 0.0343 3DHST 1.1944 0.1120 1.4030 0.0732 463.1179 125.3524
96483 GOODS-N 189.359619 62.288543 1.1336 1.0254 0.1263 3DHST 0.7968 0.3362 1.0685 0.2007 95.9590 87.8388
96517 GOODS-N 189.245467 62.287353 0.8948 0.9701 0.0077 3DHST 1.5529 0.2087 1.9950 0.1164 239.3923 111.9505
96650 GOODS-N 189.194623 62.287853 0.8498 0.6613 0.0553 3DHST 1.2492 0.3532 1.3582 0.2120 164.1522 103.8570
97056 GOODS-N 189.401540 62.289934 1.1345 1.1598 0.0391 3DHST 1.3517 0.2579 1.6307 0.1391 91.6126 87.7912
97070 GOODS-N 189.230811 62.288413 0.8377 0.9815 0.0509 3DHST 1.2432 0.1525 1.2493 0.0839 211.3197 130.8739
97087 GOODS-N 189.168854 62.288043 0.8598 1.3869 0.1510 3DHST 1.5295 0.3982 1.4161 0.2226 185.8013 135.0024
97136 GOODS-N 189.257088 62.287944 0.6216 0.6432 0.0195 3DHST 1.2140 0.2123 1.6178 0.1351 78.6056 77.9919
97147 GOODS-N 189.400065 62.290635 0.7199 0.7199 0.0056 3DHST 1.2960 0.1001 1.5518 0.0526 97.4040 97.4040
97257 GOODS-N 189.380071 62.288022 1.0808 1.3083 0.0381 3DHST 1.0282 0.2453 1.3127 0.1758 292.3765 159.8220
97315 GOODS-N 189.228602 62.289209 1.1945 1.2939 0.0326 3DHST 1.0377 0.2124 1.1368 0.1346 130.1386 96.7543
97358 GOODS-N 189.278813 62.288741 0.6198 0.5674 0.0256 3DHST 1.1118 0.1269 1.8351 0.1400 692.6429 624.5502
97550 GOODS-N 189.357177 62.288694 1.0688 1.1143 0.0266 3DHST 0.9099 0.2110 1.2214 0.1521 146.8138 109.1301
97879 GOODS-N 189.398053 62.301554 0.8583 0.7983 0.0069 3DHST 1.2097 0.0831 1.4232 0.0471 830.3768 761.6620
98131 GOODS-N 189.254233 62.291663 0.6674 0.6931 0.0052 3DHST 1.3668 0.0904 1.6671 0.0538 300.1679 200.9331
98209 GOODS-N 189.319484 62.292672 0.7315 0.8019 0.0112 3DHST 1.5450 0.1279 1.3803 0.0611 428.6355 300.4107
98420 GOODS-N 189.330009 62.291225 1.1294 1.1428 0.0140 3DHST 1.1025 0.2208 1.3160 0.1361 92.4709 91.8565
98749 GOODS-N 189.415114 62.297441 1.1091 1.0951 0.0301 3DHST 1.0306 0.0630 1.1589 0.0348 1368.4081 1357.8431
98984 GOODS-N 189.317509 62.291899 1.0070 0.9935 0.0191 3DHST 1.0549 0.1348 1.2218 0.0808 178.6174 176.6158
98997 GOODS-N 189.363747 62.293169 0.9892 0.9918 0.0095 3DHST 1.1554 0.1303 1.3934 0.0812 149.3530 147.8438
99050 GOODS-N 189.251356 62.291971 0.7272 0.7748 0.0127 3DHST 0.9942 0.1843 1.4507 0.1329 118.2872 93.0019
99189 GOODS-N 189.252152 62.292729 0.6593 0.6373 0.1407 3DHST 1.0053 0.0843 1.2229 0.0478 778.9951 767.3379
99354 GOODS-N 189.248848 62.292131 0.9243 0.9456 0.0171 3DHST 1.0989 0.1808 1.7051 0.1363 80.5580 74.1381
99452 GOODS-N 189.249503 62.293362 0.6483 0.5549 0.0091 3DHST 1.1494 0.0872 2.4479 0.1520 535.5018 165.0369
99579 GOODS-N 189.277841 62.293940 1.1528 1.0181 0.0180 3DHST 1.0655 0.1032 1.2124 0.0649 485.8629 265.5648
99633 GOODS-N 189.299196 62.293389 0.9787 0.9527 0.0077 3DHST 1.6015 0.2414 1.6667 0.1292 86.5757 75.1306
100198 GOODS-N 189.319067 62.294156 0.9018 0.6778 0.1184 3DHST 1.2432 0.3486 1.2835 0.2057 156.2857 96.3065
100703 GOODS-N 189.271952 62.296316 0.7940 0.7475 0.0132 3DHST 1.0904 0.1284 1.1747 0.0620 329.2788 275.0221
100728 GOODS-N 189.355163 62.294339 0.8087 0.6542 0.0272 3DHST 1.1960 0.3009 1.3685 0.1950 141.3319 94.0477
100774 GOODS-N 189.253050 62.295183 0.6444 0.8430 0.0055 3DHST 1.4997 0.0969 2.3453 0.0736 7280.8785 2373.8742
101785 GOODS-N 189.260380 62.297173 0.9604 0.9641 0.0053 3DHST 1.1024 0.0875 1.2631 0.0515 260.0101 253.0273
101985 GOODS-N 189.292914 62.297503 0.6375 0.4447 0.1116 3DHST nan nan nan nan 109.4449 80.0846
102103 GOODS-N 189.251579 62.296933 0.6128 0.6128 0.0417 3DHST 1.2478 0.2307 1.3219 0.1360 109.2479 109.2479
102314 GOODS-N 189.272420 62.298066 0.8206 0.7848 0.0122 3DHST 1.1672 0.2953 1.3717 0.1852 91.9311 82.3529
102600 GOODS-N 189.300638 62.298432 1.1818 1.3713 0.0145 3DHST 1.1413 0.1368 0.4473 0.0687 201.7455 114.4431
102683 GOODS-N 189.280425 62.298596 0.9499 0.9719 0.0822 3DHST 1.0817 0.2536 1.2172 0.1539 95.3688 92.8696
102719 GOODS-N 189.314157 62.297554 0.6336 0.6228 0.0565 3DHST 1.0168 0.2547 1.2515 0.1607 78.2287 74.9072
102776 GOODS-N 189.263967 62.299603 0.9520 0.8531 0.0154 3DHST 1.1234 0.1019 1.2787 0.0575 649.7540 490.3873
102886 GOODS-N 189.267768 62.300591 0.6167 0.6059 0.0299 3DHST 1.4486 0.4216 1.5837 0.2369 92.3184 91.5928
102919 GOODS-N 189.261814 62.298687 0.7572 0.7228 0.0101 3DHST 0.9198 0.1313 1.3257 0.0945 168.2130 151.6360
103022 GOODS-N 189.248193 62.299611 0.9285 0.8307 0.0101 3DHST 1.0993 0.0772 1.1817 0.0416 653.3702 370.1946
103084 GOODS-N 189.242278 62.299363 0.8969 0.8476 0.0080 3DHST 1.0033 0.1056 1.0752 0.0585 188.2781 115.9680
103094 GOODS-N 189.321552 62.301367 0.9138 0.9939 0.0388 3DHST 0.9708 0.1091 1.4718 0.0767 305.7144 256.8694
103139 GOODS-N 189.244737 62.299324 0.8772 0.7821 0.0345 3DHST 1.2502 0.1151 1.3483 0.0607 293.9750 206.2014
103350 GOODS-N 189.427049 62.298945 0.7477 0.4400 0.1820 3DHST nan nan nan nan 162.3889 72.9427
104213 GOODS-N 189.325658 62.300023 0.9074 0.9630 0.0426 3DHST 4.0580 1.3606 3.3900 0.6354 2370.8623 2214.6034
104306 GOODS-N 189.351285 62.301235 1.1623 1.1200 0.0209 3DHST 1.1745 0.2457 1.2702 0.1578 82.3835 75.9386
104408 GOODS-N 189.377760 62.301358 0.9606 1.1512 0.0355 3DHST 1.2940 0.2459 1.3272 0.1367 371.3805 172.8006
104616 GOODS-N 189.419148 62.302925 1.0227 0.9700 0.0111 3DHST 1.1945 0.1197 1.1303 0.0627 224.8089 136.8671
104633 GOODS-N 189.259173 62.305388 0.7998 0.4749 0.0581 3DHST nan nan nan nan 472.5573 144.1062
104779 GOODS-N 189.239744 62.301126 0.9296 0.9042 0.0506 3DHST 1.2146 0.2940 1.2458 0.1628 84.8443 79.9330
104802 GOODS-N 189.429096 62.308475 0.7809 0.7693 0.0093 3DHST 1.9009 0.1073 2.3598 0.0722 7295.5459 7260.8813
105048 GOODS-N 189.277166 62.305179 0.7963 0.8136 0.0127 3DHST 0.9922 0.1046 1.6054 0.0845 149.4349 137.5813
105095 GOODS-N 189.245545 62.302852 0.9196 0.8697 0.0135 3DHST 1.1691 0.1236 1.1637 0.0661 246.2077 201.8267
105303 GOODS-N 189.391863 62.301683 1.0872 1.2775 0.0191 3DHST 1.3460 0.1650 1.5870 0.0969 954.2875 422.0645
105455 GOODS-N 189.260316 62.305731 0.7312 0.7531 0.0097 3DHST 1.5162 0.1358 1.5920 0.0716 124.1381 113.6485
105709 GOODS-N 189.305622 62.304323 1.0527 1.0527 0.0153 3DHST 1.3805 0.1800 1.2775 0.0926 129.9294 129.9294
105729 GOODS-N 189.286372 62.303592 1.1808 1.1957 0.0082 3DHST 1.1341 0.2541 1.3864 0.1703 81.1745 79.1478
106442 GOODS-N 189.264270 62.304408 0.9297 0.9615 0.0214 3DHST 1.2334 0.2510 1.2059 0.1369 127.0801 116.2693
106551 GOODS-N 189.258781 62.304533 0.7799 0.7450 0.0215 3DHST 1.5228 0.2340 1.4115 0.1033 125.8725 108.3897
106613 GOODS-N 189.274167 62.304885 0.9258 0.7830 0.0183 3DHST 1.4024 0.2068 1.3141 0.0903 370.3664 190.3909
107021 GOODS-N 189.272758 62.306879 0.8782 0.8413 0.0509 3DHST 1.5448 0.3110 1.6341 0.1571 117.2068 101.1524
107056 GOODS-N 189.415809 62.305349 0.9056 0.7322 0.1089 3DHST 1.4032 0.4525 1.5308 0.2242 142.8648 72.7887
107152 GOODS-N 189.379063 62.305774 0.9918 1.0200 0.0218 3DHST 1.1212 0.1015 1.2743 0.0575 604.7577 547.2591
107263 GOODS-N 189.320124 62.306741 0.8331 0.7972 0.0225 3DHST 1.2085 0.1619 1.3544 0.0789 423.2945 410.9395
107452 GOODS-N 189.302530 62.307989 0.6323 0.5398 0.0127 3DHST 4.4268 5.4408 8.3257 10.1083 84.7402 68.7560
107654 GOODS-N 189.318580 62.306995 1.1356 1.1601 0.0185 3DHST 1.0073 0.2447 1.2669 0.1346 165.0694 152.8998
107999 GOODS-N 189.325159 62.306396 0.9056 1.3894 0.0270 3DHST 1.6116 0.7150 1.8829 0.3399 279.0405 144.1951
108279 GOODS-N 189.382191 62.307227 0.8534 0.5024 0.0060 3DHST nan nan nan nan 2348.0000 1527.5740
108321 GOODS-N 189.358436 62.307576 0.8843 0.8860 0.0639 3DHST 0.9919 0.2374 1.1620 0.1197 142.0447 139.8228
108448 GOODS-N 189.379386 62.308480 1.1505 1.1505 0.0141 3DHST 1.1253 0.0873 1.3169 0.0564 498.6337 498.6337
108516 GOODS-N 189.260976 62.307233 1.1664 1.2037 0.0322 3DHST 1.2744 0.4651 1.1799 0.2299 113.4187 110.5997
108721 GOODS-N 189.325772 62.307815 0.8189 0.7832 0.0472 3DHST 1.4511 0.3235 1.4850 0.1804 121.6174 115.1604
108799 GOODS-N 189.380887 62.307418 1.0086 1.3087 0.0361 3DHST 1.2578 0.1583 1.5362 0.0983 1426.6085 672.6314
109225 GOODS-N 189.285301 62.309004 1.2069 1.0688 0.0740 3DHST 1.0963 0.4970 1.2866 0.2538 127.7979 99.6321
109592 GOODS-N 189.356213 62.313974 0.8293 0.7588 0.0078 3DHST 1.1830 0.0659 1.5287 0.0453 491.6243 201.7497
109801 GOODS-N 189.289007 62.310022 0.8246 0.7105 0.0346 3DHST 1.2862 0.1788 1.4462 0.0910 301.1363 156.8971
109851 GOODS-N 189.271150 62.312148 0.8532 0.7592 0.0592 3DHST 1.2188 0.2130 1.5355 0.1241 333.6319 253.8639
109990 GOODS-N 189.418674 62.309709 0.8108 0.7870 0.0571 3DHST 1.6023 0.5331 1.3347 0.2037 83.2402 80.8674
110145 GOODS-N 189.347170 62.310297 1.0203 1.1500 0.0126 3DHST 1.2720 0.2048 1.4345 0.1126 522.8263 264.8441
110223 GOODS-N 189.312857 62.310564 0.7205 0.3369 0.0000 3DHST nan nan nan nan 12931.6504 12173.3111
110268 GOODS-N 189.433686 62.310267 1.1745 1.1602 0.0180 3DHST 1.1263 0.2576 1.2773 0.1423 73.1888 71.9689
110367 GOODS-N 189.264167 62.310292 1.1139 1.1356 0.0319 3DHST 1.0201 0.2032 1.2030 0.1120 249.6813 236.9448
110489 GOODS-N 189.346441 62.310807 0.8800 1.1253 0.0160 3DHST 1.1326 0.1030 1.2111 0.0582 3116.1648 1248.5223
110688 GOODS-N 189.320459 62.311555 0.8839 0.7660 0.0193 3DHST 1.3842 0.3603 1.4742 0.1619 194.5140 141.6368
110814 GOODS-N 189.278136 62.312963 0.6105 0.6707 0.0179 3DHST 1.2557 0.3206 1.3559 0.1651 93.1990 80.8170
111096 GOODS-N 189.402014 62.311589 1.0237 1.0499 0.0167 3DHST 1.2227 0.3308 1.2184 0.1711 96.0602 91.6559
111648 GOODS-N 189.353802 62.312429 1.2113 1.1260 0.0205 3DHST 1.0731 0.1480 1.1893 0.0938 231.7960 162.7657
112002 GOODS-N 189.273162 62.313749 1.1910 1.2454 0.0244 3DHST 1.1865 0.1364 1.3886 0.0919 179.3222 174.1261
112100 GOODS-N 189.398654 62.313121 0.6715 0.3697 0.0446 3DHST nan nan nan nan 1518.1686 1058.3118
112181 GOODS-N 189.341787 62.314030 0.9265 1.1026 0.0798 3DHST 1.5489 0.3215 1.4805 0.1406 372.7488 205.6501
112339 GOODS-N 189.273057 62.314326 1.1575 1.1152 0.0436 3DHST 0.9792 0.1930 1.1541 0.1116 173.7345 163.8975
112383 GOODS-N 189.351594 62.313795 0.6166 0.5745 0.0112 3DHST 1.1779 0.2361 1.8457 0.2237 126.5772 117.2437
112486 GOODS-N 189.323643 62.314102 0.8059 0.7820 0.0186 3DHST 0.8215 0.1164 1.1305 0.0790 220.1141 216.5508
112509 GOODS-N 189.418455 62.314980 0.9551 1.3184 0.1856 3DHST 1.3029 0.1821 1.5579 0.1149 173.9623 127.8480
112683 GOODS-N 189.443930 62.315621 0.6001 0.6001 0.0116 3DHST 1.1553 0.2334 1.3543 0.1336 90.7182 90.7182
113696 GOODS-N 189.337136 62.317115 0.7345 0.7005 0.0281 3DHST 1.2201 0.2447 1.3514 0.1323 123.7967 112.6687
113700 GOODS-N 189.405541 62.315832 1.0851 1.0713 0.0325 3DHST 1.0562 0.2634 1.4070 0.1586 112.5666 112.2822
113746 GOODS-N 189.353757 62.316084 0.7444 0.7101 0.0236 3DHST 1.1311 0.2487 1.6056 0.1696 85.3254 78.4655
114275 GOODS-N 189.317003 62.316991 0.9529 0.9601 0.0075 3DHST 1.1520 0.1112 1.2330 0.0632 170.3963 164.2459
114628 GOODS-N 189.397163 62.321726 0.8197 0.8512 0.0376 3DHST 1.2142 0.0702 1.5239 0.0457 597.4548 535.9366
115421 GOODS-N 189.308617 62.318199 0.7809 1.0878 0.0257 3DHST 2.6100 0.3384 2.2670 0.1419 1546.1299 594.3442
115636 GOODS-N 189.331296 62.319373 0.9488 1.0402 0.0744 3DHST 1.0916 0.2648 1.0742 0.1416 170.3395 137.3958
116341 GOODS-N 189.311823 62.320345 1.2092 1.2235 0.0084 3DHST 1.7347 0.1792 1.7208 0.0909 119.2010 104.9175
116527 GOODS-N 189.360785 62.319993 0.8436 0.9706 0.2281 3DHST 0.9129 0.2517 1.1495 0.1431 150.1267 110.5716
116636 GOODS-N 189.309528 62.320181 1.1764 1.1937 0.0144 3DHST 1.1809 0.2561 1.3197 0.1424 104.5752 97.8444
116976 GOODS-N 189.419765 62.322306 1.1651 1.2649 0.0467 3DHST 1.4417 0.2593 1.7543 0.1506 153.3026 111.5442
117046 GOODS-N 189.419015 62.321471 0.7607 0.5907 0.0250 3DHST 1.5209 0.2495 1.6237 0.1478 531.2108 362.6960
117153 GOODS-N 189.376298 62.321409 0.8824 0.7870 0.0144 3DHST 1.1177 0.1575 1.2267 0.0964 242.1463 146.6359
117360 GOODS-N 189.281073 62.322074 0.8698 0.8698 0.0276 3DHST 1.2782 0.1821 1.6244 0.1264 131.3350 131.3350
117385 GOODS-N 189.315519 62.321328 1.2085 1.1100 0.0082 3DHST 1.2006 0.2015 1.2575 0.1093 249.5454 132.9695
117609 GOODS-N 189.332829 62.322176 0.6045 0.5232 0.0276 3DHST 4.1604 3.5596 8.5152 7.1843 289.6344 246.7190
117715 GOODS-N 189.400004 62.322158 0.9910 1.1053 0.0267 3DHST 1.1698 0.2321 1.3911 0.1381 255.1331 154.4211
117825 GOODS-N 189.395781 62.323655 0.6260 0.5838 0.0058 3DHST 1.1882 0.0867 1.5548 0.0606 224.3520 107.7476
117828 GOODS-N 189.295843 62.324631 1.1502 1.1502 0.0129 3DHST 1.1692 0.0983 1.4477 0.0659 124.5286 124.5286
117847 GOODS-N 189.375144 62.322576 0.8846 0.8597 0.0140 3DHST 0.9635 0.2589 1.1269 0.1284 92.8642 85.3917
118148 GOODS-N 189.387321 62.323284 0.9087 0.9087 0.0167 3DHST 1.0656 0.1203 1.2282 0.0683 271.6722 271.6722
118250 GOODS-N 189.345063 62.323747 0.9130 0.6488 0.0825 3DHST 0.9270 0.3887 1.1616 0.2249 168.5395 121.9982
118361 GOODS-N 189.283051 62.323206 0.7602 0.7370 0.0142 3DHST 1.4092 0.3662 1.3844 0.1827 85.3208 83.4769
118615 GOODS-N 189.309184 62.323789 0.9106 0.9126 0.0171 3DHST 0.9541 0.2167 1.1104 0.1424 77.8018 75.6450
118642 GOODS-N 189.335281 62.325393 0.8929 0.9693 0.0277 3DHST 1.1590 0.0988 1.2185 0.0596 430.8018 358.9305
118719 GOODS-N 189.404761 62.324194 1.2089 1.1238 0.0333 3DHST 1.2728 0.4060 1.1214 0.1907 115.4742 96.8708
119191 GOODS-N 189.388569 62.326777 1.0187 1.0471 0.0131 3DHST 1.4410 0.1791 1.5522 0.0888 140.0952 90.4775
119345 GOODS-N 189.345189 62.326891 0.7861 0.7861 0.0085 3DHST 0.8553 0.0752 1.1703 0.0495 186.9449 186.9449
119616 GOODS-N 189.363144 62.328057 1.0252 1.0645 0.0223 3DHST 1.1258 0.2501 1.2780 0.1437 110.9692 97.1710
119621 GOODS-N 189.442324 62.331729 0.7994 1.3963 0.0000 3DHST 1.3289 0.0733 1.6706 0.0509 6920.3843 3403.0789
119657 GOODS-N 189.315509 62.332521 0.8336 0.8590 0.0057 3DHST 1.2998 0.0853 1.5672 0.0446 3180.2847 2534.4952
119723 GOODS-N 189.350411 62.327608 0.8001 0.8001 0.0419 3DHST 1.0676 0.0731 1.1271 0.0417 894.9305 894.9305
119764 GOODS-N 189.326353 62.327388 1.2252 1.2454 0.0714 3DHST 0.9251 0.3052 1.2392 0.2216 131.9011 127.9497
119879 GOODS-N 189.359991 62.329178 1.0516 1.0379 0.0125 3DHST 1.3563 0.1115 1.6701 0.0683 120.4340 119.6154
120374 GOODS-N 189.438753 62.332758 0.7525 1.3924 0.0000 3DHST nan nan nan nan 0.0000 0.0000
120498 GOODS-N 189.397403 62.329624 1.1820 1.3209 0.0624 3DHST 1.3512 0.2122 1.0161 0.1205 119.4844 80.2571
120544 GOODS-N 189.406644 62.329495 0.8586 1.1301 0.0965 3DHST 1.0857 0.2989 1.1126 0.1603 260.0684 114.0171
120572 GOODS-N 189.376583 62.328879 0.9026 0.4336 0.0665 3DHST nan nan nan nan 476.5746 277.5378
120691 GOODS-N 189.395343 62.329657 1.1661 1.0693 0.1088 3DHST 1.0456 0.2915 1.1626 0.1563 110.7467 96.4163
120726 GOODS-N 189.331629 62.330150 0.7745 0.6531 0.0202 3DHST 1.1970 0.1806 1.4667 0.1025 231.6670 113.3091
120733 GOODS-N 189.343104 62.329447 1.0599 1.0814 0.0251 3DHST 1.0075 0.1935 1.2124 0.1180 203.2592 194.8124
121009 GOODS-N 189.325308 62.331582 1.1458 1.1315 0.0246 3DHST 1.1760 0.3096 1.2806 0.1609 113.7072 113.0142
121093 GOODS-N 189.358742 62.331714 0.7849 0.7614 0.0637 3DHST 1.3522 0.4066 1.5837 0.2293 93.4974 91.1061
121143 GOODS-N 189.398741 62.331032 0.6038 0.5826 0.0194 3DHST 1.3459 0.2879 1.7379 0.2069 80.1261 76.1344
121232 GOODS-N 189.364826 62.332526 0.8394 0.7135 0.0231 3DHST 1.2582 0.1910 1.6206 0.1339 208.7101 79.2447
121302 GOODS-N 189.337234 62.332309 0.7781 0.6262 0.0095 3DHST 0.9400 0.0885 1.3465 0.0612 625.5278 147.0636
121428 GOODS-N 189.399052 62.334916 0.6387 0.9260 0.0202 3DHST 1.1001 0.0758 1.2425 0.0416 949.8685 446.2701
121439 GOODS-N 189.309340 62.333012 0.9132 1.0509 0.0184 3DHST 0.9902 0.0657 1.3983 0.0442 5183.7691 3748.3827
121521 GOODS-N 189.324692 62.334534 0.9750 0.9113 0.0141 3DHST 1.3036 0.2378 1.4615 0.1387 107.5821 89.8492
121854 GOODS-N 189.415536 62.332523 0.8378 1.3151 0.1841 3DHST 1.1343 0.3979 1.2873 0.2393 240.8551 120.1611
121909 GOODS-N 189.341082 62.333896 0.7665 0.7665 0.0077 3DHST 1.0449 0.2810 1.4958 0.2007 85.8097 85.8097
122027 GOODS-N 189.307626 62.333843 0.8956 1.2343 0.0084 3DHST 1.5233 0.0995 1.6468 0.0499 7112.6953 2558.8479
122267 GOODS-N 189.419315 62.335533 0.7485 0.7869 0.0163 3DHST 1.0622 0.1019 1.1428 0.0487 433.7026 391.7664
122560 GOODS-N 189.397021 62.335666 1.0544 1.0273 0.0121 3DHST 1.1491 0.0862 1.2496 0.0461 549.9593 517.4937
122616 GOODS-N 189.381705 62.335813 1.1551 1.1551 0.0335 3DHST 1.1987 0.2983 1.3228 0.1448 115.5292 115.5292
122757 GOODS-N 189.354669 62.335743 0.7758 0.7524 0.0113 3DHST 0.9060 0.1098 1.1654 0.0691 248.8231 236.9132
122855 GOODS-N 189.399077 62.336073 1.0643 0.9846 0.0116 3DHST 1.1156 0.1303 1.3300 0.0738 368.6492 243.1150
122947 GOODS-N 189.371229 62.335776 1.1380 1.1909 0.0163 3DHST 1.2506 0.3142 1.5428 0.1796 161.3378 142.8638
123008 GOODS-N 189.372832 62.336040 1.0053 1.0269 0.0646 3DHST 1.8092 0.5335 1.8871 0.2726 113.6981 102.7042
123142 GOODS-N 189.323948 62.336154 0.7298 1.3372 0.0097 3DHST 1.6207 0.1423 1.5056 0.0644 1852.4376 1249.6585
123255 GOODS-N 189.411588 62.343637 0.7458 0.5587 0.2016 3DHST 0.8598 0.0454 2.1588 0.0805 2892.5862 289.7390
123290 GOODS-N 189.398052 62.338503 1.1456 1.1313 0.0142 3DHST 1.2329 0.1577 1.4116 0.0833 139.6310 136.8503
123476 GOODS-N 189.375896 62.342431 0.6382 0.5454 0.0100 3DHST 1.4213 0.1231 3.0600 0.2322 376.0092 142.8762
123538 GOODS-N 189.393175 62.341949 0.9379 0.9124 0.0077 3DHST 1.2981 0.0910 1.5700 0.0543 319.9693 305.3678
123809 GOODS-N 189.361328 62.338468 1.0056 0.9407 0.0077 3DHST 1.5414 0.1668 1.7726 0.0976 226.7289 126.6017
123811 GOODS-N 189.398084 62.341872 0.6322 0.6106 0.0070 3DHST 1.4618 0.1255 1.5326 0.0675 125.2214 110.5846
123850 GOODS-N 189.392258 62.338982 0.9911 1.0061 0.0091 3DHST 1.4562 0.3223 1.8173 0.2040 73.9576 69.9426
123863 GOODS-N 189.444557 62.338412 1.1609 1.2015 0.0224 3DHST 1.2931 0.1639 1.4731 0.1054 208.3363 159.2237
124051 GOODS-N 189.330578 62.339745 0.9985 0.9853 0.0148 3DHST 1.0863 0.1517 1.2106 0.0893 116.0776 110.3368
124069 GOODS-N 189.383132 62.339029 0.6190 0.8695 0.0054 3DHST 2.1925 0.2551 2.5641 0.1480 3632.7044 789.3667
124177 GOODS-N 189.361896 62.339942 0.8165 0.7926 0.0282 3DHST 0.7840 0.2327 1.1254 0.1630 72.4677 68.3306
124190 GOODS-N 189.444737 62.338858 1.1967 1.2026 0.0148 3DHST 1.2032 0.2522 1.5133 0.1458 207.7811 203.1769
124194 GOODS-N 189.316260 62.340161 0.6595 0.6270 0.0102 3DHST 1.1733 0.2077 1.4586 0.1181 199.1713 173.9286
124386 GOODS-N 189.390277 62.344599 0.8181 0.8505 0.0275 3DHST 1.2827 0.1073 1.4598 0.0680 173.3261 141.1102
124428 GOODS-N 189.338029 62.339953 1.0056 1.1426 0.0078 3DHST 1.2233 0.0796 1.4561 0.0467 3332.1246 2122.8520
124678 GOODS-N 189.356951 62.341405 1.1639 1.1639 0.0111 3DHST 1.0660 0.2899 1.4264 0.2021 69.3094 69.3094
124707 GOODS-N 189.305595 62.340404 1.1664 1.2039 0.0142 3DHST 0.9988 0.1986 1.1585 0.1127 187.5555 177.5831
124774 GOODS-N 189.311057 62.340642 0.9384 1.3476 0.1902 3DHST 1.2019 0.2901 1.4550 0.1853 364.0942 233.2133
125086 GOODS-N 189.366080 62.343073 1.1390 1.1473 0.0109 3DHST 1.4602 0.1414 1.6907 0.0837 157.2331 146.7794
125272 GOODS-N 189.344383 62.343919 0.8101 0.8101 0.0094 3DHST 1.3123 0.1630 1.7439 0.1112 78.6705 78.6705
125377 GOODS-N 189.416678 62.343528 0.7343 0.4863 0.1784 3DHST nan nan nan nan 107.2615 84.9927
125716 GOODS-N 189.356141 62.344092 0.7236 0.3897 0.0421 3DHST nan nan nan nan 320.0041 209.3241
125735 GOODS-N 189.334492 62.344551 1.0366 0.6875 0.0257 3DHST 0.9211 0.1920 1.2301 0.1198 368.1899 127.6529
125754 GOODS-N 189.344991 62.344676 1.0984 1.0306 0.0078 3DHST 1.1134 0.1261 1.1972 0.0721 366.5513 206.2835
125832 GOODS-N 189.368309 62.344389 1.0937 1.0976 0.0151 3DHST 1.0623 0.2518 1.3353 0.1466 87.4037 87.2739
125934 GOODS-N 189.368467 62.345781 1.1350 1.1600 0.0211 3DHST 1.1747 0.2229 1.4301 0.1258 100.5486 92.5954
125948 GOODS-N 189.362859 62.345819 0.9445 0.8817 0.0116 3DHST 1.1073 0.1269 1.3498 0.0826 219.8678 143.4908
125975 GOODS-N 189.407834 62.344895 1.0323 1.0540 0.0194 3DHST 1.4951 0.4335 1.2925 0.2149 78.3783 75.7071
126084 GOODS-N 189.402794 62.347645 0.9563 0.9747 0.0089 3DHST 1.7445 0.1264 1.9661 0.0654 270.5486 221.7199
126238 GOODS-N 189.375219 62.345421 0.9155 1.2099 0.0514 3DHST 1.2856 0.5224 1.3764 0.2686 157.8963 91.3513
126448 GOODS-N 189.380266 62.346242 1.0864 1.1371 0.0680 3DHST 1.0335 0.4153 1.4925 0.2456 124.0006 114.2037
126863 GOODS-N 189.366043 62.347519 1.1379 1.0956 0.0141 3DHST 1.2734 0.2200 1.5452 0.1356 89.2532 79.8134
127040 GOODS-N 189.376716 62.347767 0.9819 1.2607 0.0734 3DHST 1.2551 0.2640 1.3865 0.1506 373.9886 264.1254
127073 GOODS-N 189.382344 62.349908 0.8399 0.2951 0.3169 3DHST nan nan nan nan 1238.8720 1103.8168
127093 GOODS-N 189.372164 62.347603 1.0178 1.2957 0.1099 3DHST 1.1602 0.3507 1.4006 0.2386 249.1144 141.8050
127420 GOODS-N 189.357042 62.349294 1.0553 0.9889 0.0075 3DHST 1.0842 0.0830 1.3653 0.0493 478.4282 261.1581
127736 GOODS-N 189.360558 62.350527 1.1539 1.1397 0.0602 3DHST 1.1470 0.2370 1.3492 0.1270 116.4004 115.2729
128179 GOODS-N 189.366735 62.350558 0.9812 0.9297 0.0237 3DHST 1.2122 0.3475 1.5386 0.2092 90.4935 78.5012
