# Catalog for all galaxies that now have refined redshifts. See paper/code for sample selection. 
# pearsid field ra dec old_z new_z new_z_err source dn4000 dn4000_err d4000 d4000_err old_chi2 new_chi2
8051 GOODS-S 53.156380 -27.931625 1.0882 0.9823 0.0161 3DHST 1.2410 0.1762 1.2425 0.0941 269.8646 144.2564
9343 GOODS-S 53.172900 -27.928908 0.6417 0.5485 0.0127 3DHST 1.5350 0.3405 3.7711 0.7375 156.1818 87.3240
9378 GOODS-S 53.179339 -27.923595 0.6947 0.6947 0.0085 3DHST 0.9316 0.0718 1.1941 0.0479 308.1361 308.1361
9382 GOODS-S 53.144008 -27.928778 0.9816 0.9816 0.0098 3DHST 1.1958 0.1413 1.3314 0.0807 129.0673 129.0673
11507 GOODS-S 53.182752 -27.925014 0.6890 0.6034 0.0237 3DHST 1.2269 0.2832 1.4714 0.1545 123.6099 79.5827
12062 GOODS-S 53.158840 -27.925242 1.0427 1.0158 0.0160 3DHST 1.4214 0.1356 1.3513 0.0700 266.9366 258.2201
12128 GOODS-S 53.128051 -27.925502 0.6806 0.4740 0.0194 3DHST nan nan nan nan 160.7871 95.3817
12378 GOODS-S 53.137956 -27.923834 0.6742 0.6630 0.0050 3DHST 1.1253 0.0788 1.5095 0.0552 147.0410 142.2850
12457 GOODS-S 53.170518 -27.924233 0.6790 0.6352 0.1247 3DHST 1.0021 0.2745 1.4397 0.1904 134.6370 119.8848
13283 GOODS-S 53.160557 -27.923022 0.8031 0.7793 0.0445 3DHST 1.4853 0.5561 1.4698 0.2349 68.5334 66.0763
13425 GOODS-S 53.151226 -27.923327 1.1451 1.3379 0.0974 3DHST nan nan nan nan 6250.0094 4140.0889
13499 GOODS-S 53.169843 -27.918154 1.0053 0.9789 0.0104 3DHST 1.1977 0.0776 1.3818 0.0449 479.9324 440.8296
13543 GOODS-S 53.131480 -27.921453 1.1854 1.1012 0.0437 3DHST 1.1830 0.2586 1.4078 0.1449 99.3362 85.8352
13856 GOODS-S 53.184806 -27.920428 0.9531 0.9023 0.0083 3DHST 0.8892 0.0815 1.2499 0.0507 368.7275 267.3751
13986 GOODS-S 53.172094 -27.920529 0.6124 0.6124 0.0140 3DHST 1.4174 0.3277 1.7741 0.1896 74.3229 74.3229
14093 GOODS-S 53.171685 -27.921843 0.7990 0.6656 0.0666 3DHST 1.1015 0.3945 1.5063 0.3007 109.9889 77.1006
14215 GOODS-S 53.145639 -27.919770 0.8531 0.7481 0.0115 3DHST 1.1283 0.1134 1.3254 0.0601 388.0233 180.6459
14386 GOODS-S 53.139745 -27.920454 0.6661 0.6334 0.0095 3DHST 1.2424 0.1873 1.2494 0.0872 100.0771 82.3935
14555 GOODS-S 53.177962 -27.917693 0.6283 0.6175 0.0043 3DHST 1.3839 0.0934 1.6605 0.0554 125.1222 120.7177
14663 GOODS-S 53.193954 -27.918887 1.1146 1.0867 0.0251 3DHST 1.0899 0.1691 1.2032 0.0904 202.6675 185.2788
15005 GOODS-S 53.128251 -27.915264 0.6736 0.5989 0.0156 3DHST 1.2968 0.2296 1.3147 0.1104 171.2754 126.9608
15093 GOODS-S 53.184772 -27.918456 1.2034 1.1323 0.0296 3DHST 0.9004 0.3099 1.1009 0.2095 94.3523 83.1843
15912 GOODS-S 53.129841 -27.915079 0.6888 0.5076 0.2137 3DHST nan nan nan nan 144.5147 99.8049
16131 GOODS-S 53.192549 -27.915824 0.6353 0.5723 0.0102 3DHST 1.1776 0.1424 1.7326 0.1257 225.5293 100.3980
16151 GOODS-S 53.131806 -27.917095 1.0489 1.0354 0.0318 3DHST 1.0707 0.2011 1.3129 0.1341 105.4450 101.9240
16290 GOODS-S 53.188921 -27.914171 0.7225 0.6456 0.0346 3DHST 1.5419 0.3326 1.4487 0.1700 88.4642 80.0943
16371 GOODS-S 53.160616 -27.916860 1.1787 1.0815 0.0244 3DHST 1.2217 0.3756 1.3157 0.2090 121.8222 74.9358
16596 GOODS-S 53.130366 -27.915512 0.6709 0.3921 0.0558 3DHST nan nan nan nan 335.1764 138.4128
16836 GOODS-S 53.138123 -27.910514 0.9249 0.9121 0.0105 3DHST 1.1074 0.1286 1.4058 0.0895 122.6108 119.0135
17022 GOODS-S 53.191877 -27.912430 0.7286 0.7286 0.0187 3DHST 1.2209 0.0961 1.3989 0.0482 829.3258 829.3258
17024 GOODS-S 53.153370 -27.913962 0.6513 0.5384 0.0151 3DHST 2.3581 0.4748 5.6148 1.0661 448.8473 103.3147
17092 GOODS-S 53.175998 -27.914579 0.7808 0.7809 0.0125 3DHST 1.5779 0.3345 1.1736 0.1308 83.7236 83.0906
17163 GOODS-S 53.183307 -27.915043 0.9140 0.5106 0.2776 3DHST nan nan nan nan 521.8316 271.0047
17414 GOODS-S 53.205598 -27.907577 0.6446 0.6458 0.0087 3DHST 1.1482 0.0948 1.1279 0.0431 311.0410 310.9097
17495 GOODS-S 53.130366 -27.913615 0.7809 0.8051 0.0266 3DHST 1.7409 0.4315 1.3460 0.1619 96.8976 83.9290
17704 GOODS-S 53.184784 -27.913397 0.7287 0.7400 0.0106 3DHST 1.2170 0.1738 1.4093 0.0932 70.3647 68.6904
18260 GOODS-S 53.193371 -27.903872 0.6637 0.6526 0.0058 3DHST 1.1990 0.0712 1.3817 0.0400 725.0467 718.2362
18882 GOODS-S 53.161364 -27.910446 0.6640 0.4680 0.2253 3DHST nan nan nan nan 276.1192 179.2646
18972 GOODS-S 53.171617 -27.910572 0.9221 0.6567 0.1030 3DHST 1.4575 0.5518 1.4214 0.3084 108.5300 82.0148
19226 GOODS-S 53.141256 -27.907070 0.6603 0.6384 0.0147 3DHST 1.2856 0.1680 1.6817 0.1039 1138.6294 1133.3492
19435 GOODS-S 53.142984 -27.909361 0.6791 0.6145 0.0240 3DHST 1.2059 0.3542 1.5951 0.2251 138.0225 107.5141
19585 GOODS-S 53.196591 -27.908622 0.6809 0.5957 0.0376 3DHST 1.4249 0.4804 1.4976 0.2636 92.8967 76.0197
19683 GOODS-S 53.148499 -27.908316 1.0252 0.6416 0.1892 3DHST 1.0478 0.1786 1.1735 0.1030 352.5793 218.3653
19774 GOODS-S 53.201988 -27.904447 0.8508 0.8808 0.0110 3DHST 1.0881 0.1278 1.3173 0.0849 1614.8619 1537.0055
20072 GOODS-S 53.168695 -27.907433 1.1371 1.0287 0.2208 3DHST 1.1209 0.3384 1.2586 0.1942 136.9577 95.7918
20901 GOODS-S 53.144242 -27.905625 1.1508 1.0417 0.0534 3DHST 0.9942 0.2489 1.2160 0.1640 147.2776 92.9222
20957 GOODS-S 53.134580 -27.905617 0.6695 0.6260 0.0178 3DHST 1.2346 0.2661 1.5381 0.1613 107.5948 90.9284
21592 GOODS-S 53.145924 -27.901462 0.6773 0.6773 0.0058 3DHST 1.3449 0.1203 1.3817 0.0579 213.9987 213.9987
21612 GOODS-S 53.175819 -27.903717 0.7295 0.6112 0.0557 3DHST 1.1717 0.1553 1.3105 0.0763 425.4415 147.2029
21647 GOODS-S 53.154657 -27.903758 0.7755 0.6337 0.0344 3DHST 0.8897 0.2367 1.2747 0.1560 148.1261 94.9360
21730 GOODS-S 53.183049 -27.903219 0.8345 0.5996 0.2535 3DHST 1.2967 0.5167 1.3530 0.2109 207.4397 107.0907
21741 GOODS-S 53.211895 -27.903781 0.7363 0.5593 0.2020 3DHST 1.3069 0.4606 3.2556 0.9778 202.2170 104.0726
22259 GOODS-S 53.208274 -27.901509 0.9368 0.8504 0.0164 3DHST 1.3616 0.2405 1.2696 0.1072 160.4168 100.3042
22402 GOODS-S 53.141867 -27.901909 0.8215 0.7292 0.0078 3DHST 1.5131 0.1351 1.3751 0.0589 316.2447 101.6323
22708 GOODS-S 53.142595 -27.899975 0.6868 0.6646 0.0105 3DHST 1.2062 0.1168 1.2250 0.0543 117.5219 103.5101
22784 GOODS-S 53.179390 -27.901761 0.7510 0.6622 0.0511 3DHST 1.2175 0.3622 1.2365 0.1823 95.4196 78.5728
22917 GOODS-S 53.170918 -27.900476 0.6721 0.6721 0.0055 3DHST 1.7502 0.2376 1.7125 0.1272 76.3002 76.3002
23142 GOODS-S 53.160673 -27.897112 0.6634 0.6523 0.0033 3DHST 1.3788 0.0828 1.6280 0.0479 156.5432 107.4734
23172 GOODS-S 53.145209 -27.897243 0.6746 0.6746 0.0026 3DHST 1.1342 0.0800 1.5026 0.0553 95.4132 95.4132
23215 GOODS-S 53.147745 -27.900513 1.0772 1.1624 0.0282 3DHST 1.2006 0.2931 1.3948 0.1798 95.4478 74.0117
23407 GOODS-S 53.159475 -27.898455 0.6824 0.6824 0.0091 3DHST 1.6758 0.1540 1.4852 0.0727 149.4768 149.4768
23511 GOODS-S 53.141203 -27.899534 1.2189 1.1612 0.0403 3DHST 1.5251 0.4875 1.3313 0.2316 83.3197 73.6891
23595 GOODS-S 53.210659 -27.899203 0.9613 0.9104 0.0207 3DHST 1.0934 0.1680 1.2888 0.1032 126.0782 101.4036
23775 GOODS-S 53.132941 -27.898279 0.9539 0.9607 0.0285 3DHST 0.9199 0.2123 1.3653 0.1444 98.7741 96.3850
24480 GOODS-S 53.156308 -27.897404 0.9522 0.9264 0.0110 3DHST 1.1283 0.1494 1.2590 0.0847 129.7604 112.5424
24521 GOODS-S 53.175351 -27.896841 0.6785 0.5540 0.0186 3DHST 1.3399 0.3902 3.2330 0.8082 172.2044 104.8116
24707 GOODS-S 53.181230 -27.894515 0.9405 1.0218 0.0417 3DHST 1.2697 0.2330 1.3120 0.1269 103.4816 78.6632
25184 GOODS-S 53.142600 -27.895068 0.6629 0.6679 0.0092 3DHST 1.4980 0.4170 1.6517 0.2258 72.5085 72.2812
25205 GOODS-S 53.170033 -27.895421 0.9686 0.9300 0.0098 3DHST 1.1336 0.0770 1.1420 0.0414 478.2114 408.5770
25390 GOODS-S 53.130708 -27.888658 1.1336 1.2827 0.0338 3DHST 1.2304 0.1464 1.5055 0.0850 210.8155 95.2365
25474 GOODS-S 53.165212 -27.895714 0.8322 0.7961 0.0239 3DHST 1.4336 0.3998 1.4388 0.2007 111.5335 107.4548
26158 GOODS-S 53.178564 -27.890211 0.6612 0.6612 0.0054 3DHST 1.4182 0.0919 1.8974 0.0568 100.8069 100.8069
26160 GOODS-S 53.179315 -27.892036 0.6771 0.6022 0.0250 3DHST 1.0574 0.2958 1.1974 0.1611 100.9330 84.0997
26450 GOODS-S 53.183476 -27.893893 0.6753 0.5510 0.1326 3DHST 1.3925 0.4624 2.7667 0.8127 150.2128 84.7506
26475 GOODS-S 53.131815 -27.893586 0.9620 1.0613 0.1231 3DHST 1.2244 0.3272 1.4287 0.1994 105.9468 104.0181
26891 GOODS-S 53.144178 -27.890151 1.0875 0.9944 0.0116 3DHST 1.1363 0.0980 1.2661 0.0558 671.8222 434.3803
26909 GOODS-S 53.139012 -27.892632 1.0676 1.1282 0.0057 3DHST 0.7518 0.0677 0.4504 0.0374 3680.3393 3508.6757
27304 GOODS-S 53.166069 -27.891976 0.7430 0.6978 0.0149 3DHST 1.3186 0.3369 1.4562 0.1932 100.5808 86.2359
27562 GOODS-S 53.146168 -27.891951 0.8920 0.7094 0.0601 3DHST 1.3242 0.3278 1.5225 0.2028 151.2116 88.1430
27974 GOODS-S 53.146612 -27.889677 0.6778 0.6667 0.0059 3DHST 1.3648 0.1840 1.7077 0.1138 119.1021 118.0075
27994 GOODS-S 53.133533 -27.890769 0.9497 0.9716 0.1066 3DHST 1.1503 0.2318 1.2460 0.1350 115.0952 111.0487
28000 GOODS-S 53.186295 -27.890121 0.6771 0.6022 0.0311 3DHST 0.9176 0.2855 1.1465 0.1677 84.2080 73.4687
28310 GOODS-S 53.164997 -27.890183 0.7434 0.8871 0.0805 3DHST 1.3144 0.3059 1.3212 0.1491 185.0518 136.7493
28588 GOODS-S 53.176896 -27.889314 0.6619 0.6399 0.0159 3DHST 1.4835 0.3439 1.6419 0.1985 71.1244 69.9107
29322 GOODS-S 53.135877 -27.887968 0.9635 0.8406 0.0195 3DHST 1.0243 0.1517 1.4977 0.1000 227.2258 119.4422
29515 GOODS-S 53.182039 -27.887975 0.7113 1.1878 0.3269 3DHST 1.4003 0.4301 1.3220 0.2186 129.8184 101.9865
29626 GOODS-S 53.168528 -27.887806 1.0043 1.3244 0.4454 3DHST 1.6844 0.7979 2.7585 0.5473 423.5792 251.8130
29789 GOODS-S 53.134525 -27.887360 1.1464 1.1464 0.1560 3DHST 1.2068 0.4435 1.2342 0.2264 95.7662 95.7662
29794 GOODS-S 53.138950 -27.886919 0.6940 0.6940 0.0117 3DHST 1.2389 0.2043 1.4143 0.1167 71.1122 71.1122
30010 GOODS-S 53.164521 -27.883791 0.6785 0.6884 0.0077 3DHST 1.4861 0.2042 2.0667 0.1370 132.7182 131.2736
30107 GOODS-S 53.133932 -27.886666 0.9140 0.9142 0.0107 3DHST 0.8263 0.0927 1.2643 0.0680 123.8725 114.1521
30286 GOODS-S 53.195926 -27.885478 0.6798 0.6256 0.0104 3DHST 1.1873 0.1766 1.5255 0.1096 117.9652 81.9553
30676 GOODS-S 53.164456 -27.883471 0.6766 0.6655 0.0205 3DHST 1.2916 0.0994 1.3695 0.0485 250.4175 246.8199
30763 GOODS-S 53.165467 -27.885331 0.6932 0.5773 0.0407 3DHST 1.3681 0.2525 1.9076 0.2244 308.2340 119.8821
30887 GOODS-S 53.179241 -27.884619 0.9127 0.7819 0.0570 3DHST 1.0772 0.1598 1.1808 0.0985 294.0405 134.2080
31086 GOODS-S 53.178130 -27.884897 0.8474 0.6692 0.0226 3DHST 1.3589 0.2718 1.3052 0.1345 254.3989 156.2174
31325 GOODS-S 53.185805 -27.882850 0.6663 0.6230 0.0145 3DHST 1.1981 0.1346 1.1822 0.0615 160.9193 95.4560
31861 GOODS-S 53.172679 -27.882669 0.6757 0.6010 0.0181 3DHST 0.8887 0.1200 1.1080 0.0779 167.5566 102.4818
31899 GOODS-S 53.139820 -27.880603 1.1610 1.1466 0.0183 3DHST 1.2142 0.0925 1.3417 0.0574 212.6012 208.1301
32173 GOODS-S 53.174370 -27.881627 1.0976 1.0430 0.0269 3DHST 1.2193 0.3351 1.3296 0.1884 102.3543 83.9832
32674 GOODS-S 53.152949 -27.877295 0.6250 0.5931 0.0057 3DHST 1.1733 0.0831 1.3422 0.0467 122.7509 86.4136
32885 GOODS-S 53.185907 -27.880391 0.6154 0.5941 0.0105 3DHST 1.2574 0.2869 1.4176 0.1634 83.1838 80.5523
33294 GOODS-S 53.158667 -27.880188 1.0280 0.9626 0.0063 3DHST 1.0754 0.1136 1.1130 0.0606 354.3508 171.2013
33734 GOODS-S 53.161077 -27.878505 0.7859 0.8081 0.0155 3DHST 1.0531 0.2370 1.5331 0.1729 78.4940 76.1437
33949 GOODS-S 53.170333 -27.879079 0.8790 0.6976 0.0689 3DHST 1.0991 0.2659 1.1680 0.1525 165.1895 100.0460
34128 GOODS-S 53.158957 -27.877881 0.7288 0.5906 0.0163 3DHST 1.1207 0.1486 1.4243 0.0870 371.7877 120.0735
34208 GOODS-S 53.191189 -27.872941 0.9994 0.9994 0.0115 3DHST 1.1347 0.0922 1.2998 0.0516 212.6189 212.6189
34243 GOODS-S 53.193241 -27.878513 0.7117 0.5465 0.0422 3DHST 2.8817 2.0215 4.9095 3.3544 126.1369 91.0130
34457 GOODS-S 53.146597 -27.876704 0.7884 0.7971 0.0109 3DHST 1.1790 0.1003 1.2865 0.0617 194.3482 188.3878
34803 GOODS-S 53.183195 -27.876363 0.6458 0.6135 0.0141 3DHST 1.1450 0.1226 1.2891 0.0677 218.7589 154.9705
34821 GOODS-S 53.165209 -27.873947 1.0445 1.0176 0.0108 3DHST 1.1238 0.1120 1.2162 0.0615 265.7820 241.4079
35134 GOODS-S 53.156450 -27.876430 1.0680 1.0543 0.0290 3DHST 1.3272 0.3887 1.3502 0.1998 97.9075 97.1071
35475 GOODS-S 53.194943 -27.874946 1.2302 1.2325 0.0259 3DHST 1.3864 0.2473 1.1785 0.1179 167.9805 167.3168
35579 GOODS-S 53.186398 -27.874972 0.9675 0.8560 0.0315 3DHST 1.0355 0.1690 1.1374 0.0972 189.6797 124.6632
35765 GOODS-S 53.163142 -27.873062 0.8528 0.8047 0.0086 3DHST 1.4186 0.1243 1.3660 0.0568 258.3943 211.5746
36001 GOODS-S 53.167022 -27.874898 0.9253 0.8048 0.0123 3DHST 1.5289 0.3379 1.4861 0.1570 209.8182 106.0472
36110 GOODS-S 53.172427 -27.873753 0.6231 0.5912 0.0088 3DHST 1.2138 0.1832 1.6365 0.1364 101.0339 72.2066
36121 GOODS-S 53.173438 -27.865976 0.7809 0.7809 0.0057 3DHST 1.7426 0.1302 1.5644 0.0594 150.2997 150.2997
36308 GOODS-S 53.156394 -27.873004 0.7596 0.7933 0.0181 3DHST 1.3620 0.1987 1.3089 0.0920 159.2615 149.6987
36550 GOODS-S 53.185447 -27.872944 0.7060 0.7060 0.0122 3DHST 0.8804 0.1401 1.0174 0.0819 102.0835 102.0835
36664 GOODS-S 53.183290 -27.872860 0.7110 0.5841 0.0688 3DHST 1.6188 0.4974 1.7677 0.2929 150.4279 100.9645
36896 GOODS-S 53.191299 -27.872109 1.0051 0.9403 0.0167 3DHST 1.1794 0.2100 1.3116 0.1161 134.5096 97.2606
36925 GOODS-S 53.173317 -27.872817 0.6490 0.5556 0.0406 3DHST 1.4509 0.5665 2.9537 1.0297 106.1602 90.2137
37417 GOODS-S 53.196471 -27.871720 0.9083 0.6447 0.0529 3DHST 1.5376 0.5992 1.6493 0.3214 165.7688 90.8350
37429 GOODS-S 53.150887 -27.868331 0.7789 0.7670 0.0056 3DHST 1.3856 0.1060 1.5918 0.0684 129.5507 114.1990
37846 GOODS-S 53.174020 -27.871186 1.0850 1.1967 0.0509 3DHST 1.3707 0.5978 1.4867 0.3033 84.6484 66.6915
38350 GOODS-S 53.153101 -27.868566 0.7807 0.6798 0.0258 3DHST 1.4935 0.1358 1.2473 0.0571 530.3619 170.5217
38417 GOODS-S 53.186973 -27.869061 0.7926 0.7807 0.0213 3DHST 1.3425 0.2200 1.2139 0.0973 143.5891 142.0921
38577 GOODS-S 53.187607 -27.868807 0.7987 0.7634 0.0213 3DHST 1.3242 0.2191 1.5663 0.1469 144.1309 126.1595
38854 GOODS-S 53.178108 -27.868082 0.6618 0.6185 0.0098 3DHST 1.4784 0.1764 1.5280 0.0989 138.1709 104.8669
39116 GOODS-S 53.166565 -27.867970 0.6443 0.6015 0.0384 3DHST 0.9738 0.1535 1.1928 0.0997 122.4880 109.5045
39503 GOODS-S 53.173913 -27.865049 0.8533 0.9346 0.0261 3DHST 1.1778 0.1457 1.3883 0.0763 140.1556 102.9881
39835 GOODS-S 53.178034 -27.866458 1.1266 1.1266 0.0124 3DHST 1.2339 0.1757 1.4065 0.1018 146.1779 146.1779
40117 GOODS-S 53.181796 -27.866849 0.6988 0.6333 0.1744 3DHST 1.2141 0.2849 1.1707 0.1164 250.4624 231.2911
40163 GOODS-S 53.179131 -27.866557 0.9051 0.7971 0.1019 3DHST 0.9676 0.2349 1.2364 0.1189 259.8871 192.7454
40295 GOODS-S 53.164027 -27.865856 0.6643 0.4947 0.0883 3DHST nan nan nan nan 111.6253 82.6917
40488 GOODS-S 53.168321 -27.865487 0.6729 0.5982 0.0114 3DHST 1.4592 0.1699 1.3299 0.0839 280.2635 125.3066
41075 GOODS-S 53.169286 -27.865057 0.7108 0.3944 0.1857 3DHST nan nan nan nan 188.5032 95.3862
41478 GOODS-S 53.196579 -27.863206 1.1302 1.1161 0.0090 3DHST 1.2533 0.1188 1.4146 0.0757 86.4765 80.5254
42022 GOODS-S 53.193867 -27.863361 0.7082 0.6638 0.3060 3DHST 1.2710 0.3703 1.4878 0.1801 1131.5368 1063.4646
42277 GOODS-S 53.175667 -27.862315 0.8972 0.8847 0.0140 3DHST 1.3596 0.2079 1.5252 0.1192 80.8360 77.0553
42395 GOODS-S 53.170504 -27.862103 0.9073 0.7337 0.0446 3DHST 1.1409 0.2958 1.3390 0.1630 119.0579 100.7793
42703 GOODS-S 53.136388 -27.850696 0.7301 0.7406 0.0052 3DHST 1.7865 0.1318 1.7996 0.0638 151.0052 144.7563
42894 GOODS-S 53.178791 -27.859692 0.8522 0.9340 0.0711 3DHST 1.0955 0.2009 1.2983 0.1320 78.5074 73.0916
43404 GOODS-S 53.207779 -27.858065 0.7758 0.6543 0.0235 3DHST 0.9831 0.1044 1.4193 0.0746 356.2700 102.7039
43478 GOODS-S 53.190104 -27.859178 0.8430 0.8308 0.0096 3DHST 1.1509 0.1165 1.2044 0.0527 122.3168 117.1678
43698 GOODS-S 53.185314 -27.859001 0.7677 0.7677 0.0290 3DHST 0.9285 0.3274 1.2926 0.2198 78.5646 78.5646
43816 GOODS-S 53.137828 -27.856631 0.7566 0.7449 0.0138 3DHST 1.0078 0.1670 1.4673 0.1179 86.0290 83.6389
43997 GOODS-S 53.161866 -27.858128 0.6444 0.6567 0.0049 3DHST 1.1955 0.2369 1.5029 0.1570 84.3665 78.7719
44047 GOODS-S 53.153420 -27.858637 1.2312 1.1453 0.0214 3DHST 1.2161 0.2354 1.1294 0.1294 134.9679 94.2410
44163 GOODS-S 53.153382 -27.857359 0.6746 0.6101 0.0129 3DHST 0.9531 0.1712 1.2186 0.1132 101.7045 78.8785
44843 GOODS-S 53.187919 -27.857914 0.9466 1.3901 0.0121 3DHST 1.5280 0.5856 1.7815 0.3258 345.4583 109.9027
45314 GOODS-S 53.165789 -27.856155 0.6819 0.7367 0.0383 3DHST 1.3484 0.1821 1.1735 0.0861 184.8422 173.7555
45410 GOODS-S 53.195148 -27.855885 1.0798 1.0386 0.0352 3DHST 0.9482 0.1912 1.1656 0.1314 112.8228 89.6863
45462 GOODS-S 53.176780 -27.855401 0.8458 0.7748 0.0095 3DHST 1.0481 0.1390 1.1485 0.0673 418.8060 285.1678
45502 GOODS-S 53.167266 -27.856362 0.6927 0.6703 0.0162 3DHST 1.4811 0.2167 1.3100 0.1056 133.2988 108.3490
45804 GOODS-S 53.137200 -27.855682 0.6681 0.5349 0.0027 3DHST 2.1249 2.1607 4.8231 4.6182 1264.1631 1262.3128
45879 GOODS-S 53.158459 -27.854919 0.6122 0.8514 0.0059 3DHST 2.0655 0.2267 3.2904 0.1774 3370.9886 672.9260
45919 GOODS-S 53.186093 -27.855339 1.1122 1.0308 0.0180 3DHST 1.2631 0.2621 1.3306 0.1429 112.7884 79.9012
46037 GOODS-S 53.188363 -27.853537 1.2326 1.1466 0.0187 3DHST 1.0876 0.2035 1.3591 0.1410 143.3362 102.0187
46562 GOODS-S 53.164226 -27.853497 0.6617 0.5196 0.0620 3DHST nan nan nan nan 337.2924 129.0075
46603 GOODS-S 53.137145 -27.852164 0.7356 0.7438 0.0087 3DHST 1.1827 0.1766 1.7123 0.1350 102.3631 99.1730
47029 GOODS-S 53.204932 -27.851305 0.7913 0.5264 0.0708 3DHST 5.0492 7.0785 10.2775 14.2793 197.5118 103.9913
47038 GOODS-S 53.133894 -27.851542 0.6683 0.6573 0.0178 3DHST 1.2158 0.2004 1.2544 0.1009 87.9504 87.2843
47101 GOODS-S 53.206310 -27.851605 0.7809 0.5994 0.1077 3DHST 1.5128 0.1441 1.2118 0.0586 831.9330 145.7914
47324 GOODS-S 53.175354 -27.852604 0.9500 0.9500 0.0169 3DHST 1.2053 0.1321 1.1548 0.0679 206.4842 206.4842
47396 GOODS-S 53.146899 -27.851333 0.7351 0.7236 0.0123 3DHST 1.0243 0.1441 1.5456 0.1082 83.4945 79.4719
47469 GOODS-S 53.173538 -27.852422 0.9413 0.9542 0.0194 3DHST 1.0455 0.1733 1.1743 0.1041 109.8256 109.4324
47720 GOODS-S 53.211775 -27.852116 0.8410 0.7045 0.0316 3DHST 1.3823 0.3299 1.4938 0.2125 118.0625 85.8519
47740 GOODS-S 53.161886 -27.845847 1.0943 1.0979 0.0129 3DHST 1.1902 0.0977 1.5200 0.0594 154.8788 152.1518
48890 GOODS-S 53.206965 -27.848048 0.8867 0.8617 0.0077 3DHST 1.1827 0.0984 1.2848 0.0542 227.2931 192.1840
49022 GOODS-S 53.135730 -27.848313 0.6660 0.5815 0.0132 3DHST 1.2181 0.1905 1.5062 0.1290 145.5455 84.9795
50107 GOODS-S 53.210764 -27.847465 0.7448 0.5957 0.0374 3DHST 1.2301 0.2891 1.5019 0.1830 199.5215 116.4772
50261 GOODS-S 53.199420 -27.846937 0.9164 0.8192 0.0507 3DHST 1.4038 0.3629 1.5768 0.1877 109.5340 72.3832
51356 GOODS-S 53.156680 -27.843269 0.6313 0.5485 0.0096 3DHST 1.4842 0.1513 3.5365 0.3156 398.1144 160.6778
51522 GOODS-S 53.184301 -27.844309 1.1178 1.0493 0.0464 3DHST 0.9809 0.3527 1.1751 0.2138 105.1686 94.6691
52204 GOODS-S 53.187297 -27.843166 0.6165 0.4784 0.0433 3DHST nan nan nan nan 167.7050 104.1187
52259 GOODS-S 53.179682 -27.843878 0.7298 0.7069 0.0143 3DHST 1.3652 0.1178 1.1821 0.0492 453.3680 442.6255
52481 GOODS-S 53.169227 -27.842715 0.8391 0.8615 0.0167 3DHST 1.2469 0.1493 1.6755 0.1087 113.8670 90.9654
52774 GOODS-S 53.159822 -27.841340 0.6128 0.5024 0.0122 3DHST nan nan nan nan 360.4805 143.6657
52945 GOODS-S 53.203373 -27.841532 0.6335 0.5605 0.0178 3DHST 0.9218 0.1720 1.9737 0.2857 109.6105 78.8518
53650 GOODS-S 53.152482 -27.841956 0.7401 0.6839 0.0246 3DHST 1.4751 0.3662 1.3952 0.1697 83.5587 69.0448
54056 GOODS-S 53.156934 -27.841899 0.6629 0.4416 0.1666 3DHST nan nan nan nan 141.4470 95.3066
54553 GOODS-S 53.177902 -27.839194 0.7807 0.6588 0.0121 3DHST 1.4489 0.1394 1.2172 0.0591 378.1197 84.5269
54631 GOODS-S 53.175469 -27.839524 0.8278 0.2989 0.2113 3DHST nan nan nan nan 197.3915 183.8072
54921 GOODS-S 53.214937 -27.838243 0.8201 0.7961 0.0077 3DHST 1.0811 0.0627 1.3204 0.0395 789.6270 761.8074
54922 GOODS-S 53.158032 -27.838407 1.2329 1.1333 0.0253 3DHST 0.9482 0.2526 1.1902 0.1683 121.3223 88.3587
54977 GOODS-S 53.189606 -27.838391 1.0591 1.0320 0.0110 3DHST 0.9770 0.1271 1.1393 0.0829 137.4874 122.1244
55145 GOODS-S 53.195826 -27.839363 1.0811 1.0536 0.0242 3DHST 1.2769 0.2720 1.1828 0.1359 117.5228 113.2103
55434 GOODS-S 53.204335 -27.837635 1.1179 1.1230 0.0142 3DHST 1.1297 0.1552 1.4311 0.1002 87.4294 86.0250
56681 GOODS-S 53.213399 -27.837210 0.6838 0.5984 0.0679 3DHST 1.2622 0.4051 1.4085 0.2320 106.7248 77.1837
56922 GOODS-S 53.218124 -27.833686 0.8485 0.7548 0.0393 3DHST 1.2703 0.0988 1.5797 0.0639 403.2938 171.1145
57014 GOODS-S 53.184564 -27.836041 1.0614 1.0343 0.0132 3DHST 1.3972 0.1657 1.5379 0.0867 109.3617 98.0601
57446 GOODS-S 53.152157 -27.835112 0.6877 0.6124 0.0058 3DHST 1.1147 0.0956 1.3291 0.0498 437.5517 168.0069
57685 GOODS-S 53.152486 -27.834321 0.7808 0.6487 0.0189 3DHST 1.3894 0.1422 1.1203 0.0579 345.7428 140.2832
57737 GOODS-S 53.214837 -27.836069 1.0916 1.1997 0.0231 3DHST 1.6965 0.4865 1.5487 0.2415 93.8542 69.4854
57822 GOODS-S 53.144044 -27.835109 1.0568 0.9777 0.0309 3DHST 1.0011 0.2520 1.2498 0.1559 107.4972 83.9384
58181 GOODS-S 53.168022 -27.832514 0.6748 0.6636 0.0047 3DHST 1.1304 0.0922 1.4850 0.0646 107.8882 98.3843
58222 GOODS-S 53.208757 -27.834432 0.7111 0.7111 0.0110 3DHST 1.4697 0.2387 1.6269 0.1394 72.3970 72.3970
59482 GOODS-S 53.206312 -27.832483 1.2113 1.1678 0.0381 3DHST 1.1326 0.3049 1.3840 0.2019 77.2381 74.9280
59492 GOODS-S 53.146181 -27.832902 1.0457 0.7943 0.0955 3DHST 1.2091 0.2657 1.5833 0.1609 184.4854 130.1540
59586 GOODS-S 53.157403 -27.832064 0.8935 0.8090 0.0419 3DHST 1.0228 0.2204 1.3751 0.1503 135.8684 85.3536
59747 GOODS-S 53.215527 -27.830838 0.7284 0.6002 0.0095 3DHST 1.1751 0.0821 1.3873 0.0429 918.6397 133.8355
60049 GOODS-S 53.206751 -27.832297 0.8445 0.6972 0.0201 3DHST 1.5088 0.5036 1.4905 0.2076 142.6916 92.8975
60296 GOODS-S 53.160272 -27.825516 0.6604 0.6278 0.0149 3DHST 1.0632 0.1219 1.4084 0.0763 113.3197 105.3401
60709 GOODS-S 53.190922 -27.831035 1.2023 1.1877 0.0197 3DHST 1.1889 0.2416 1.3480 0.1551 105.8827 104.1141
61172 GOODS-S 53.164745 -27.824545 0.6627 0.6675 0.0022 3DHST 1.6229 0.1059 1.6109 0.0560 203.0795 190.0989
61235 GOODS-S 53.188120 -27.827765 1.1280 1.1280 0.0146 3DHST 1.5175 0.1773 1.7352 0.1025 129.8401 129.8401
61447 GOODS-S 53.185231 -27.827841 0.9198 0.9431 0.0163 3DHST 1.2394 0.1067 1.4229 0.0652 215.5706 192.0597
62122 GOODS-S 53.191648 -27.828335 0.6028 0.5817 0.0523 3DHST 1.3501 0.4400 1.9664 0.3852 88.2934 84.1850
62223 GOODS-S 53.141881 -27.827172 0.8385 0.8263 0.0134 3DHST 1.5502 0.2377 2.0190 0.1613 75.4028 73.5838
62440 GOODS-S 53.144690 -27.827329 1.1969 1.1122 0.0122 3DHST 1.2402 0.2851 1.3618 0.1593 146.2949 91.4159
62528 GOODS-S 53.189880 -27.826710 0.6956 0.7327 0.0125 3DHST 0.9631 0.0606 1.2281 0.0400 204.4136 139.5110
62788 GOODS-S 53.179058 -27.825762 0.6078 0.6131 0.0244 3DHST 1.5366 0.5002 1.7365 0.2947 96.9370 95.9336
63902 GOODS-S 53.161746 -27.824573 0.8348 0.8225 0.0073 3DHST 1.4258 0.1666 1.6657 0.0849 103.7301 98.1448
64797 GOODS-S 53.168097 -27.823211 0.6799 0.3841 0.3923 3DHST nan nan nan nan 132.6571 80.5566
65551 GOODS-S 53.142691 -27.822023 0.9360 0.9105 0.0124 3DHST 1.3908 0.3040 1.3901 0.1537 89.4526 81.4318
65572 GOODS-S 53.155882 -27.822220 0.6685 0.6823 0.0059 3DHST 1.2109 0.2312 1.1837 0.1598 16019679997011566888901589510127616.0000 15983731284547943231171035054211072.0000
65609 GOODS-S 53.149683 -27.822278 0.7508 0.5537 0.0370 3DHST 1.4964 0.7869 2.7719 1.3278 188.4403 175.8930
65620 GOODS-S 53.164979 -27.819329 0.9673 0.9807 0.0083 3DHST 1.7207 0.1193 1.8149 0.0572 250.7750 215.4169
65708 GOODS-S 53.161077 -27.821909 0.6686 0.5641 0.1289 3DHST 1.3493 0.5624 2.2530 0.6633 136.1256 95.7970
65825 GOODS-S 53.171733 -27.821792 0.8740 0.8740 0.0072 3DHST 1.0887 0.1293 1.1802 0.0620 210.3869 210.3869
65981 GOODS-S 53.172631 -27.821429 0.7153 0.6816 0.0194 3DHST 0.8961 0.1224 1.1835 0.0828 119.2655 96.6813
66256 GOODS-S 53.193205 -27.820214 0.6780 0.6780 0.0053 3DHST 1.4920 0.1458 1.7990 0.0886 103.3144 103.3144
66708 GOODS-S 53.161708 -27.819261 0.6662 0.6020 0.0171 3DHST 1.1863 0.1437 1.1820 0.0650 156.5683 109.2161
66729 GOODS-S 53.136332 -27.816537 0.6820 0.6172 0.0074 3DHST 1.4732 0.0985 1.3882 0.0507 457.8221 166.4797
67654 GOODS-S 53.195573 -27.817674 0.7805 0.8049 0.0363 3DHST 1.2688 0.2636 1.2759 0.1260 138.8168 135.1988
67814 GOODS-S 53.137182 -27.815682 0.8387 0.7679 0.0077 3DHST 1.1662 0.0852 1.4791 0.0565 280.4582 127.6771
68033 GOODS-S 53.167772 -27.816705 1.1357 1.2049 0.0265 3DHST 1.2029 0.3115 1.3474 0.1799 124.2289 107.0127
68104 GOODS-S 53.191211 -27.817277 1.1398 1.0707 0.0218 3DHST 1.0226 0.1980 1.1953 0.1322 131.3575 107.9163
68641 GOODS-S 53.134039 -27.815788 0.6528 0.6204 0.0101 3DHST 2.0029 0.8076 1.8390 0.4124 74.6510 70.6315
68675 GOODS-S 53.174511 -27.814960 0.6732 0.6850 0.0161 3DHST 1.0893 0.0702 1.1389 0.0363 716.4822 686.6033
68841 GOODS-S 53.164449 -27.815337 1.0964 1.1564 0.0242 3DHST 1.2213 0.1908 1.5900 0.1174 101.3383 82.6911
68982 GOODS-S 53.154285 -27.815934 0.8175 0.7935 0.0140 3DHST 1.1828 0.1780 1.2907 0.1074 151.2390 146.9697
69084 GOODS-S 53.126267 -27.814526 0.6727 0.6187 0.0142 3DHST 1.4821 0.2620 1.3533 0.1264 102.2516 72.3709
69168 GOODS-S 53.173437 -27.815726 0.7096 0.5731 0.1246 3DHST 1.1749 0.4886 1.9843 0.5113 145.0462 95.8196
69419 GOODS-S 53.132376 -27.814240 0.7482 0.7626 0.0063 3DHST 1.1751 0.1133 1.7222 0.0832 129.1957 107.8375
69522 GOODS-S 53.164816 -27.814367 0.6124 0.8656 0.0045 3DHST 1.8661 0.1997 2.6106 0.1315 2819.8955 670.9294
70001 GOODS-S 53.200552 -27.812487 0.6767 0.6767 0.0047 3DHST 1.4176 0.1242 1.5592 0.0632 86.7589 86.7589
70264 GOODS-S 53.168175 -27.812932 0.9494 0.8987 0.0082 3DHST 1.0898 0.1050 1.0826 0.0558 249.6276 156.3920
70682 GOODS-S 53.179923 -27.811745 0.7386 0.5521 0.0520 3DHST 1.6833 0.8674 3.7989 1.7615 135.0773 100.4726
70878 GOODS-S 53.164309 -27.810825 0.7228 0.7001 0.0259 3DHST 1.4391 0.2144 1.4119 0.1091 88.3514 85.2205
71071 GOODS-S 53.132301 -27.810923 0.9796 1.1147 0.0952 3DHST 1.2569 0.3739 1.3996 0.2237 100.7536 84.1957
71200 GOODS-S 53.199680 -27.810448 0.6799 0.5458 0.0554 3DHST 1.3081 0.5924 3.2501 1.2821 130.6559 81.1270
71524 GOODS-S 53.145084 -27.809846 1.2004 0.9644 0.1310 3DHST 0.8365 0.1071 1.1173 0.0692 653.6720 554.7077
71560 GOODS-S 53.138046 -27.809661 0.6762 0.6433 0.0112 3DHST 1.0907 0.2897 1.2609 0.1663 79.5827 70.7641
71864 GOODS-S 53.150604 -27.809505 0.7578 0.5692 0.3011 3DHST 0.9439 0.3318 2.0996 0.4985 213.3322 130.2898
72024 GOODS-S 53.145944 -27.808541 1.2166 1.1452 0.0305 3DHST 0.9835 0.4309 1.1903 0.2371 72.8316 65.3799
72048 GOODS-S 53.151041 -27.809461 1.0563 1.0160 0.0240 3DHST 1.1623 0.3057 1.4003 0.1872 94.4302 77.8874
72082 GOODS-S 53.137538 -27.808167 0.6626 0.6516 0.0086 3DHST 1.3164 0.1634 1.2872 0.0891 146.4687 142.6922
72524 GOODS-S 53.130330 -27.805615 1.1916 1.1770 0.0429 3DHST 1.1873 0.1776 1.3236 0.1137 95.7542 94.0092
72598 GOODS-S 53.200931 -27.807547 0.8451 0.5038 0.1534 3DHST nan nan nan nan 248.7145 121.2692
72905 GOODS-S 53.180242 -27.798928 0.6625 0.7017 0.0083 3DHST 1.5226 0.0909 1.3878 0.0444 210.3396 125.7554
73333 GOODS-S 53.149846 -27.803301 0.6168 0.6061 0.0052 3DHST 1.2515 0.0809 1.4373 0.0461 74.4032 70.8939
73423 GOODS-S 53.140539 -27.804566 0.6808 0.6264 0.0077 3DHST 1.1025 0.2678 1.5863 0.1865 101.2257 72.1452
73549 GOODS-S 53.161238 -27.804879 0.6939 0.5305 0.0888 3DHST 3.9876 7.4723 8.9522 16.5620 118.6493 79.0993
73866 GOODS-S 53.140757 -27.804472 0.6870 0.6540 0.0136 3DHST 1.2501 0.2604 1.2793 0.1251 84.0788 73.4356
73974 GOODS-S 53.137771 -27.802096 1.1960 1.1115 0.0551 3DHST 1.3787 0.3028 1.7040 0.1691 97.9340 87.6565
74011 GOODS-S 53.148753 -27.804300 0.9248 0.8158 0.0168 3DHST 0.7489 0.1128 1.1822 0.0795 355.4656 199.8186
74039 GOODS-S 53.181639 -27.801309 0.7623 0.7706 0.0080 3DHST 1.9014 0.3024 1.3373 0.1010 239.1216 236.5863
74060 GOODS-S 53.163418 -27.799548 0.6613 0.6669 0.0026 3DHST 1.3716 0.0917 1.8988 0.0583 153.9496 135.7092
74133 GOODS-S 53.148958 -27.799680 0.6615 0.6669 0.0036 3DHST 1.6101 0.0905 1.7469 0.0504 306.4468 293.2828
74418 GOODS-S 53.166388 -27.801828 0.6921 0.6166 0.0371 3DHST 1.6015 0.5826 1.5578 0.3031 78.1881 69.1945
75495 GOODS-S 53.157278 -27.798455 0.6764 0.5425 0.0222 3DHST 1.5907 0.4275 3.2323 0.7878 185.0718 83.2793
75604 GOODS-S 53.168163 -27.799841 0.6251 0.5932 0.0321 3DHST 1.3973 0.8857 1.8532 0.6249 91.3049 89.7143
76094 GOODS-S 53.155448 -27.791484 0.6777 0.6875 0.0064 3DHST 1.2293 0.0743 1.3132 0.0362 399.1448 383.3052
76125 GOODS-S 53.138550 -27.799460 1.0770 1.1037 0.0288 3DHST 1.2097 0.3865 1.2928 0.1974 112.4144 111.0919
76154 GOODS-S 53.151198 -27.798700 0.6127 0.3900 0.0712 3DHST nan nan nan nan 566.7965 504.9557
76197 GOODS-S 53.178972 -27.798668 1.0512 1.0108 0.0151 3DHST 0.9932 0.2740 1.1405 0.1638 93.2373 81.7697
76349 GOODS-S 53.157848 -27.797485 0.7801 0.6279 0.1666 3DHST 1.4753 0.2279 1.2920 0.0951 284.2066 91.2602
76592 GOODS-S 53.173667 -27.797363 0.6838 0.5984 0.0210 3DHST 1.1884 0.2453 1.3324 0.1407 175.0792 89.5788
76612 GOODS-S 53.166878 -27.797709 0.8730 0.8800 0.0321 3DHST 0.9840 0.1872 1.2371 0.1162 111.2399 110.5315
76751 GOODS-S 53.156749 -27.795597 1.1078 1.0530 0.0088 3DHST 1.0695 0.0938 1.2916 0.0576 309.9689 207.7732
76863 GOODS-S 53.176198 -27.796140 1.0067 1.0276 0.0186 3DHST 1.2088 0.1947 1.3906 0.1146 84.7180 78.8296
76864 GOODS-S 53.134472 -27.797556 0.8380 0.7672 0.0387 3DHST 1.4377 0.3881 1.3773 0.2006 112.2908 81.8458
77522 GOODS-S 53.172524 -27.788092 0.6262 0.6262 0.0074 3DHST 1.3435 0.0892 1.5423 0.0499 264.2366 264.2366
77821 GOODS-S 53.137615 -27.791914 0.9951 1.1073 0.0153 3DHST 1.1948 0.1362 1.3507 0.0773 287.2059 133.7032
77902 GOODS-S 53.155870 -27.794899 1.0814 0.9885 0.0443 3DHST 1.3975 0.1410 1.1602 0.0618 431.8805 374.0207
78077 GOODS-S 53.184165 -27.792630 0.7441 0.7213 0.0185 3DHST 1.1387 0.0709 1.3443 0.0395 1301.5076 1252.8717
78177 GOODS-S 53.130643 -27.790259 0.6613 0.5871 0.0080 3DHST 1.1048 0.0701 1.5873 0.0507 516.5347 209.6350
78360 GOODS-S 53.166209 -27.793911 1.0420 0.9385 0.0194 3DHST 1.3680 0.2444 1.3015 0.1351 152.5265 90.3409
78415 GOODS-S 53.169475 -27.791939 0.6615 0.6897 0.0068 3DHST 1.6462 0.1041 1.7237 0.0567 263.8330 174.7382
78527 GOODS-S 53.182200 -27.793979 0.7791 1.4070 0.2660 3DHST 1.1913 0.2163 1.4686 0.1506 718.3287 126.6492
78576 GOODS-S 53.193869 -27.793295 0.6956 0.6956 0.0117 3DHST 0.9835 0.1197 1.2295 0.0784 137.4226 137.4226
78710 GOODS-S 53.149135 -27.792985 1.1641 1.1641 0.1219 3DHST 1.4671 0.4032 1.3823 0.1735 91.8637 91.8637
78885 GOODS-S 53.167566 -27.792511 1.0840 1.0298 0.0107 3DHST 1.1165 0.1516 1.3937 0.0930 159.3241 101.0884
79058 GOODS-S 53.171335 -27.792940 0.9175 0.9686 0.0337 3DHST 1.0978 0.1947 1.2043 0.1111 150.4602 126.9290
79581 GOODS-S 53.166182 -27.787518 1.1066 1.0789 0.0146 3DHST 1.1557 0.0869 1.2734 0.0489 374.6169 361.1218
79645 GOODS-S 53.172754 -27.791501 0.6300 0.6824 0.0777 3DHST 1.1549 0.5727 1.3762 0.3092 118.6597 107.9986
79895 GOODS-S 53.155840 -27.790464 0.6662 0.6809 0.0085 3DHST 1.4881 0.3759 1.6174 0.2123 114.6798 102.5863
80076 GOODS-S 53.174411 -27.789398 1.2215 1.2745 0.1242 3DHST 0.9959 0.3819 0.7451 0.2214 105.0619 100.1485
80115 GOODS-S 53.168014 -27.789665 0.6029 0.5714 0.0083 3DHST 1.2036 0.1387 2.0933 0.1704 126.7614 92.2029
80255 GOODS-S 53.184823 -27.789929 0.9458 0.8952 0.0133 3DHST 1.0767 0.1296 1.3610 0.0868 203.0322 133.6526
80500 GOODS-S 53.147179 -27.788481 0.6613 0.3540 0.0295 3DHST nan nan nan nan 569.6950 202.1669
81011 GOODS-S 53.160354 -27.784002 0.9295 0.9481 0.0103 3DHST 1.2993 0.0843 1.4480 0.0493 396.5075 371.7082
81021 GOODS-S 53.174030 -27.788006 1.0897 1.1535 0.0227 3DHST 0.9218 0.1714 1.3208 0.1222 133.0068 88.7094
81256 GOODS-S 53.192066 -27.787169 1.0870 1.0461 0.0217 3DHST 1.1740 0.1249 1.3674 0.0735 362.2959 334.2934
81306 GOODS-S 53.157227 -27.785265 0.6874 0.7520 0.0411 3DHST 1.1281 0.2021 1.1878 0.1000 123.9885 108.1436
81328 GOODS-S 53.181119 -27.786918 1.0464 1.0748 0.0701 3DHST 1.3614 0.3295 1.4698 0.1910 140.6658 130.1540
81470 GOODS-S 53.197586 -27.786397 1.1713 1.1767 0.0236 3DHST 1.0832 0.2954 1.2561 0.1972 87.5346 85.0634
81636 GOODS-S 53.139403 -27.786768 1.2211 1.2285 0.0271 3DHST 1.0450 0.2912 1.1059 0.1905 97.0217 96.2388
81815 GOODS-S 53.131524 -27.786433 0.9892 1.0751 0.1404 3DHST 1.0674 0.3242 1.2707 0.1840 146.5221 134.3001
81973 GOODS-S 53.160958 -27.786503 1.1246 1.1847 0.0702 3DHST 1.3031 0.3529 1.5201 0.2019 131.3316 121.2172
83248 GOODS-S 53.161632 -27.780247 0.6281 0.6172 0.0034 3DHST 1.3638 0.1114 1.6646 0.0685 184.9246 171.5693
83479 GOODS-S 53.165885 -27.781539 1.0878 1.0335 0.0133 3DHST 1.1837 0.1362 1.3905 0.0814 242.6943 184.1455
83686 GOODS-S 53.151837 -27.782861 0.8503 0.8023 0.0067 3DHST 1.1326 0.1126 1.1973 0.0651 332.0262 251.4358
83834 GOODS-S 53.158176 -27.781094 0.6115 0.5298 0.0075 3DHST 4.3454 1.2405 9.0254 2.5421 448.3206 190.5839
83975 GOODS-S 53.172613 -27.780967 0.6284 0.5964 0.0068 3DHST 1.1507 0.0966 1.3412 0.0572 136.3515 98.2196
84173 GOODS-S 53.170684 -27.781968 0.7182 0.6415 0.0167 3DHST 1.2672 0.2961 1.5018 0.1535 137.4492 102.2713
84197 GOODS-S 53.151856 -27.781965 0.9187 0.8934 0.0144 3DHST 1.1828 0.1817 1.2619 0.1009 126.9274 117.7151
84478 GOODS-S 53.139283 -27.780668 0.7306 0.5924 0.0224 3DHST 1.3711 0.1737 1.3766 0.0899 304.1462 89.1941
84625 GOODS-S 53.160815 -27.775379 0.6425 0.5593 0.0072 3DHST 1.4534 0.1166 2.5102 0.1794 281.2229 93.5588
84991 GOODS-S 53.174431 -27.780859 0.7306 0.7306 0.0107 3DHST 1.5135 0.2916 1.4763 0.1435 71.7776 71.7776
85256 GOODS-S 53.128825 -27.780420 1.2129 1.0875 0.0540 3DHST 1.2943 0.2394 1.5610 0.1580 109.8278 98.5248
85260 GOODS-S 53.197016 -27.780600 0.7360 0.6072 0.0289 3DHST 1.2160 0.2073 1.5705 0.1449 218.1529 105.0495
85344 GOODS-S 53.128460 -27.780161 1.1660 1.1234 0.0104 3DHST 1.1174 0.2070 1.2069 0.1073 150.8496 116.6284
85517 GOODS-S 53.176316 -27.780850 0.8845 0.8987 0.0304 3DHST 1.2771 0.2722 0.9366 0.1301 474.2788 467.5690
85748 GOODS-S 53.184164 -27.779736 0.6878 0.5531 0.1856 3DHST 0.9095 0.3498 2.4553 0.7132 154.5875 118.7824
86051 GOODS-S 53.169918 -27.771019 0.6466 0.5436 0.0079 3DHST 1.3609 0.1004 2.8814 0.1834 791.3094 450.3648
86604 GOODS-S 53.145223 -27.777903 1.0944 1.0805 0.0176 3DHST 1.2381 0.1409 1.5054 0.0829 186.5717 183.7993
86719 GOODS-S 53.172993 -27.777857 1.0595 1.0595 0.0117 3DHST 0.8876 0.1307 1.1177 0.0881 112.3166 112.3166
87259 GOODS-S 53.109486 -27.775934 0.7260 1.3999 0.0000 3DHST -0.0000 nan nan nan nan nan
87420 GOODS-S 53.151053 -27.777309 0.7268 0.7390 0.0300 3DHST 0.8533 0.1539 1.2275 0.1075 89.4339 85.9969
87658 GOODS-S 53.147773 -27.776948 1.0629 0.9963 0.0115 3DHST 1.3895 0.1904 1.3032 0.0986 159.7770 100.5905
87755 GOODS-S 53.151786 -27.775421 1.0334 0.9303 0.0215 3DHST 1.1993 0.2326 1.4509 0.1400 120.2191 76.1461
87783 GOODS-S 53.183219 -27.775713 1.1304 0.6725 0.0142 3DHST 1.1886 0.1148 1.8579 0.1367 3957.0234 2745.6999
87827 GOODS-S 53.160161 -27.775527 0.6284 0.6284 0.0052 3DHST 1.4264 0.1451 1.6953 0.0870 95.7575 95.7575
87843 GOODS-S 53.152786 -27.775293 0.9475 1.0113 0.0129 3DHST 1.2282 0.1151 1.3771 0.0647 200.7925 143.2812
87958 GOODS-S 53.181036 -27.776173 0.6599 0.7002 0.0106 3DHST 1.1876 0.1131 1.5556 0.0686 149.6206 113.0969
88069 GOODS-S 53.152073 -27.774814 0.7808 0.6590 0.0111 3DHST 1.4855 0.1324 1.1723 0.0514 479.5142 190.0007
88222 GOODS-S 53.149080 -27.774303 1.1140 1.1213 0.0280 3DHST 1.3719 0.2272 1.5988 0.1279 84.8572 82.7650
88279 GOODS-S 53.120738 -27.773213 0.8405 0.9011 0.0526 3DHST 1.1425 0.0971 1.3049 0.0621 156.3914 114.6716
88671 GOODS-S 53.119725 -27.772304 0.7441 0.7441 0.0045 3DHST 1.3046 0.1083 1.8654 0.0738 133.5802 133.5802
88888 GOODS-S 53.197229 -27.774191 0.6446 0.7267 0.0563 3DHST 1.1785 0.1239 1.1954 0.0585 256.0512 176.1598
89031 GOODS-S 53.101614 -27.773408 0.8914 0.8914 0.0082 3DHST 1.4723 0.2021 1.7597 0.1355 66.0790 66.0790
89212 GOODS-S 53.128513 -27.772701 0.9094 0.8966 0.0115 3DHST 1.4875 0.1101 1.8329 0.0695 607.0507 587.6636
90068 GOODS-S 53.101306 -27.772740 0.9929 0.9159 0.0150 3DHST 0.8398 0.2438 1.2538 0.1527 118.2340 83.9462
90103 GOODS-S 53.191136 -27.772826 0.7569 0.5778 0.1678 3DHST 1.1460 0.3647 1.8901 0.3827 202.8722 116.1338
90246 GOODS-S 53.151221 -27.772836 0.6001 0.5895 0.0095 3DHST 1.1912 0.4003 1.5434 0.2569 257.1327 255.8431
90325 GOODS-S 53.178381 -27.768232 0.6759 0.6323 0.0125 3DHST 1.2035 0.0742 1.2204 0.0344 220.8880 117.9724
90359 GOODS-S 53.155244 -27.769531 0.7797 0.7563 0.0090 3DHST 1.5580 0.2469 1.4574 0.1084 180.5603 168.0701
90388 GOODS-S 53.105935 -27.771416 0.8715 0.7766 0.0257 3DHST 1.2389 0.0874 1.4574 0.0561 444.0078 117.7516
90546 GOODS-S 53.154974 -27.768908 1.0890 1.1237 0.0172 3DHST 1.4202 0.1190 1.7480 0.0744 235.2757 198.0459
90791 GOODS-S 53.114947 -27.767561 0.6597 0.7236 0.0477 3DHST 1.1303 0.0765 1.4890 0.0464 397.7558 257.0504
91095 GOODS-S 53.136311 -27.763179 1.0033 1.1113 0.0086 3DHST 1.1736 0.0769 1.3812 0.0452 803.2382 361.4626
91139 GOODS-S 53.158743 -27.770526 0.9902 0.9512 0.0134 3DHST 1.1667 0.0957 1.3442 0.0562 404.6607 362.0185
91479 GOODS-S 53.129329 -27.770888 0.7115 0.3948 0.0593 3DHST nan nan nan nan 258.3099 81.0136
91517 GOODS-S 53.138049 -27.768912 0.9866 1.0038 0.0136 3DHST 1.1765 0.2481 1.4654 0.1546 103.3452 93.0352
91584 GOODS-S 53.172100 -27.770383 0.6279 0.6171 0.0152 3DHST 1.2990 0.3352 1.5777 0.2218 78.6139 78.2910
91615 GOODS-S 53.131570 -27.770207 0.6515 0.5579 0.0664 3DHST 0.9739 0.0871 2.4268 0.1697 1158.6780 745.3741
91651 GOODS-S 53.137568 -27.763176 1.0068 1.0276 0.0265 3DHST 1.1942 0.1179 1.3767 0.0671 162.9267 152.6965
92379 GOODS-S 53.104992 -27.768571 0.7306 0.6428 0.0216 3DHST 1.5597 0.2957 1.3542 0.1205 120.8902 94.1168
92468 GOODS-S 53.153532 -27.769443 0.7210 0.5836 0.0918 3DHST 1.6805 0.7358 1.7535 0.4445 123.9691 88.9840
92503 GOODS-S 53.114870 -27.769073 0.7390 0.6404 0.0604 3DHST 1.1212 0.3205 1.3486 0.1703 129.5479 72.1110
92860 GOODS-S 53.161499 -27.767621 0.7287 0.7058 0.0658 3DHST 1.0532 0.1324 1.1810 0.0670 302.7890 288.3987
93102 GOODS-S 53.100469 -27.767594 1.2324 1.1329 0.0168 3DHST 1.0576 0.2026 1.1569 0.1184 161.4516 111.7703
93128 GOODS-S 53.108275 -27.767814 0.9389 0.9389 0.0101 3DHST 1.0464 0.1627 1.0917 0.0900 110.3773 110.3773
93198 GOODS-S 53.153620 -27.767822 0.6970 0.3464 0.0312 3DHST nan nan nan nan 190.1038 94.7224
93370 GOODS-S 53.113891 -27.767554 0.6618 0.6618 0.0073 3DHST 1.7082 0.2040 1.8883 0.1196 118.5177 118.5177
93672 GOODS-S 53.191335 -27.767665 1.0500 0.9711 0.0266 3DHST 1.2336 0.1974 1.1997 0.0970 185.5340 132.8251
93759 GOODS-S 53.159865 -27.766840 1.0716 0.9420 0.0200 3DHST 1.4653 0.2356 1.1484 0.1041 227.4264 102.6645
93811 GOODS-S 53.146088 -27.766564 0.9409 0.8904 0.0211 3DHST 1.1069 0.1547 1.1091 0.0858 166.2018 147.9162
93984 GOODS-S 53.106928 -27.765439 1.0272 0.9367 0.0084 3DHST 1.0865 0.1078 1.2741 0.0608 415.0570 192.7452
93988 GOODS-S 53.151372 -27.766686 0.8760 0.8154 0.0144 3DHST 1.5681 0.1994 1.6121 0.0951 171.0111 116.9238
94128 GOODS-S 53.135618 -27.766625 0.9706 0.9446 0.0186 3DHST 1.1136 0.1129 1.3104 0.0662 239.3528 225.9740
94200 GOODS-S 53.178467 -27.766546 0.6819 0.4251 0.0349 3DHST nan nan nan nan 145.8915 77.8355
94290 GOODS-S 53.100647 -27.766726 0.8962 0.8232 0.0152 3DHST 1.4038 0.2903 1.3663 0.1384 143.4309 89.8380
94356 GOODS-S 53.155412 -27.766071 1.1207 1.0927 0.0130 3DHST 1.3126 0.1790 1.4776 0.1141 73.2201 69.1303
94544 GOODS-S 53.194616 -27.765542 1.1127 1.1207 0.0238 3DHST 1.4617 0.4218 1.5263 0.2117 73.9804 73.7161
95110 GOODS-S 53.109422 -27.764092 1.2242 1.2096 0.0232 3DHST 1.3865 0.2557 1.9723 0.1801 77.2635 72.9172
95330 GOODS-S 53.115628 -27.765180 0.7409 0.7706 0.0368 3DHST 1.3991 0.2571 1.1884 0.1130 93.5692 90.8682
95688 GOODS-S 53.149196 -27.763622 0.7412 0.6120 0.0286 3DHST 1.5020 0.1994 1.1617 0.0760 458.1489 224.3182
95800 GOODS-S 53.114160 -27.763772 0.7351 0.5676 0.0284 3DHST 0.9126 0.1458 1.8633 0.1961 331.3433 94.6810
96023 GOODS-S 53.168375 -27.760592 0.9410 0.9807 0.0266 3DHST 1.1265 0.1537 1.1355 0.0858 129.7558 112.0811
96481 GOODS-S 53.125270 -27.759500 0.6544 0.5705 0.0056 3DHST 0.9124 0.0657 1.6264 0.0781 514.5474 151.7476
96737 GOODS-S 53.116161 -27.760854 0.7336 0.6251 0.0286 3DHST 1.2685 0.2911 1.4160 0.1653 125.1171 69.9565
96927 GOODS-S 53.098875 -27.760032 0.6728 0.6399 0.0124 3DHST 1.5005 0.2945 1.4743 0.1560 126.8343 117.6942
96942 GOODS-S 53.107571 -27.762466 0.7459 0.6065 0.3429 3DHST 0.8355 0.2172 1.0635 0.1490 147.0662 100.4180
97568 GOODS-S 53.125254 -27.756535 1.0068 1.0144 0.0114 3DHST 1.1358 0.0861 1.2325 0.0469 642.6912 636.9976
98372 GOODS-S 53.079999 -27.758969 0.6796 1.3965 0.0000 3DHST -1572793554879818993377212888781418658252356361953172810715618491124508390167890218015133373937259974648545108944455190501472610572274125772036418393321485449069217201754264904724083370261823213166553381737838524297596551299072.0000 inf 526962404360902670543059375326615884713494322361926199073713462065231295896796720287789158827045435081302889073174049235877929283074456021373778549146497369082309893448944289918239310203071526820499041426722966512179534396479645594336570771850641899319741510356844127103158957904792387584.0000 inf nan nan
98384 GOODS-S 53.130091 -27.759084 1.0953 1.0813 0.0214 3DHST 1.4294 0.2538 1.9053 0.1606 69.9392 67.7999
98698 GOODS-S 53.111936 -27.757828 0.8493 0.8013 0.0108 3DHST 1.2180 0.0965 1.5337 0.0626 388.7601 349.7892
98855 GOODS-S 53.170633 -27.757923 0.6636 0.6526 0.0577 3DHST 1.0529 0.1185 1.1158 0.0627 299.4497 298.1843
99014 GOODS-S 53.105246 -27.756648 0.6777 0.6131 0.0051 3DHST 1.2124 0.0793 1.2157 0.0367 584.7701 164.7852
99156 GOODS-S 53.120423 -27.757021 0.9476 0.9977 0.1062 3DHST 1.1231 0.1056 1.2041 0.0582 443.3798 408.6859
99490 GOODS-S 53.106589 -27.758035 0.6930 0.6930 0.0241 3DHST 1.2070 0.3505 1.4186 0.2019 87.4417 87.4417
99892 GOODS-S 53.095101 -27.755100 1.0674 1.0006 0.0252 3DHST 1.1618 0.1927 1.3542 0.1197 154.7794 78.5263
100020 GOODS-S 53.124398 -27.755748 1.1045 1.0498 0.0121 3DHST 1.1823 0.1396 1.6323 0.0913 145.4982 120.8594
100157 GOODS-S 53.183547 -27.756741 1.2126 1.2248 0.0495 3DHST 1.2968 0.3291 1.3908 0.2105 103.5707 102.2510
100349 GOODS-S 53.080485 -27.753902 0.7285 0.5071 0.0848 3DHST nan nan nan nan 417.1810 77.3571
100526 GOODS-S 53.114858 -27.756057 0.6736 0.4764 0.0340 3DHST nan nan nan nan 129.0636 80.9359
100543 GOODS-S 53.115619 -27.755188 0.6936 0.6823 0.0085 3DHST 1.1079 0.1274 1.1804 0.0663 240.3244 237.0462
100572 GOODS-S 53.137158 -27.754179 0.7739 0.6525 0.0167 3DHST 1.1451 0.1680 1.5025 0.1059 226.6216 108.8776
101091 GOODS-S 53.129079 -27.754548 1.0539 1.0007 0.0256 3DHST 1.1404 0.2556 1.3298 0.1502 95.5539 87.7932
101093 GOODS-S 53.131768 -27.753584 0.9037 0.8786 0.0816 3DHST 0.8894 0.2764 1.1460 0.1784 113.5660 109.8329
101299 GOODS-S 53.118595 -27.754655 0.6768 0.6228 0.0290 3DHST 1.1504 0.4579 1.2778 0.2381 74.7278 66.4429
101405 GOODS-S 53.104753 -27.753344 0.7555 0.6987 0.0085 3DHST 0.9609 0.0992 1.4011 0.0708 183.2989 93.6359
101634 GOODS-S 53.131165 -27.753828 0.9377 0.8997 0.0162 3DHST 1.1314 0.1815 1.2163 0.0987 123.2564 102.0926
102027 GOODS-S 53.119948 -27.750980 1.0589 0.9544 0.0655 3DHST 0.9424 0.2423 0.9977 0.1356 128.0208 119.5025
102153 GOODS-S 53.123770 -27.751992 0.7395 0.7698 0.0164 3DHST 1.3351 0.1056 1.1730 0.0454 320.8862 286.8074
102163 GOODS-S 53.115253 -27.751588 1.0552 1.0552 0.0290 3DHST 1.1527 0.2674 1.4289 0.1629 74.5947 74.5947
102547 GOODS-S 53.131855 -27.751345 1.0867 1.0458 0.0314 3DHST 1.3253 0.2866 1.5595 0.1616 103.5782 89.4608
102693 GOODS-S 53.086339 -27.748277 0.9942 0.9298 0.0077 3DHST 1.2192 0.1029 1.4364 0.0615 149.1933 81.7030
102735 GOODS-S 53.145445 -27.750531 0.6619 0.5877 0.0096 3DHST 1.4592 0.1764 1.7371 0.1185 239.6290 96.5678
102847 GOODS-S 53.100103 -27.751121 1.1261 1.0442 0.0118 3DHST 1.1138 0.2105 1.4609 0.1335 157.7075 88.7053
103037 GOODS-S 53.159407 -27.748641 0.6706 0.6706 0.0055 3DHST 1.4317 0.1328 1.9328 0.0873 72.3391 72.3391
103116 GOODS-S 53.105623 -27.750783 0.9638 0.9003 0.0081 3DHST 1.0595 0.0784 1.0938 0.0404 497.7097 363.1724
103130 GOODS-S 53.156378 -27.750290 0.6497 0.6387 0.0416 3DHST 1.1532 0.4588 1.4151 0.2881 81.7756 81.6460
103146 GOODS-S 53.152786 -27.750513 1.0272 1.0376 0.0360 3DHST 1.6745 0.4203 2.0629 0.2392 74.2548 73.6359
103784 GOODS-S 53.162284 -27.746120 0.8293 0.6528 0.2396 3DHST 1.1016 0.2186 1.3942 0.1479 227.0221 107.6570
103864 GOODS-S 53.083171 -27.747170 0.7818 0.5536 0.0401 3DHST 1.1923 0.3090 2.5063 0.5613 215.2735 113.6013
103918 GOODS-S 53.133505 -27.747705 0.9098 0.9098 0.0068 3DHST 1.3018 0.0925 1.4429 0.0525 121.1893 121.1893
103982 GOODS-S 53.131104 -27.749305 1.2026 1.0143 0.0245 3DHST 1.1454 0.3225 1.0841 0.1885 160.7081 84.8405
104125 GOODS-S 53.121969 -27.748821 1.0845 1.1073 0.0978 3DHST 1.0739 0.2859 1.3058 0.1710 95.6120 88.5893
104150 GOODS-S 53.118456 -27.748156 0.9508 0.9592 0.0220 3DHST 1.3992 0.3481 1.4068 0.1868 70.0266 69.7670
104292 GOODS-S 53.161611 -27.746921 0.7808 0.7573 0.0112 3DHST 1.5935 0.1957 1.3210 0.0824 112.0586 98.7551
104408 GOODS-S 53.116023 -27.747212 0.7348 0.6161 0.2431 3DHST 0.7714 0.1722 1.0134 0.1160 336.9937 295.4469
104516 GOODS-S 53.129069 -27.743038 1.2237 1.1109 0.1520 3DHST 0.8560 0.3250 1.1043 0.2182 102.4372 79.1392
104774 GOODS-S 53.086105 -27.746234 0.7266 0.7152 0.0064 3DHST 1.1234 0.0944 1.6361 0.0690 113.9477 105.4753
105015 GOODS-S 53.139279 -27.744748 0.6113 0.3730 0.0311 3DHST nan nan nan nan 317.7111 265.0395
105016 GOODS-S 53.097315 -27.746653 0.7376 0.7261 0.0244 3DHST 0.8468 0.1525 1.2007 0.1057 113.5160 112.6048
105522 GOODS-S 53.094430 -27.745873 0.6610 0.5869 0.0166 3DHST 1.1175 0.2580 1.5759 0.1962 174.4441 147.1712
105547 GOODS-S 53.137591 -27.743506 0.6120 0.6013 0.0053 3DHST 1.3909 0.0895 1.7138 0.0545 98.8772 88.1836
105569 GOODS-S 53.086059 -27.745659 0.7320 0.6979 0.0275 3DHST 1.2985 0.3243 1.1464 0.1594 88.3490 83.1725
105980 GOODS-S 53.145346 -27.744600 0.6781 0.6879 0.0126 3DHST 1.1846 0.1937 1.6243 0.1291 74.6654 73.1793
106067 GOODS-S 53.094097 -27.740505 0.7751 0.7403 0.0055 3DHST 0.9364 0.0543 1.3650 0.0384 325.9243 258.7392
106073 GOODS-S 53.146396 -27.744310 1.0534 0.9871 0.0139 3DHST 1.1718 0.1573 1.3222 0.0874 199.2409 157.8900
106318 GOODS-S 53.151940 -27.742127 0.6882 0.6232 0.0460 3DHST 1.1767 0.3087 1.3938 0.1662 100.8572 94.7786
106649 GOODS-S 53.158782 -27.742386 1.2316 1.1596 0.0882 3DHST 1.3606 0.1633 1.4784 0.0946 157.1298 121.1338
106859 GOODS-S 53.096508 -27.739684 0.7270 0.6089 0.0154 3DHST 0.8933 0.0824 1.2354 0.0555 429.1776 211.2936
106861 GOODS-S 53.066596 -27.739707 0.7522 0.7522 0.0074 3DHST 1.5258 0.1424 1.2650 0.0602 71.4008 71.4008
106985 GOODS-S 53.061598 -27.742533 0.7120 0.7120 0.0082 3DHST 1.6966 0.3402 1.6543 0.1849 90.9834 90.9834
107036 GOODS-S 53.144866 -27.743417 0.6133 0.3746 0.0787 3DHST nan nan nan nan 162.9958 147.8187
107055 GOODS-S 53.102174 -27.743426 0.8746 0.7795 0.0208 3DHST 1.0248 0.3239 1.0828 0.1551 224.3632 179.9147
107111 GOODS-S 53.137967 -27.742130 0.6202 0.5283 0.0549 3DHST 4.8444 5.3767 10.2025 11.2154 112.8199 78.5334
107136 GOODS-S 53.107347 -27.741929 0.9435 0.9179 0.0125 3DHST 0.9659 0.1131 1.4592 0.0750 93.7753 87.6814
107208 GOODS-S 53.097183 -27.742252 1.2196 1.1904 0.0274 3DHST 1.1497 0.4333 1.2978 0.2518 79.0323 75.6814
107266 GOODS-S 53.075866 -27.741998 0.7401 0.6312 0.0174 3DHST 1.5347 0.2395 1.3920 0.1072 287.1097 154.3980
107823 GOODS-S 53.107290 -27.741084 0.9448 0.9962 0.0730 3DHST 1.1469 0.2117 1.4046 0.1389 185.0468 158.2113
107836 GOODS-S 53.150126 -27.739938 1.0339 0.9940 0.0133 3DHST 1.1752 0.0965 1.3101 0.0538 390.0687 346.3329
107863 GOODS-S 53.100847 -27.740670 1.0104 0.9581 0.0164 3DHST 1.1539 0.2380 1.2385 0.1346 119.1631 86.4337
107947 GOODS-S 53.156754 -27.738558 0.7022 0.6473 0.0239 3DHST 1.5228 0.2742 1.4229 0.1330 173.0523 143.5634
108004 GOODS-S 53.165339 -27.740842 0.6630 0.5990 0.1179 3DHST 0.9515 0.3073 1.2147 0.1964 120.2792 96.8365
108063 GOODS-S 53.079208 -27.736643 0.9284 0.9344 0.0064 3DHST 1.2851 0.1526 1.5609 0.0972 63.5879 60.8371
108066 GOODS-S 53.146088 -27.740990 0.7484 0.7869 0.0156 3DHST 1.2505 0.4803 2.0443 0.3796 99.8790 86.7537
108075 GOODS-S 53.162265 -27.740613 0.6657 0.6330 0.0148 3DHST 1.0903 0.1998 1.1494 0.1001 119.7556 104.3595
108147 GOODS-S 53.130543 -27.738609 0.6194 0.6087 0.0060 3DHST 1.5834 0.4030 1.8030 0.2410 96.5830 94.8243
108266 GOODS-S 53.107348 -27.738972 0.9089 1.3326 0.0250 3DHST 1.9824 0.7120 2.4781 0.4422 257.7175 133.2856
108274 GOODS-S 53.114510 -27.738161 0.7926 0.6099 0.0770 3DHST 1.8028 0.6750 1.3866 0.2311 198.6330 116.1161
108322 GOODS-S 53.147256 -27.738675 1.2066 1.1217 0.0182 3DHST 1.0587 0.2220 1.1906 0.1263 160.5858 105.5773
108456 GOODS-S 53.141609 -27.738597 1.0820 0.8049 0.0713 3DHST 1.5181 0.3007 1.3450 0.1259 218.0162 101.2424
108510 GOODS-S 53.147721 -27.739197 0.9312 0.9184 0.0090 3DHST 1.3154 0.1079 1.3792 0.0618 122.0112 120.6084
108795 GOODS-S 53.152981 -27.735115 0.6797 0.7598 0.0475 3DHST 1.1042 0.0884 1.3924 0.0515 479.1528 382.7686
108892 GOODS-S 53.077932 -27.736875 0.9812 0.9812 0.0095 3DHST 1.2814 0.1462 1.4890 0.0859 90.3136 90.3136
108922 GOODS-S 53.138205 -27.737523 0.6447 0.6460 0.0064 3DHST 1.2051 0.2526 1.2805 0.1234 88.4895 87.2320
108987 GOODS-S 53.157086 -27.737865 1.2030 1.0781 0.1170 3DHST 0.9404 0.2262 1.2828 0.1540 146.7619 107.7436
109007 GOODS-S 53.060077 -27.737748 0.6714 0.5379 0.0046 3DHST 2.2796 0.7158 4.2080 1.2638 1742.8355 1481.9091
109019 GOODS-S 53.068916 -27.736969 0.9456 0.8588 0.0171 3DHST 1.1978 0.2836 1.3801 0.1830 115.5718 72.5931
109043 GOODS-S 53.139268 -27.737999 0.6856 0.6312 0.0465 3DHST 0.8006 0.2760 1.0932 0.1957 81.6787 74.9393
109073 GOODS-S 53.112599 -27.735343 1.1392 1.0972 0.0136 3DHST 1.2175 0.1606 1.5333 0.0977 212.3388 183.8882
109107 GOODS-S 53.136472 -27.737698 1.1284 1.1002 0.0140 3DHST 1.1748 0.1894 1.2463 0.1075 91.7891 78.0660
109151 GOODS-S 53.140917 -27.736119 0.6737 0.6626 0.0056 3DHST 1.3504 0.1013 1.6335 0.0609 96.4690 89.8928
109154 GOODS-S 53.052239 -27.738550 1.2242 1.2756 0.0721 3DHST 0.8927 0.3414 0.9152 0.3060 172.1363 167.4604
109167 GOODS-S 53.141678 -27.736678 0.8905 0.8294 0.0544 3DHST 1.2348 0.3446 1.3403 0.1933 78.3534 74.1251
109227 GOODS-S 53.058740 -27.738177 0.6382 1.3957 0.1664 3DHST nan nan nan nan 1292.8927 734.0378
109396 GOODS-S 53.093161 -27.737726 0.7430 0.6037 0.0459 3DHST 1.2236 0.5503 1.3677 0.2932 103.4741 76.1951
109435 GOODS-S 53.082662 -27.737156 0.6500 0.3595 0.2214 3DHST nan nan nan nan 121.3794 73.1091
109438 GOODS-S 53.143484 -27.737160 0.6943 0.7683 0.0357 3DHST 1.0392 0.2738 1.0862 0.1446 84.7751 78.9054
109766 GOODS-S 53.059515 -27.736047 0.9428 0.9299 0.0114 3DHST 1.0477 0.1374 1.2188 0.0813 196.6468 195.2485
109770 GOODS-S 53.057173 -27.736597 1.0012 1.0666 0.1231 3DHST 1.0740 0.3832 1.2240 0.2138 120.7461 100.8236
109794 GOODS-S 53.143109 -27.730585 0.6679 0.7648 0.0503 3DHST 1.1323 0.0759 1.2784 0.0427 438.4541 257.5098
109824 GOODS-S 53.113602 -27.735265 0.7505 0.6410 0.0797 3DHST 1.4506 0.2266 1.2713 0.0936 251.1415 131.7569
109885 GOODS-S 53.071336 -27.735481 0.7436 0.7436 0.0064 3DHST 1.3769 0.2086 1.6235 0.1223 77.4114 77.4114
109886 GOODS-S 53.079358 -27.731388 0.6427 0.5594 0.0074 3DHST 1.3649 0.1023 2.3724 0.1556 506.3529 161.4932
109900 GOODS-S 53.112810 -27.734630 0.7312 0.7531 0.0065 3DHST 1.3586 0.0922 1.2945 0.0455 758.1224 740.4903
109967 GOODS-S 53.155861 -27.735275 1.0226 1.0091 0.0204 3DHST 1.4407 0.1536 1.3566 0.0809 75.2873 74.1159
109992 GOODS-S 53.080631 -27.735848 1.0210 1.0765 0.0636 3DHST 1.1832 0.2506 1.4570 0.1449 160.9395 149.2279
110031 GOODS-S 53.040739 -27.735774 0.7778 0.7203 0.0110 3DHST 0.9386 0.1688 1.4091 0.1327 127.7414 94.0725
110258 GOODS-S 53.139439 -27.734707 0.9043 0.6226 0.0508 3DHST 1.0947 0.3153 1.7172 0.2433 231.1647 93.6915
110397 GOODS-S 53.144070 -27.734604 0.8971 0.8599 0.0431 3DHST 1.1472 0.2080 1.3393 0.1210 81.7362 79.4796
110487 GOODS-S 53.141122 -27.732656 0.9708 0.9708 0.0113 3DHST 1.3913 0.1814 1.7009 0.1117 68.7666 68.7666
110493 GOODS-S 53.073190 -27.734839 0.7637 0.7405 0.0167 3DHST 1.1722 0.3402 1.5060 0.2007 90.8963 87.4956
110504 GOODS-S 53.158133 -27.734502 1.2067 1.3994 0.0778 3DHST 0.8833 0.4529 nan nan 81.4715 70.2320
110655 GOODS-S 53.154484 -27.733941 0.6886 0.6132 0.0183 3DHST 1.2007 0.3273 1.4372 0.1908 92.0907 83.0900
110801 GOODS-S 53.062030 -27.732863 1.0988 1.0712 0.0393 3DHST 1.1905 0.3682 1.3608 0.2245 84.3341 81.8020
110870 GOODS-S 53.125097 -27.729791 0.6684 0.6464 0.0091 3DHST 1.0669 0.0672 1.1766 0.0359 1051.8582 1040.6328
111151 GOODS-S 53.116719 -27.732612 0.6124 0.4656 0.0487 3DHST nan nan nan nan 345.6785 137.7452
111194 GOODS-S 53.133825 -27.733130 0.7264 0.8374 0.0825 3DHST 0.8749 0.1945 1.1841 0.1316 119.3279 71.5681
111366 GOODS-S 53.045475 -27.732853 0.6313 0.3667 0.0253 3DHST nan nan nan nan 891.0147 550.2916
111643 GOODS-S 53.050800 -27.731430 0.7224 0.7224 0.0079 3DHST 1.5703 0.2984 1.4834 0.1559 70.8338 70.8338
111700 GOODS-S 53.133940 -27.730519 0.9747 0.9359 0.0181 3DHST 1.1361 0.1769 1.2744 0.1035 129.2554 112.9942
111741 GOODS-S 53.045461 -27.728629 1.1088 1.0539 0.0175 3DHST 1.1205 0.0899 1.3514 0.0539 330.6275 288.7525
111982 GOODS-S 53.107926 -27.728122 0.7114 1.3920 0.0000 3DHST 1.3456 0.0768 1.4514 0.0428 15146.7371 9274.5711
112093 GOODS-S 53.042327 -27.726208 1.0450 1.0048 0.0118 3DHST 1.5664 0.1850 1.8199 0.1077 231.3850 186.6634
112133 GOODS-S 53.073995 -27.729504 0.7474 0.6177 0.0196 3DHST 1.0147 0.1872 1.2584 0.1146 269.6151 133.9296
112448 GOODS-S 53.155483 -27.726190 0.6615 0.6780 0.0065 3DHST 1.6905 0.1452 1.7579 0.0776 198.7144 158.6996
112457 GOODS-S 53.039484 -27.729479 0.9697 1.0229 0.0187 3DHST 1.0386 0.2262 1.1344 0.1367 110.0157 90.6217
112617 GOODS-S 53.039396 -27.726626 1.1015 1.0205 0.0833 3DHST 1.2222 0.1937 1.3295 0.1236 108.0373 92.1476
112789 GOODS-S 53.106111 -27.724322 0.6611 0.6780 0.0096 3DHST 1.2534 0.0790 1.6928 0.0497 350.7365 313.7804
112827 GOODS-S 53.141037 -27.726180 0.9502 0.9589 0.0288 3DHST 1.0965 0.1948 1.1380 0.1133 102.9983 102.0264
112840 GOODS-S 53.134728 -27.729402 1.0431 0.9153 0.0949 3DHST 1.1507 0.2764 1.3844 0.1757 117.7396 101.0608
112943 GOODS-S 53.104414 -27.728511 0.7298 0.6115 0.0316 3DHST 1.3285 0.2630 1.2406 0.1275 161.9429 119.6695
113107 GOODS-S 53.136858 -27.728359 0.8913 1.1639 0.1839 3DHST 0.9446 0.2834 1.0331 0.1747 179.9117 133.7338
113184 GOODS-S 53.118020 -27.727934 0.7850 0.5385 0.0390 3DHST 1.7352 0.9539 4.4380 2.2506 316.9706 212.2989
113279 GOODS-S 53.075516 -27.727750 0.6444 0.6227 0.0137 3DHST 0.9072 0.1891 1.1667 0.1249 114.1478 104.9568
113298 GOODS-S 53.041827 -27.725868 1.0839 1.1507 0.0579 3DHST 1.2450 0.0995 1.6362 0.0629 274.7806 208.8115
113361 GOODS-S 53.113234 -27.726632 0.6612 0.7246 0.0136 3DHST 1.2705 0.1464 1.5409 0.0834 169.6107 129.7527
113375 GOODS-S 53.132686 -27.724837 1.0660 0.9612 0.0181 3DHST 3.5007 2.8064 6.2746 2.8185 2197.8444 2145.2189
113555 GOODS-S 53.114876 -27.725394 0.7298 0.6421 0.0174 3DHST 1.4600 0.1562 1.3728 0.0708 303.2840 114.3667
113678 GOODS-S 53.061175 -27.726963 0.9824 0.7911 0.0665 3DHST 1.2319 0.1607 1.3278 0.0882 302.2156 142.5898
113877 GOODS-S 53.107875 -27.726220 1.2320 0.8805 0.1017 3DHST 1.0904 0.1524 1.1165 0.0836 404.2240 241.3819
114108 GOODS-S 53.095892 -27.725411 0.7294 0.7294 0.0052 3DHST 1.4865 0.1713 1.7648 0.0884 74.9549 74.9549
114115 GOODS-S 53.061446 -27.726742 0.6515 1.4033 0.2987 3DHST -inf inf -inf inf nan nan
114221 GOODS-S 53.055115 -27.725774 0.6462 0.6804 0.0401 3DHST 0.9861 0.2479 1.2099 0.1399 117.4528 112.7820
114230 GOODS-S 53.042172 -27.725927 1.0805 1.0133 0.1279 3DHST 1.3538 0.2379 1.8374 0.1666 175.7727 104.0508
114563 GOODS-S 53.069616 -27.723368 0.7114 0.8828 0.0095 3DHST 2.1164 0.1256 2.0793 0.0624 8452.8279 5121.1694
114644 GOODS-S 53.063403 -27.724998 0.7460 0.6266 0.0194 3DHST 0.9950 0.1737 1.4514 0.1273 221.6399 91.0325
114657 GOODS-S 53.045639 -27.724930 1.2305 1.2012 0.0398 3DHST 1.4895 0.1739 1.3861 0.0843 281.4375 273.1529
114978 GOODS-S 53.054705 -27.723817 0.7143 0.6697 0.0000 3DHST 8.9244 1.8900 8.6219 0.9531 6788.6663 6708.3747
114998 GOODS-S 53.114048 -27.724439 0.7461 0.7009 0.0340 3DHST 1.0227 0.2012 1.3391 0.1342 108.8434 103.5757
115288 GOODS-S 53.130936 -27.723377 1.0511 1.0107 0.0360 3DHST 1.2935 0.2597 1.5739 0.1446 96.4048 89.2520
115319 GOODS-S 53.070695 -27.724111 0.7295 0.7295 0.0259 3DHST 1.1521 0.2592 1.3410 0.1394 119.1396 119.1396
115331 GOODS-S 53.094715 -27.723573 0.7286 0.5907 0.0092 3DHST 1.2645 0.1290 1.6186 0.0785 640.5116 125.9515
115446 GOODS-S 53.125297 -27.721949 1.1712 1.1011 0.0141 3DHST 1.1879 0.0930 1.3684 0.0589 316.3041 244.8638
115462 GOODS-S 53.097521 -27.721266 0.6442 0.5911 0.0066 3DHST 0.9496 0.0528 1.3342 0.0402 258.4425 155.8110
115775 GOODS-S 53.130476 -27.723096 1.1066 1.0518 0.0194 3DHST 1.1967 0.2339 1.2914 0.1233 147.1179 111.8143
115794 GOODS-S 53.128099 -27.721501 1.0439 0.9907 0.0130 3DHST 1.2379 0.1513 1.4522 0.0900 148.6833 116.3871
116031 GOODS-S 53.063491 -27.720266 0.6246 0.5422 0.0205 3DHST 1.3734 0.2495 3.0074 0.4783 198.4676 117.5063
116157 GOODS-S 53.124468 -27.721590 1.0888 1.0750 0.0206 3DHST 1.2070 0.2106 1.3998 0.1287 82.0421 81.4137
116284 GOODS-S 53.112882 -27.719905 1.1159 1.0215 0.0135 3DHST 1.1613 0.1410 1.4158 0.0814 370.8820 242.3125
116653 GOODS-S 53.077625 -27.721495 0.7412 0.6959 0.0166 3DHST 1.4761 0.2249 1.3088 0.1048 144.4653 110.1262
116724 GOODS-S 53.128734 -27.721139 0.6791 0.6883 0.0094 3DHST 1.1737 0.1579 1.5700 0.1011 187.5386 186.7870
116765 GOODS-S 53.048108 -27.720195 1.0150 1.0150 0.0096 3DHST 1.2492 0.2848 1.4819 0.1742 57.9225 57.9225
116862 GOODS-S 53.155512 -27.720811 0.8919 0.8427 0.0111 3DHST 1.0687 0.1323 1.1377 0.0775 214.3779 149.8479
117066 GOODS-S 53.142561 -27.719135 0.7333 0.6667 0.0196 3DHST 1.0739 0.1718 1.1523 0.0909 175.9983 146.1958
117138 GOODS-S 53.072352 -27.718686 0.6446 0.5712 0.0132 3DHST 1.1358 0.0798 1.6316 0.0681 612.1734 270.6217
117178 GOODS-S 53.039818 -27.720517 1.0442 1.3986 0.0000 3DHST 1.3052 0.0896 1.0713 0.0467 3427.1938 1832.2422
117180 GOODS-S 53.150712 -27.716204 0.9577 1.3955 0.0000 3DHST nan nan nan nan 0.0000 0.0000
117225 GOODS-S 53.108198 -27.720155 0.9701 0.9822 0.0200 3DHST 1.5200 0.4824 1.8013 0.2780 79.3106 78.5599
117358 GOODS-S 53.045590 -27.719439 1.0036 1.0036 0.0119 3DHST 1.1780 0.1218 1.2827 0.0658 187.9567 187.9567
117376 GOODS-S 53.082196 -27.718195 1.0059 0.9926 0.0124 3DHST 1.1963 0.1463 1.4319 0.0869 124.8835 124.7337
117429 GOODS-S 53.071428 -27.717579 0.6446 0.5419 0.0076 3DHST 1.5400 0.1131 3.3083 0.2115 728.4704 98.2918
117560 GOODS-S 53.120788 -27.720477 0.6732 0.3491 0.0813 3DHST nan nan nan nan 133.6521 97.2558
117608 GOODS-S 53.081636 -27.717718 0.6427 0.6448 0.0044 3DHST 1.8439 0.1324 1.9464 0.0743 213.8801 202.1690
117632 GOODS-S 53.047138 -27.709112 0.6256 0.5937 0.0060 3DHST 1.1378 0.0730 1.2124 0.0377 422.8696 385.8687
117725 GOODS-S 53.040435 -27.713365 0.7452 0.7493 0.0066 3DHST 0.9740 0.0615 1.4424 0.0445 405.2284 392.4561
117770 GOODS-S 53.119385 -27.719759 1.0696 1.3917 0.0018 3DHST 1.2377 0.2680 0.9729 0.1625 762.4966 559.2147
117790 GOODS-S 53.136506 -27.719179 0.6773 0.7832 0.0622 3DHST 0.9921 0.1673 1.0126 0.0814 166.3648 104.9504
117865 GOODS-S 53.130039 -27.719551 1.0351 0.8059 0.1118 3DHST 1.4893 0.3607 1.5154 0.1865 161.4368 126.7850
117997 GOODS-S 53.111220 -27.719266 0.6827 0.3494 0.3011 3DHST nan nan nan nan 142.3795 87.0286
118024 GOODS-S 53.146900 -27.718678 1.2201 1.1765 0.0165 3DHST 1.8611 0.5041 1.8337 0.2531 99.8791 82.4103
118100 GOODS-S 53.070304 -27.717853 0.6430 0.5306 0.0248 3DHST 5.1900 3.7840 10.4740 7.5703 513.4941 373.4454
118155 GOODS-S 53.128120 -27.718576 0.8668 0.8065 0.0132 3DHST 1.3017 0.1992 1.4799 0.1112 109.7639 82.7697
118193 GOODS-S 53.073136 -27.718190 1.1679 1.1751 0.0037 3DHST 1.7417 0.1674 3.3291 0.1463 8551.5359 8551.2049
118434 GOODS-S 53.049693 -27.718128 1.1269 1.1269 0.0138 3DHST 1.3044 0.3645 1.5651 0.2246 58.0781 58.0781
118448 GOODS-S 53.069294 -27.717555 0.6603 0.6067 0.0794 3DHST 1.0695 0.1470 1.3506 0.0889 256.7121 218.7522
118455 GOODS-S 53.059861 -27.716273 1.0274 1.2002 0.0243 3DHST 1.2381 0.0893 1.6739 0.0574 2245.5099 1251.2062
118526 GOODS-S 53.073527 -27.717389 0.6436 0.5218 0.0150 3DHST 4.4215 1.9198 8.9846 3.8529 596.9468 376.7299
118585 GOODS-S 53.154079 -27.717859 1.2045 1.1613 0.0307 3DHST 1.0476 0.3043 1.2570 0.1995 65.0283 59.0263
118660 GOODS-S 53.064396 -27.717723 1.2244 1.1525 0.0343 3DHST 1.0342 0.3138 1.4735 0.2210 94.7553 81.7124
119016 GOODS-S 53.120915 -27.715390 1.0977 1.0701 0.0102 3DHST 1.1845 0.1107 1.4185 0.0663 124.4664 118.1165
119088 GOODS-S 53.073419 -27.715952 0.6446 0.5613 0.0097 3DHST 1.1889 0.1378 2.0110 0.1643 297.0293 139.4249
119193 GOODS-S 53.057745 -27.713586 0.7757 0.7294 0.0071 3DHST 0.9235 0.0575 1.2905 0.0392 1045.1561 957.6023
119489 GOODS-S 53.055124 -27.711379 0.6280 0.5357 0.0104 3DHST 2.1583 0.2095 4.5996 0.4160 892.9175 486.5940
119504 GOODS-S 53.112597 -27.715656 0.9498 1.0126 0.0393 3DHST 1.0553 0.1616 1.1550 0.0905 288.4571 239.8475
119612 GOODS-S 53.079783 -27.716203 1.0107 0.9713 0.0077 3DHST 1.0716 0.1623 1.1332 0.0923 109.5103 81.9998
119666 GOODS-S 53.056512 -27.715668 1.0049 0.8005 0.0540 3DHST 1.3365 0.2938 1.5345 0.1657 128.1794 80.1875
119702 GOODS-S 53.057255 -27.715320 1.0613 1.0476 0.0178 3DHST 1.1149 0.1908 1.1143 0.0962 107.3597 106.0774
119774 GOODS-S 53.059436 -27.715070 0.8079 0.8323 0.0106 3DHST 1.3823 0.2283 1.3787 0.1236 105.9280 98.1946
119899 GOODS-S 53.042096 -27.713943 0.7031 0.5025 0.0127 3DHST nan nan nan nan 882.0368 623.5693
119960 GOODS-S 53.044104 -27.714979 0.6278 0.5958 0.0288 3DHST 1.1884 0.3331 1.2074 0.1648 89.0426 86.6802
120099 GOODS-S 53.124955 -27.714591 1.0595 0.9551 0.0236 3DHST 0.9383 0.2302 1.0836 0.1381 123.3594 89.9502
120229 GOODS-S 53.045148 -27.714340 0.7523 0.7293 0.0282 3DHST 1.5579 0.3522 1.3154 0.1522 85.1854 83.7171
120351 GOODS-S 53.123510 -27.711820 0.6777 0.6131 0.0036 3DHST 1.1586 0.0688 1.2154 0.0333 805.1852 285.2890
120559 GOODS-S 53.040175 -27.713881 0.7404 0.7062 0.0167 3DHST 1.6236 0.5934 1.3425 0.2075 113.0016 103.7438
120803 GOODS-S 53.074779 -27.712808 0.6115 0.5107 0.0258 3DHST nan nan nan nan 200.5268 152.1512
120825 GOODS-S 53.096061 -27.707305 0.7621 0.5731 0.0559 3DHST 1.4158 0.1558 1.6595 0.1193 701.1817 107.1545
120840 GOODS-S 53.067672 -27.713847 0.7220 0.6665 0.0357 3DHST 1.3631 0.3007 1.4603 0.1782 125.7846 104.1536
120898 GOODS-S 53.107698 -27.712801 1.1218 1.2135 0.0780 3DHST 1.3579 0.2745 1.6301 0.1765 131.2740 99.0530
121095 GOODS-S 53.079236 -27.711868 1.0441 1.0173 0.0423 3DHST 1.3952 0.1888 1.6548 0.1105 126.6982 111.6949
121149 GOODS-S 53.054879 -27.713192 0.6219 0.4061 0.0457 3DHST nan nan nan nan 109.3857 87.1478
121227 GOODS-S 53.059628 -27.711910 1.2049 0.9567 0.0215 3DHST 1.1966 0.2894 1.4941 0.1765 158.6504 85.7023
121405 GOODS-S 53.122073 -27.712453 1.0957 1.0680 0.0349 3DHST 1.2699 0.2279 1.6011 0.1340 104.7465 91.6279
121781 GOODS-S 53.119344 -27.709333 1.0743 1.0470 0.0131 3DHST 1.1233 0.1043 1.4219 0.0621 105.6072 98.3032
121837 GOODS-S 53.078867 -27.711738 0.9083 0.8231 0.0105 3DHST 1.3918 0.3665 1.5862 0.2083 124.5110 95.4962
121886 GOODS-S 53.110874 -27.711435 1.0148 0.9372 0.0116 3DHST 1.1191 0.1618 1.1760 0.0882 228.9371 153.2073
121967 GOODS-S 53.039161 -27.710034 0.7304 0.7408 0.0064 3DHST 1.5326 0.1114 1.4795 0.0524 124.1071 123.4570
122039 GOODS-S 53.083782 -27.711257 0.9216 0.9571 0.0166 3DHST 1.2178 0.3179 1.2851 0.1753 82.2641 68.0965
122097 GOODS-S 53.098131 -27.711702 0.8970 0.8598 0.0092 3DHST 1.0858 0.2487 1.0846 0.1193 120.3010 98.3615
122108 GOODS-S 53.061674 -27.711682 0.7470 0.7354 0.0262 3DHST 0.8845 0.1871 1.2354 0.1317 105.5375 95.0013
122146 GOODS-S 53.055414 -27.710116 1.0501 1.3110 0.0865 3DHST 1.2615 0.1470 1.5350 0.0849 594.0660 530.3797
122182 GOODS-S 53.116508 -27.710257 0.7329 0.7423 0.0728 3DHST 1.1216 0.1243 1.2035 0.0681 250.5742 248.5658
122449 GOODS-S 53.089263 -27.708657 0.7679 0.7679 0.0074 3DHST 0.9631 0.0705 1.3796 0.0498 91.6277 91.6277
122669 GOODS-S 53.033499 -27.705838 0.7422 0.7956 0.0332 3DHST 1.4607 0.1086 1.3729 0.0550 227.6390 127.2167
122722 GOODS-S 53.035556 -27.704930 0.7444 0.7484 0.0041 3DHST 1.2899 0.0911 1.6284 0.0550 645.0913 637.9248
122743 GOODS-S 53.035629 -27.708642 0.7449 0.7219 0.0392 3DHST 0.9276 0.1808 1.2929 0.1211 84.8868 80.2823
122756 GOODS-S 53.109678 -27.708972 0.7319 0.3318 0.2582 3DHST nan nan nan nan 278.1222 107.8261
122863 GOODS-S 53.038305 -27.707113 0.7379 0.7379 0.0058 3DHST 1.1574 0.0949 1.7323 0.0702 83.0622 83.0622
122949 GOODS-S 53.049764 -27.708714 1.2067 1.1921 0.0121 3DHST 1.1835 0.1052 1.4680 0.0590 1503.7262 1496.4786
123066 GOODS-S 53.050812 -27.707512 0.7292 0.7178 0.0177 3DHST 1.1507 0.2004 1.3733 0.1084 107.4934 106.1822
123236 GOODS-S 53.091054 -27.708227 1.0071 1.0841 0.0269 3DHST 1.4495 0.3257 1.6478 0.1780 102.2407 82.2687
123294 GOODS-S 53.037080 -27.706200 0.6672 0.6452 0.0303 3DHST 1.1616 0.1567 1.1851 0.0795 130.3951 124.2815
123301 GOODS-S 53.077393 -27.708195 0.6122 1.0387 0.3353 3DHST 1.1006 0.1327 2.0027 0.1085 1535.2223 1122.9640
123472 GOODS-S 53.093059 -27.707373 1.0380 1.0380 0.0163 3DHST 1.4289 0.2148 1.7266 0.1324 83.2714 83.2714
123477 GOODS-S 53.089893 -27.706539 0.6392 0.5761 0.0078 3DHST 1.1481 0.0786 1.6642 0.0672 327.0163 134.9254
123543 GOODS-S 53.078603 -27.707427 1.1117 1.3929 0.0819 3DHST 1.2345 0.2210 0.7047 0.1186 221.6252 140.7466
123802 GOODS-S 53.079713 -27.707812 1.2208 1.3542 0.4165 3DHST 1.2679 0.6279 0.3036 0.2697 103.9989 90.8205
123828 GOODS-S 53.123202 -27.706865 0.9456 0.8951 0.0095 3DHST 1.1205 0.1535 1.3970 0.1005 137.5388 81.7511
124152 GOODS-S 53.063392 -27.706962 0.8260 0.7225 0.0425 3DHST 0.9920 0.1683 1.2724 0.1029 176.8902 80.8357
124539 GOODS-S 53.077039 -27.705928 0.7778 1.0696 0.1028 3DHST 1.5939 0.2432 2.4429 0.1786 989.6284 459.5221
124728 GOODS-S 53.038257 -27.701686 0.7323 0.7538 0.0071 3DHST 1.5295 0.0969 1.5026 0.0518 208.1634 189.7128
124807 GOODS-S 53.036023 -27.704059 0.7462 0.4879 0.0617 3DHST nan nan nan nan 1255.2733 727.3251
124945 GOODS-S 53.079930 -27.705327 1.0210 1.3877 0.3368 3DHST 1.1158 0.3272 0.7755 0.1550 3158.1991 2705.3867
124964 GOODS-S 53.091513 -27.703895 1.0253 0.9599 0.0196 3DHST 1.1741 0.1779 1.3229 0.1000 181.2908 161.3312
125052 GOODS-S 53.095727 -27.704773 0.6729 0.3487 0.2758 3DHST nan nan nan nan 109.0778 86.7507
125425 GOODS-S 53.053162 -27.704258 0.6811 0.5008 0.2580 3DHST nan nan nan nan 185.7523 95.6604
125687 GOODS-S 53.033122 -27.703374 0.7304 0.7304 0.0070 3DHST 1.9090 0.3627 1.6059 0.1444 91.5989 91.5989
125952 GOODS-S 53.033512 -27.701204 1.0704 1.1742 0.0228 3DHST 0.9796 0.1068 1.2752 0.0706 586.8195 403.6509
126094 GOODS-S 53.053361 -27.700461 1.0086 0.9953 0.0090 3DHST 1.1416 0.0878 1.3564 0.0524 200.1481 198.1578
126281 GOODS-S 53.093451 -27.702480 1.2226 1.1369 0.0158 3DHST 1.1115 0.3361 1.1348 0.1865 114.9366 76.1553
126365 GOODS-S 53.074843 -27.701080 0.6427 0.6427 0.0047 3DHST 1.5602 0.2863 1.6145 0.1621 68.4632 68.4632
126406 GOODS-S 53.022116 -27.701411 0.8482 1.2093 0.1553 3DHST 1.3584 0.2694 1.5629 0.3661 1558.9779 1236.4956
126415 GOODS-S 53.047412 -27.701823 0.7802 0.7452 0.0084 3DHST 1.5406 0.4978 1.5514 0.2486 91.5977 85.7115
126478 GOODS-S 53.035188 -27.696088 0.7372 0.4973 0.0413 3DHST nan nan nan nan 2698.1156 2461.3538
126643 GOODS-S 53.109702 -27.699466 0.7606 0.6101 0.0196 3DHST 1.4352 0.1376 1.3103 0.0607 571.6069 109.9300
126762 GOODS-S 53.082370 -27.701108 1.0448 1.0464 0.0513 3DHST 1.5396 0.3029 1.6582 0.1670 97.2993 89.4742
126790 GOODS-S 53.078945 -27.697729 0.9819 0.9430 0.0097 3DHST 1.1115 0.0736 1.2855 0.0432 602.5510 534.8334
126821 GOODS-S 53.032348 -27.701693 0.7282 0.4983 0.0697 3DHST nan nan nan nan 185.1588 124.8644
126958 GOODS-S 53.044897 -27.696014 0.7114 0.7001 0.0099 3DHST 1.4384 0.1105 1.4865 0.0576 541.5429 539.3991
127226 GOODS-S 53.061782 -27.699201 0.6712 0.6725 0.0032 3DHST 1.8104 0.1675 1.9230 0.0905 89.9883 84.3080
127227 GOODS-S 53.031080 -27.699947 0.7494 0.3522 0.1339 3DHST nan nan nan nan 134.9517 74.4840
127413 GOODS-S 53.037746 -27.700066 0.7269 0.7870 0.1411 3DHST 0.9742 0.3272 1.5125 0.2490 98.7223 87.5049
127741 GOODS-S 53.056089 -27.697177 0.7472 0.6277 0.1290 3DHST 0.8619 0.0958 1.1380 0.0612 615.6623 528.2515
127783 GOODS-S 53.031575 -27.698526 0.6816 0.3558 0.0031 3DHST nan nan nan nan 2818.8773 1604.3498
128422 GOODS-S 53.030315 -27.696597 1.0677 1.1281 0.0131 3DHST 1.1157 0.0950 1.3298 0.0570 1140.1302 941.3225
128510 GOODS-S 53.084469 -27.695718 0.7304 0.6964 0.0087 3DHST 1.5382 0.1289 1.4313 0.0562 108.9845 86.7065
128537 GOODS-S 53.032464 -27.697082 0.7338 0.3401 0.0356 3DHST nan nan nan nan 1024.1446 635.8165
128679 GOODS-S 53.097383 -27.696858 0.9471 0.9341 0.0728 3DHST 1.8190 0.5973 1.6459 0.2465 60.1421 59.2560
129089 GOODS-S 53.037436 -27.696296 1.0381 1.1137 0.0395 3DHST 1.0168 0.2541 1.1740 0.1538 137.4024 107.9850
129741 GOODS-S 53.039229 -27.693055 0.7327 1.3387 0.0389 3DHST 1.7928 0.4816 1.7204 0.2562 801.5173 356.0622
129968 GOODS-S 53.049383 -27.694312 0.6122 0.3737 0.0393 3DHST nan nan nan nan 1730.5926 1523.3702
130087 GOODS-S 53.047267 -27.693332 0.6102 0.5095 0.0276 3DHST nan nan nan nan 84.9059 67.2212
130264 GOODS-S 53.046931 -27.690835 1.0868 1.1084 0.0377 3DHST 1.1776 0.0917 1.4498 0.0540 669.7731 632.7252
130387 GOODS-S 53.073161 -27.693175 0.8336 0.6368 0.0677 3DHST 1.2358 0.4672 1.4509 0.2382 166.0898 97.6247
130552 GOODS-S 53.071217 -27.691956 0.7177 0.4636 0.3184 3DHST nan nan nan nan 158.1362 98.2182
131165 GOODS-S 53.074629 -27.689635 1.0647 1.0374 0.0108 3DHST 1.4651 0.1538 1.9085 0.0948 127.2388 113.5392
131716 GOODS-S 53.065419 -27.687848 1.1080 1.0139 0.0161 3DHST 1.1323 0.1962 1.3581 0.1152 168.8118 114.4695
131724 GOODS-S 53.070211 -27.689561 0.6197 0.4374 0.0409 3DHST nan nan nan nan 324.8082 103.0529
131938 GOODS-S 53.071311 -27.689439 1.0439 1.0038 0.0276 3DHST 1.2436 0.2194 1.2849 0.1152 152.8680 141.1426
132104 GOODS-S 53.061049 -27.688081 0.7996 0.8156 0.0122 3DHST 1.0682 0.0952 1.2352 0.0603 296.2734 289.2126
132474 GOODS-S 53.086501 -27.687486 0.6880 0.6126 0.0094 3DHST 1.1562 0.1620 1.3416 0.0868 205.0764 93.8919
133150 GOODS-S 53.088138 -27.685179 1.1394 1.1112 0.0300 3DHST 1.2716 0.1618 1.6589 0.1034 133.9204 130.0342
133586 GOODS-S 53.094686 -27.686449 0.7391 0.4903 0.0558 3DHST nan nan nan nan 272.4272 195.9584
133694 GOODS-S 53.083427 -27.684513 0.6632 0.6678 0.0029 3DHST 1.5438 0.1582 1.7797 0.0907 98.7021 84.4949
133763 GOODS-S 53.092330 -27.685616 1.1096 1.1191 0.0391 3DHST 0.8359 0.3055 1.1512 0.2116 121.5360 120.8101
133802 GOODS-S 53.077727 -27.683883 1.1280 1.0862 0.0437 3DHST 1.2736 0.2592 1.3887 0.1456 131.0610 123.7430
134044 GOODS-S 53.077615 -27.685201 1.1111 1.1199 0.0356 3DHST 1.0731 0.2720 1.3474 0.1953 87.5218 87.5076
134389 GOODS-S 53.085453 -27.683033 0.9198 0.8341 0.0125 3DHST 1.1546 0.1186 1.2466 0.0677 249.0310 79.4534
134787 GOODS-S 53.090261 -27.682261 1.0845 1.0572 0.0418 3DHST 1.2037 0.1863 1.5499 0.1139 114.2770 110.0290
135087 GOODS-S 53.080772 -27.681003 0.7809 0.7234 0.0112 3DHST 1.4585 0.0897 1.1696 0.0369 283.3961 160.9479
137013 GOODS-S 53.092966 -27.680091 0.6901 0.4160 0.0423 3DHST nan nan nan nan 485.4220 197.3721
137029 GOODS-S 53.084503 -27.680191 1.0464 0.9426 0.0180 3DHST 0.8231 0.2310 1.1471 0.1480 146.5650 90.7394
137226 GOODS-S 53.089622 -27.679173 1.1036 1.0758 0.0170 3DHST 1.0947 0.1758 1.2371 0.0862 140.4845 131.4344
