# Catalog for all galaxies that now have refined redshifts. See paper/code for sample selection. 
# pearsid field ra dec old_z new_z new_z_err source dn4000 dn4000_err d4000 d4000_err old_chi2 new_chi2
28029 GOODS-N 189.168829 62.167683 0.7535 0.7191 0.0184 3DHST 1.1242 0.2355 1.5118 0.1513 85.5690 79.0323
30256 GOODS-N 189.185923 62.169827 0.9906 0.7560 0.0580 3DHST 1.0628 0.1955 1.2413 0.1142 379.6028 132.6961
32497 GOODS-N 189.166581 62.174885 0.9536 0.9738 0.0161 3DHST 1.0063 0.0842 1.4477 0.0537 108.3422 90.9626
33414 GOODS-N 189.154065 62.175485 0.9686 1.0362 0.0218 3DHST 1.1712 0.2925 1.3094 0.1973 525.7209 507.1819
34427 GOODS-N 189.184999 62.177028 0.8928 0.9830 0.0193 3DHST 1.1850 0.1155 1.3226 0.0731 273.3563 159.0495
35156 GOODS-N 189.199465 62.179393 1.2015 1.2501 0.0481 3DHST 1.1635 0.1395 1.2615 0.0932 242.6412 208.6792
35853 GOODS-N 189.142124 62.179527 0.9491 0.9982 0.0240 3DHST 1.1030 0.1390 1.1871 0.0810 217.7103 182.6448
36418 GOODS-N 189.194182 62.180382 0.8660 0.8293 0.0150 3DHST 1.3086 0.2081 1.5381 0.1097 112.9210 96.6877
36639 GOODS-N 189.172688 62.181008 0.8841 0.9244 0.0144 3DHST 1.2377 0.1637 1.4444 0.0854 118.4932 82.2359
36708 GOODS-N 189.141708 62.181930 0.7736 0.6731 0.0149 3DHST 1.2101 0.1054 1.3585 0.0522 672.5046 290.0700
36944 GOODS-N 189.170378 62.181960 0.8353 0.8472 0.0160 3DHST 1.0693 0.0969 1.2406 0.0489 457.9458 451.1287
36989 GOODS-N 189.169769 62.180372 0.8590 0.8466 0.0543 3DHST 1.4630 0.3252 1.6289 0.1790 81.0474 79.3530
37908 GOODS-N 189.214104 62.181902 1.0882 1.0950 0.0443 3DHST 1.8113 0.9981 1.8140 0.5237 67.9666 67.0073
39801 GOODS-N 189.221731 62.188091 0.9577 0.9892 0.0113 3DHST 1.2332 0.0953 1.3946 0.0539 225.1490 201.9726
40498 GOODS-N 189.152799 62.186603 1.0105 0.7428 0.0073 3DHST 0.9364 0.1062 1.0676 0.0647 1189.2874 563.7837
41093 GOODS-N 189.223292 62.187672 0.9277 0.7738 0.0230 3DHST 1.1813 0.2059 1.3534 0.1134 165.0902 86.8596
41630 GOODS-N 189.198719 62.189044 1.1760 1.0657 0.0322 3DHST 1.0834 0.2167 1.0949 0.1097 237.1530 147.5362
42014 GOODS-N 189.177334 62.189496 0.8731 0.8128 0.0082 3DHST 0.9531 0.1015 1.1835 0.0628 400.4391 266.4031
42430 GOODS-N 189.161688 62.189957 0.9756 0.9368 0.0134 3DHST 1.0470 0.1531 1.2556 0.0968 158.1146 139.7815
42509 GOODS-N 189.227823 62.189711 0.6822 0.6902 0.0114 3DHST 1.4016 0.3755 1.3423 0.2033 68.1724 67.3490
42526 GOODS-N 189.193098 62.189794 0.7487 0.7371 0.0194 3DHST 0.9508 0.2696 1.1397 0.1447 107.4881 106.4700
44078 GOODS-N 189.202683 62.194930 0.9827 1.0018 0.0105 3DHST 1.4771 0.1240 1.9345 0.0818 204.5060 137.6518
45026 GOODS-N 189.179994 62.196755 0.9729 1.0813 0.0658 3DHST 0.9549 0.1108 1.3981 0.0706 164.9949 122.7260
45370 GOODS-N 189.222967 62.194847 1.0729 1.1908 0.0188 3DHST 0.9174 0.1827 0.9432 0.1103 345.2779 172.6606
45451 GOODS-N 189.159565 62.197543 0.8283 0.8162 0.0111 3DHST 1.2730 0.1134 1.5123 0.0741 92.1100 84.7388
45496 GOODS-N 189.205229 62.196896 0.9872 0.9740 0.0176 3DHST 1.2045 0.1493 1.5581 0.1043 82.2143 80.8360
45624 GOODS-N 189.195334 62.195879 1.0592 1.1241 0.0196 3DHST 1.1621 0.3749 1.1592 0.2344 114.3162 98.9363
46351 GOODS-N 189.248362 62.198240 1.0005 0.9742 0.0115 3DHST 1.1200 0.1176 1.3360 0.0737 157.2253 143.1367
47065 GOODS-N 189.153336 62.203752 0.8517 0.8273 0.0144 3DHST 1.2438 0.0713 1.4037 0.0433 1035.6545 1020.7726
47115 GOODS-N 189.123579 62.200094 1.1059 1.0645 0.0162 3DHST 1.4243 0.3365 1.4931 0.1845 194.8570 181.1391
47126 GOODS-N 189.143115 62.198086 0.9328 0.8348 0.0132 3DHST 1.0819 0.1821 1.3140 0.1097 230.2367 99.5488
47153 GOODS-N 189.236011 62.212735 0.6185 0.6755 0.0504 3DHST 1.1591 0.0697 1.3172 0.0384 511.3563 355.0248
47355 GOODS-N 189.154232 62.199973 0.8037 0.7232 0.0076 3DHST 1.1484 0.1050 1.3364 0.0532 310.2888 131.3226
47518 GOODS-N 189.138051 62.198463 0.7394 0.7164 0.0149 3DHST 1.3153 0.3232 1.4918 0.1916 140.3377 138.0719
47561 GOODS-N 189.245803 62.202557 0.9152 0.9674 0.0132 3DHST 1.5314 0.1416 1.6072 0.0694 136.4877 98.4303
48176 GOODS-N 189.145689 62.206806 0.6562 0.6027 0.0061 3DHST 1.1076 0.0645 1.0922 0.0294 636.4896 541.5250
48189 GOODS-N 189.166745 62.202141 0.9911 0.9929 0.0084 3DHST 1.3953 0.1123 1.6800 0.0661 123.9800 103.9041
48216 GOODS-N 189.170196 62.200939 0.9835 0.9071 0.0170 3DHST 1.0249 0.1830 1.2000 0.1065 123.3678 75.7774
48650 GOODS-N 189.209032 62.204814 0.9258 0.9332 0.0126 3DHST 1.6344 0.1626 1.7586 0.0809 119.3880 114.5401
49261 GOODS-N 189.201093 62.203950 0.9541 1.0148 0.0382 3DHST 1.1759 0.1809 1.3731 0.1002 185.3734 161.6091
50422 GOODS-N 189.181790 62.205159 0.7455 0.6676 0.0102 3DHST 0.9591 0.1210 1.3530 0.0851 205.0370 103.9439
51587 GOODS-N 189.244353 62.206136 0.6892 0.6892 0.0161 3DHST 1.5451 0.4137 1.9529 0.2481 150.6208 150.6208
52146 GOODS-N 189.256880 62.207282 0.9579 0.9579 0.0166 3DHST 1.0980 0.3293 1.1605 0.1714 61.5449 61.5449
52440 GOODS-N 189.143881 62.211484 1.2094 1.1947 0.0221 3DHST 1.4616 0.1736 1.4122 0.0869 137.4421 136.2499
52460 GOODS-N 189.231522 62.212745 0.8129 0.7319 0.0092 3DHST 1.2140 0.1298 1.4158 0.0638 264.0904 122.1063
52896 GOODS-N 189.199133 62.209248 0.9424 0.9296 0.0133 3DHST 1.1119 0.1426 1.3620 0.0881 155.1971 151.1191
52998 GOODS-N 189.151611 62.210472 0.8819 0.9365 0.0355 3DHST 1.2511 0.1144 1.4547 0.0757 175.5458 110.7072
53362 GOODS-N 189.138379 62.210083 1.1201 1.0516 0.0269 3DHST 1.2990 0.2096 1.2980 0.1225 167.5407 144.2443
54327 GOODS-N 189.184139 62.211306 0.9206 0.8705 0.0138 3DHST 1.0829 0.1624 1.1320 0.0914 127.6588 104.9808
54405 GOODS-N 189.166361 62.213991 0.8166 0.7810 0.0104 3DHST 0.9623 0.0748 1.3988 0.0528 104.5476 72.6667
54598 GOODS-N 189.224556 62.215109 0.6631 0.6198 0.0063 3DHST 1.2276 0.0833 1.4004 0.0466 198.5693 129.2720
54704 GOODS-N 189.144536 62.212136 0.9976 1.2017 0.2131 3DHST 1.1086 0.2465 1.2936 0.1538 313.5692 125.4642
55392 GOODS-N 189.176715 62.214624 1.1578 1.1436 0.0173 3DHST 1.1458 0.2052 1.1769 0.1049 137.8943 136.7905
56190 GOODS-N 189.198106 62.214724 0.6509 0.6509 0.0234 3DHST 1.2163 0.4648 1.7009 0.3031 78.6933 78.6933
59024 GOODS-N 189.143125 62.220220 0.8294 0.6937 0.0121 3DHST 1.3057 0.1641 1.5848 0.1084 319.8905 180.1308
59375 GOODS-N 189.171367 62.220789 1.0089 0.9824 0.0103 3DHST 1.2056 0.1206 1.3656 0.0677 208.3030 191.7806
59723 GOODS-N 189.210291 62.221245 0.8321 0.8836 0.0176 3DHST 1.5041 0.2641 1.4448 0.1197 110.4065 89.4665
59863 GOODS-N 189.203237 62.221892 0.8033 0.8033 0.0204 3DHST 1.1390 0.1725 1.2442 0.0825 199.2372 199.2372
61065 GOODS-N 189.175163 62.222689 0.8687 0.8319 0.0121 3DHST 1.2634 0.2236 1.3201 0.1184 107.7295 83.9327
62107 GOODS-N 189.160379 62.227589 0.9963 1.0224 0.0097 3DHST 1.4025 0.1978 1.7750 0.1248 110.4876 101.0508
62216 GOODS-N 189.233853 62.225018 1.1988 1.1278 0.0428 3DHST 1.3518 0.3638 1.2963 0.1830 102.0934 92.5531
62376 GOODS-N 189.180433 62.225828 0.9288 0.9033 0.0183 3DHST 1.1619 0.1833 1.1861 0.0976 129.4773 120.4213
62719 GOODS-N 189.216541 62.225704 0.9726 0.9726 0.0233 3DHST 1.1939 0.1463 1.3895 0.0875 122.4219 122.4219
63419 GOODS-N 189.170656 62.228275 1.0029 0.9896 0.0120 3DHST 1.1363 0.1712 1.3111 0.0996 126.8753 126.7751
64523 GOODS-N 189.179820 62.229955 1.2106 1.1815 0.0162 3DHST 1.1782 0.1774 1.2406 0.1052 133.8180 122.6418
65404 GOODS-N 189.193118 62.234728 1.0070 1.0556 0.0117 3DHST 1.1482 0.0764 1.3487 0.0439 757.5856 651.5609
65833 GOODS-N 189.225379 62.231866 0.8954 0.7229 0.0719 3DHST 1.1491 0.1713 1.4794 0.0975 333.2795 116.6496
66753 GOODS-N 189.206239 62.235309 0.7213 0.7099 0.0081 3DHST 1.5480 0.1206 1.5644 0.0628 88.9120 85.5533
69850 GOODS-N 189.209772 62.238607 0.8832 0.7222 0.0243 3DHST 0.9760 0.2091 1.4626 0.1627 233.9215 113.8089
70833 GOODS-N 189.254677 62.240755 0.9434 0.8806 0.0184 3DHST 0.9202 0.1552 1.3470 0.0987 153.3785 121.0011
71198 GOODS-N 189.176221 62.241657 0.9426 0.7240 0.0143 3DHST 1.1939 0.3194 1.5142 0.2027 162.0268 98.3911
72684 GOODS-N 189.190696 62.245196 1.1978 1.0734 0.0141 3DHST 1.2404 0.2589 1.3911 0.1320 175.5025 104.5179
72986 GOODS-N 189.173811 62.243879 0.9333 0.8353 0.0360 3DHST 0.9477 0.2091 1.1623 0.1162 129.3080 111.9243
73058 GOODS-N 189.124581 62.244810 0.7603 0.7257 0.0201 3DHST 1.4497 0.1478 1.3507 0.0654 103.2572 88.9697
73266 GOODS-N 189.239410 62.247635 1.1951 1.2020 0.0199 3DHST 1.1513 0.1404 1.6504 0.1005 87.2794 85.9502
74641 GOODS-N 189.174731 62.249158 0.8502 0.8379 0.0153 3DHST 1.2184 0.1351 1.4316 0.0888 102.0160 101.3486
74987 GOODS-N 189.240780 62.248689 0.8299 0.8443 0.0084 3DHST 1.2239 0.1048 1.5600 0.0702 84.0409 78.6760
75659 GOODS-N 189.186664 62.248803 0.9243 0.8622 0.0130 3DHST 0.9114 0.1091 1.3893 0.0790 283.2623 179.9879
76917 GOODS-N 189.181488 62.251674 0.9336 0.7792 0.0164 3DHST 0.8938 0.1533 1.3590 0.1067 283.0282 128.7964
77103 GOODS-N 189.258085 62.252987 0.9390 0.9390 0.0128 3DHST 1.1824 0.0910 1.1557 0.0477 323.9326 323.9326
77555 GOODS-N 189.135301 62.253768 0.6575 0.6873 0.0069 3DHST 1.1784 0.0992 1.3713 0.0555 194.7814 168.3437
77596 GOODS-N 189.187838 62.252716 0.7081 0.7081 0.0247 3DHST 1.0283 0.3750 1.1752 0.1931 79.7569 79.7569
77715 GOODS-N 189.192615 62.257679 0.9805 1.1305 0.0155 3DHST 1.1323 0.0967 1.2882 0.0544 465.8973 203.8781
78354 GOODS-N 189.258733 62.254928 0.7063 0.6406 0.0296 3DHST 1.0296 0.1817 1.3362 0.1173 102.5458 79.3455
78698 GOODS-N 189.276272 62.255115 0.9549 1.1644 0.0123 3DHST 1.1055 0.0661 1.2919 0.0383 3681.5883 2293.9408
79351 GOODS-N 189.157435 62.256496 1.1564 1.1697 0.0316 3DHST 1.1470 0.3264 1.1694 0.1731 90.4788 86.1578
79928 GOODS-N 189.181350 62.259077 0.8835 0.7017 0.0564 3DHST 1.0188 0.1198 1.4174 0.0861 503.9696 85.3114
80348 GOODS-N 189.161035 62.257335 0.6212 0.6321 0.0098 3DHST 1.3538 0.2480 1.3653 0.1202 86.7265 81.5738
82141 GOODS-N 189.195261 62.261370 0.9469 0.9340 0.0106 3DHST 1.4653 0.1348 1.5060 0.0653 199.7054 196.6986
82267 GOODS-N 189.207799 62.261716 0.9235 0.9235 0.0204 3DHST 0.9548 0.1127 1.5567 0.0858 103.6068 103.6068
82737 GOODS-N 189.157839 62.261231 1.0034 0.6974 0.0051 3DHST 1.4833 0.2126 1.4203 0.1112 1423.9758 748.4287
82816 GOODS-N 189.338070 62.262402 0.7719 0.7485 0.0071 3DHST 1.3378 0.1520 1.0740 0.0635 206.6052 184.5115
82986 GOODS-N 189.302899 62.262929 0.9290 0.8910 0.0094 3DHST 1.0951 0.0734 1.0902 0.0384 594.8793 531.9469
83106 GOODS-N 189.145509 62.263655 0.8909 0.8298 0.0213 3DHST 1.2217 0.1090 1.2213 0.0565 163.3462 136.1660
83237 GOODS-N 189.161676 62.263213 0.9463 0.8714 0.0067 3DHST 1.4664 0.1184 1.4674 0.0543 512.9658 214.8551
83499 GOODS-N 189.197312 62.274574 0.8567 0.8712 0.0068 3DHST 1.2998 0.0835 1.4473 0.0474 242.8697 204.7606
84978 GOODS-N 189.141579 62.268034 1.0106 0.7230 0.0238 3DHST 1.0985 0.1157 1.1622 0.0607 766.1496 271.5265
85073 GOODS-N 189.165950 62.267141 0.9706 0.9825 0.0127 3DHST 1.2960 0.1546 1.6353 0.0997 101.8727 99.5631
85237 GOODS-N 189.342629 62.265663 1.1138 1.0455 0.0263 3DHST 1.2002 0.2651 1.3027 0.1438 132.7575 105.0800
85422 GOODS-N 189.282733 62.268337 0.9291 0.9037 0.0068 3DHST 1.2224 0.0918 1.3467 0.0521 130.5474 116.0689
85579 GOODS-N 189.306587 62.267828 1.1318 1.1585 0.0216 3DHST 1.1352 0.1205 1.3767 0.0811 246.5203 240.8151
85920 GOODS-N 189.250233 62.268392 0.9718 1.0100 0.0099 3DHST 1.1711 0.0922 1.3538 0.0537 366.7409 317.9759
86173 GOODS-N 189.153241 62.268076 0.8487 0.8487 0.0078 3DHST 1.2923 0.1572 1.7868 0.1146 84.1748 84.1748
86854 GOODS-N 189.282229 62.271195 0.9472 1.0112 0.0598 3DHST 1.1862 0.0861 1.3822 0.0504 217.6988 157.5861
86967 GOODS-N 189.250862 62.270993 0.8019 0.6997 0.0633 3DHST 1.5868 0.2057 1.4988 0.0926 348.0851 141.5396
87433 GOODS-N 189.187144 62.271408 0.7734 0.6624 0.0156 3DHST 1.1397 0.1263 1.3558 0.0663 458.2037 175.8485
88211 GOODS-N 189.251723 62.271472 0.8377 0.7227 0.0149 3DHST 1.2103 0.1056 1.2584 0.0573 389.9714 156.7092
88580 GOODS-N 189.135162 62.274485 0.9248 0.9456 0.0102 3DHST 1.2548 0.0864 1.5660 0.0567 300.1213 278.3471
88858 GOODS-N 189.176557 62.272905 0.8220 0.6766 0.0318 3DHST 1.4784 0.2598 1.3518 0.1120 161.0619 93.0277
89094 GOODS-N 189.145277 62.274611 0.9806 0.9415 0.0157 3DHST 1.1671 0.1328 1.3551 0.0775 114.9161 102.2438
89112 GOODS-N 189.351244 62.275619 0.8751 1.3942 0.0517 3DHST 5882572204493792579393692598840744945402574497980111921919033344.0000 12050843494018508831132639482981218131116032.0000 0.0000 nan nan nan
89655 GOODS-N 189.271113 62.274437 1.0973 1.0561 0.0108 3DHST 1.0418 0.1511 1.2498 0.0920 142.8315 111.1589
89845 GOODS-N 189.335839 62.274983 0.9207 0.8005 0.0055 3DHST 1.2529 0.1358 1.3942 0.0807 1281.0547 796.6223
89993 GOODS-N 189.179370 62.275612 0.9156 0.8185 0.0116 3DHST 1.5319 0.1708 1.4756 0.0759 386.3277 171.5433
91612 GOODS-N 189.298341 62.277997 1.1915 1.1770 0.0177 3DHST 1.1580 0.1374 1.2822 0.0877 208.6263 203.8226
91947 GOODS-N 189.168573 62.278354 0.8416 0.6640 0.0649 3DHST 1.2384 0.2566 1.3303 0.1546 219.8193 103.5619
92378 GOODS-N 189.180581 62.281369 0.9633 1.1063 0.0183 3DHST 0.9292 0.0950 1.3114 0.0595 277.3514 110.8053
92535 GOODS-N 189.176764 62.279259 0.8286 0.7927 0.0097 3DHST 1.2344 0.1231 1.4500 0.0802 82.9518 60.0174
93364 GOODS-N 189.384157 62.283030 1.0008 1.1557 0.0128 3DHST 1.1671 0.0743 1.3467 0.0432 1995.9684 1078.9216
93907 GOODS-N 189.261660 62.282233 0.9555 0.9298 0.0813 3DHST 1.2635 0.1086 1.6948 0.0769 432.2135 418.7216
94085 GOODS-N 189.299922 62.283239 1.0299 1.1097 0.0116 3DHST 1.1081 0.0975 1.3258 0.0589 440.8623 179.7757
94097 GOODS-N 189.220391 62.282055 0.7483 0.7483 0.0165 3DHST 0.8885 0.1424 1.1896 0.0943 103.1591 103.1591
94716 GOODS-N 189.276157 62.282890 0.6679 0.5161 0.2376 3DHST nan nan nan nan 149.5194 142.5230
94851 GOODS-N 189.214895 62.284029 0.9167 0.9167 0.0183 3DHST 1.4210 0.2664 1.4224 0.1282 87.2391 87.2391
96423 GOODS-N 189.364363 62.287319 0.7803 0.6900 0.0177 3DHST 1.4319 0.1758 1.2553 0.0721 224.1763 156.0766
96475 GOODS-N 189.357471 62.287441 0.8824 0.7646 0.0538 3DHST 1.2256 0.1190 1.3874 0.0742 395.2386 239.5446
97147 GOODS-N 189.400065 62.290635 0.7199 0.7085 0.0062 3DHST 1.2599 0.0996 1.5536 0.0541 127.1584 120.1918
97879 GOODS-N 189.398053 62.301554 0.8583 0.7867 0.0071 3DHST 1.1791 0.0775 1.4086 0.0451 546.1439 381.3624
98131 GOODS-N 189.254233 62.291663 0.6674 0.6818 0.0055 3DHST 1.3483 0.0919 1.5967 0.0533 245.5113 179.8367
98749 GOODS-N 189.415114 62.297441 1.1091 1.0544 0.0316 3DHST 1.0940 0.0663 1.1882 0.0353 1343.4952 1317.9684
98997 GOODS-N 189.363747 62.293169 0.9892 1.0186 0.0170 3DHST 1.1269 0.1397 1.3419 0.0854 171.2907 152.3199
99050 GOODS-N 189.251356 62.291971 0.7272 0.6501 0.0096 3DHST 1.0413 0.1528 1.4817 0.1117 131.7736 81.6296
102776 GOODS-N 189.263967 62.299603 0.9520 0.9520 0.0152 3DHST 1.1024 0.1093 1.3619 0.0688 195.9604 195.9604
103094 GOODS-N 189.321552 62.301367 0.9138 0.8886 0.0129 3DHST 0.8817 0.1234 1.3431 0.0871 136.7252 124.5361
103139 GOODS-N 189.244737 62.299324 0.8772 0.8950 0.0068 3DHST 1.2771 0.1378 1.4999 0.0822 108.3156 96.9573
105095 GOODS-N 189.245545 62.302852 0.9196 0.8819 0.0126 3DHST 1.1421 0.1159 1.1049 0.0621 218.4297 190.7849
105455 GOODS-N 189.260316 62.305731 0.7312 0.7414 0.0081 3DHST 1.5686 0.1374 1.5476 0.0693 127.4341 124.5170
106551 GOODS-N 189.258781 62.304533 0.7799 0.7225 0.0245 3DHST 1.5233 0.2427 1.3404 0.1025 117.8186 87.4975
109592 GOODS-N 189.356213 62.313974 0.8293 0.7365 0.0074 3DHST 1.1674 0.0697 1.5343 0.0482 623.1803 264.6453
109851 GOODS-N 189.271150 62.312148 0.8532 0.7592 0.0495 3DHST 1.2229 0.2222 1.5102 0.1187 312.0655 248.0587
111648 GOODS-N 189.353802 62.312429 1.2113 1.1823 0.0344 3DHST 1.0142 0.2186 1.2336 0.1488 107.7768 103.6714
117046 GOODS-N 189.419015 62.321471 0.7607 0.5812 0.0877 3DHST 1.2936 0.1785 1.4244 0.1141 521.1291 462.5060
117153 GOODS-N 189.376298 62.321409 0.8824 0.8335 0.0160 3DHST 1.1083 0.1556 1.2917 0.1012 175.9899 145.3004
117360 GOODS-N 189.281073 62.322074 0.8698 0.9168 0.0251 3DHST 1.1649 0.1620 1.6120 0.1177 138.6345 128.4831
118642 GOODS-N 189.335281 62.325393 0.8929 1.0698 0.0694 3DHST 1.0754 0.1049 1.2143 0.0642 484.1812 328.2215
120374 GOODS-N 189.438753 62.332758 0.7525 1.3924 0.1920 3DHST nan nan nan nan 0.0000 0.0000
121009 GOODS-N 189.325308 62.331582 1.1458 1.1175 0.0190 3DHST 1.0306 0.2617 1.2499 0.1510 107.1159 104.5396
121302 GOODS-N 189.337234 62.332309 0.7781 0.6261 0.0467 3DHST 0.9473 0.0879 1.4075 0.0644 620.0271 100.2388
121521 GOODS-N 189.324692 62.334534 0.9750 0.9113 0.0237 3DHST 1.2812 0.2248 1.4661 0.1302 96.1809 84.6256
122267 GOODS-N 189.419315 62.335533 0.7485 0.7485 0.0066 3DHST 1.0379 0.1308 1.1804 0.0643 177.3619 177.3619
122560 GOODS-N 189.397021 62.335666 1.0544 1.0407 0.0167 3DHST 1.1838 0.0929 1.2397 0.0487 487.0352 470.7572
122616 GOODS-N 189.381705 62.335813 1.1551 0.9953 0.0866 3DHST 1.2359 0.3392 1.3293 0.1657 144.9486 101.9489
122757 GOODS-N 189.354669 62.335743 0.7758 0.6142 0.0573 3DHST 1.1565 0.3039 1.5714 0.2120 218.2869 113.7814
123290 GOODS-N 189.398052 62.338503 1.1456 1.0898 0.0354 3DHST 1.2902 0.1857 1.5012 0.0991 110.8586 105.5435
123538 GOODS-N 189.393175 62.341949 0.9379 0.9379 0.0040 3DHST 1.4048 0.1006 1.6574 0.0591 89.6850 89.6850
123811 GOODS-N 189.398084 62.341872 0.6322 0.6322 0.0084 3DHST 1.4371 0.1255 1.5436 0.0698 101.3698 101.3698
124386 GOODS-N 189.390277 62.344599 0.8181 0.8258 0.0113 3DHST 1.3074 0.1513 1.5609 0.0992 96.0292 92.9746
127073 GOODS-N 189.382344 62.349908 0.8399 0.8277 0.1249 3DHST 1.1260 0.1839 1.1606 0.1020 148.0190 146.8194
