# Catalog for all galaxies that now have refined redshifts. See paper/code for sample selection. 
# pearsid field ra dec old_z new_z new_z_err source dn4000 dn4000_err d4000 d4000_err old_chi2 new_chi2
28271 GOODS-N 189.162696 62.168504 0.7226 0.6047 0.0202 3DHST 1.4964 0.1098 1.3623 0.0538 626.5450 112.6687
32497 GOODS-N 189.166581 62.174885 0.9536 0.9607 0.0051 3DHST 1.0126 0.0823 1.4780 0.0529 65.1102 60.0646
34427 GOODS-N 189.184999 62.177028 0.8928 0.8557 0.0124 3DHST 1.1138 0.1162 1.2601 0.0730 152.0576 131.8617
35156 GOODS-N 189.199465 62.179393 1.2015 1.2015 0.0188 3DHST 1.2183 0.1279 1.3448 0.0816 188.8574 188.8574
36105 GOODS-N 189.191488 62.183700 0.9072 0.9365 0.0087 3DHST 1.4962 0.1561 1.7417 0.0910 131.2308 66.9418
36418 GOODS-N 189.194182 62.180382 0.8660 0.8762 0.0171 3DHST 1.2465 0.1852 1.5758 0.1043 54.7887 53.5674
36569 GOODS-N 189.202385 62.180366 0.9374 0.8748 0.0088 3DHST 1.0844 0.1551 1.2131 0.0910 136.5143 53.0584
36639 GOODS-N 189.172688 62.181008 0.8841 0.8986 0.0206 3DHST 1.2276 0.1584 1.4391 0.0836 80.0639 71.2781
36708 GOODS-N 189.141708 62.181930 0.7736 0.6731 0.0147 3DHST 1.1840 0.1022 1.3747 0.0519 669.2395 234.0858
36842 GOODS-N 189.185144 62.181446 0.9082 0.9502 0.0153 3DHST 1.1879 0.1226 1.3348 0.0713 193.5452 162.9212
36944 GOODS-N 189.170378 62.181960 0.8353 0.8353 0.0084 3DHST 1.1365 0.0991 1.2880 0.0487 402.5554 402.5554
37225 GOODS-N 189.208158 62.183079 0.6620 0.6189 0.0108 3DHST 1.3940 0.1452 1.4648 0.0819 132.1531 99.1689
37495 GOODS-N 189.150181 62.183491 0.9366 0.7187 0.0337 3DHST 1.3975 0.2513 1.4820 0.1254 236.7420 49.7905
38212 GOODS-N 189.216902 62.183186 0.9278 0.9875 0.0209 3DHST 1.3116 0.1682 1.4541 0.0934 155.9969 112.3548
39455 GOODS-N 189.160724 62.186624 0.9311 0.9311 0.0062 3DHST 1.4107 0.3088 1.6147 0.1775 58.9285 58.9285
39487 GOODS-N 189.207262 62.185314 0.9627 0.9369 0.0148 3DHST 1.1895 0.1585 1.3579 0.0931 109.6225 102.2064
39728 GOODS-N 189.170018 62.185910 0.7729 0.7496 0.0186 3DHST 1.4641 0.2132 1.4336 0.0980 62.3117 56.7035
39801 GOODS-N 189.221731 62.188091 0.9577 1.0028 0.0161 3DHST 1.1916 0.0890 1.3424 0.0499 294.7631 237.7141
39842 GOODS-N 189.183181 62.185382 0.8770 0.7932 0.0046 3DHST 1.0806 0.0989 1.1278 0.0518 587.1388 367.3687
40991 GOODS-N 189.184961 62.192638 0.9880 1.0182 0.0060 3DHST 1.3952 0.0925 1.7208 0.0566 281.6193 214.2911
40998 GOODS-N 189.158359 62.188197 1.0453 1.1775 0.0543 3DHST 1.4028 0.3145 1.7447 0.1937 81.5937 33.1033
41093 GOODS-N 189.223292 62.187672 0.9277 0.7417 0.0228 3DHST 1.1276 0.1901 1.3815 0.1169 209.7513 34.5255
41342 GOODS-N 189.159442 62.187782 0.9228 0.8024 0.0334 3DHST 1.3595 0.4161 1.6390 0.2424 103.8693 71.2231
41388 GOODS-N 189.171411 62.190368 0.9889 1.0048 0.0130 3DHST 1.3133 0.1574 1.6500 0.0998 51.5201 41.9181
41439 GOODS-N 189.158889 62.187899 0.8779 0.8779 0.0107 3DHST 1.4307 0.1943 1.4616 0.1012 147.8075 147.8075
41630 GOODS-N 189.198719 62.189044 1.1760 1.1057 0.0299 3DHST 1.1239 0.2294 1.1900 0.1176 117.8013 79.5683
41913 GOODS-N 189.172400 62.191647 1.0956 1.1562 0.0167 3DHST 1.2828 0.1839 1.5844 0.1136 70.9630 38.9495
41945 GOODS-N 189.256444 62.191414 0.7773 0.6254 0.0117 3DHST 0.8951 0.0811 1.2650 0.0548 680.2226 192.5974
42014 GOODS-N 189.177334 62.189496 0.8731 0.7781 0.0048 3DHST 0.9156 0.0976 1.2566 0.0657 445.2934 131.4855
42119 GOODS-N 189.209596 62.191001 0.9331 1.0321 0.0280 3DHST 1.0014 0.1447 1.3787 0.0845 219.0596 133.5106
42430 GOODS-N 189.161688 62.189957 0.9756 0.9495 0.0107 3DHST 1.0600 0.1403 1.1942 0.0829 103.2246 90.7407
43618 GOODS-N 189.182566 62.195327 0.7413 0.7589 0.0062 3DHST 1.7055 0.1049 1.4815 0.0464 236.5686 200.5305
44078 GOODS-N 189.202683 62.194930 0.9827 0.9827 0.0081 3DHST 1.3611 0.0933 1.7265 0.0588 236.3987 236.3987
44286 GOODS-N 189.239528 62.193193 0.9841 0.9326 0.0079 3DHST 1.0751 0.1193 1.1227 0.0640 215.2037 127.3066
44562 GOODS-N 189.192422 62.195116 1.1114 1.1489 0.0178 3DHST 1.1362 0.1051 1.3076 0.0680 115.0549 103.1142
44756 GOODS-N 189.202412 62.194546 0.9905 1.0059 0.0085 3DHST 1.5962 0.2421 1.9576 0.1531 92.0692 71.6353
44998 GOODS-N 189.157430 62.197189 0.9173 0.9288 0.0184 3DHST 1.1324 0.1446 1.2726 0.0813 59.8982 59.5395
45026 GOODS-N 189.179994 62.196755 0.9729 0.9729 0.0173 3DHST 1.0412 0.1104 1.6350 0.0758 91.6850 91.6850
45370 GOODS-N 189.222967 62.194847 1.0729 0.2381 0.0380 3DHST nan nan nan nan 454.8822 121.7470
45451 GOODS-N 189.159565 62.197543 0.8283 0.8283 0.0075 3DHST 1.2409 0.1027 1.4093 0.0632 64.1498 64.1498
45496 GOODS-N 189.205229 62.196896 0.9872 0.9610 0.0109 3DHST 1.2222 0.1308 1.5924 0.0907 43.1690 39.2320
46351 GOODS-N 189.248362 62.198240 1.0005 1.0108 0.0105 3DHST 1.2182 0.1205 1.4221 0.0692 175.2354 166.6348
46765 GOODS-N 189.257967 62.197360 1.0346 0.9689 0.0108 3DHST 1.2224 0.2074 1.2094 0.1084 99.2984 43.4102
46766 GOODS-N 189.188918 62.198566 1.0236 0.9969 0.0080 3DHST 1.5070 0.1915 1.7470 0.1151 67.7570 56.5202
47065 GOODS-N 189.153336 62.203752 0.8517 0.8517 0.0167 3DHST 1.1869 0.0656 1.3892 0.0419 905.0514 905.0514
47115 GOODS-N 189.123579 62.200094 1.1059 1.0920 0.0121 3DHST 0.8570 0.1508 1.1259 0.1003 162.2465 158.7906
47126 GOODS-N 189.143115 62.198086 0.9328 0.8232 0.0139 3DHST 1.0728 0.1813 1.3712 0.1186 187.2262 47.6987
47153 GOODS-N 189.236011 62.212735 0.6185 0.6078 0.0107 3DHST 1.1068 0.0656 1.2046 0.0342 667.1478 660.8033
47355 GOODS-N 189.154232 62.199973 0.8037 0.6908 0.0118 3DHST 1.1626 0.0984 1.3366 0.0506 557.5336 131.5013
47561 GOODS-N 189.245803 62.202557 0.9152 0.8653 0.0128 3DHST 1.5353 0.1263 1.5748 0.0583 230.4449 196.2370
47814 GOODS-N 189.239500 62.203026 0.6875 0.6875 0.0064 3DHST 1.2319 0.0949 1.3516 0.0477 243.0548 243.0548
48176 GOODS-N 189.145689 62.206806 0.6562 0.6027 0.0056 3DHST 1.0863 0.0623 1.0953 0.0288 768.4380 651.0632
48189 GOODS-N 189.166745 62.202141 0.9911 0.9926 0.0088 3DHST 1.2820 0.0925 1.6216 0.0582 171.6315 165.9382
48216 GOODS-N 189.170196 62.200939 0.9835 0.9835 0.0282 3DHST 1.2760 0.1620 1.4007 0.0915 163.6749 163.6749
48650 GOODS-N 189.209032 62.204814 0.9258 0.9133 0.0121 3DHST 1.5620 0.1340 1.7022 0.0677 145.0158 142.0000
48737 GOODS-N 189.241017 62.202888 0.9381 0.9658 0.0190 3DHST 1.1187 0.1861 1.2358 0.1036 75.1956 66.5022
49261 GOODS-N 189.201093 62.203950 0.9541 1.1016 0.0446 3DHST 1.1768 0.1597 1.2999 0.0892 172.1607 90.9249
49779 GOODS-N 189.164335 62.203362 0.9672 0.9415 0.0306 3DHST 1.7191 0.3313 1.8005 0.1557 62.3745 49.9589
50196 GOODS-N 189.242933 62.204031 0.9772 0.9642 0.0070 3DHST 1.3209 0.1644 1.2192 0.0727 65.9696 58.4218
50214 GOODS-N 189.141333 62.204821 0.8453 1.2996 0.0162 3DHST 1.3655 0.1745 1.9244 0.1075 2529.2630 1092.2628
50422 GOODS-N 189.181790 62.205159 0.7455 0.7001 0.0115 3DHST 0.9362 0.0907 1.3353 0.0651 204.8410 116.8610
50439 GOODS-N 189.172884 62.204257 1.0654 1.0654 0.0097 3DHST 1.5170 0.1799 2.0211 0.1158 91.1368 91.1368
50799 GOODS-N 189.236018 62.205684 0.9324 0.9366 0.0079 3DHST 1.3436 0.1189 1.6820 0.0754 92.3545 89.7229
51003 GOODS-N 189.204441 62.205994 0.9422 0.9040 0.0151 3DHST 1.1381 0.0950 1.2741 0.0540 359.2350 320.9622
51587 GOODS-N 189.244353 62.206136 0.6892 0.5738 0.0440 3DHST 1.2149 0.1951 2.0512 0.1982 334.3071 71.0776
51609 GOODS-N 189.124760 62.206790 0.9534 1.0007 0.1326 3DHST 0.8301 0.2130 1.0621 0.1285 65.7594 50.6923
51648 GOODS-N 189.134688 62.207927 0.9060 0.9359 0.0098 3DHST 1.8582 0.3451 1.9255 0.1700 43.3302 24.8082
52017 GOODS-N 189.155800 62.208326 1.0064 1.0274 0.0072 3DHST 1.3089 0.1189 1.5076 0.0694 119.5121 93.7475
52288 GOODS-N 189.136231 62.208377 0.9050 0.9095 0.0131 3DHST 1.2467 0.2262 1.8347 0.1477 54.0497 51.5899
52440 GOODS-N 189.143881 62.211484 1.2094 1.1518 0.0104 3DHST 1.4721 0.1577 1.4593 0.0790 162.1922 122.7711
52460 GOODS-N 189.231522 62.212745 0.8129 0.7543 0.0101 3DHST 1.4808 0.1220 1.4330 0.0566 252.2900 122.9221
52896 GOODS-N 189.199133 62.209248 0.9424 0.7657 0.0679 3DHST 1.3071 0.1831 1.4395 0.0986 217.7505 75.6339
52998 GOODS-N 189.151611 62.210472 0.8819 0.8450 0.0141 3DHST 1.2510 0.1217 1.4633 0.0778 179.4222 152.1978
53362 GOODS-N 189.138379 62.210083 1.1201 1.1826 0.0368 3DHST 1.1592 0.1838 1.1181 0.1077 175.5152 140.9789
53471 GOODS-N 189.179822 62.211820 0.8341 0.8342 0.0012 3DHST 1.4496 0.1130 1.7448 0.0593 127.7601 111.5719
53563 GOODS-N 189.192230 62.213010 0.8729 0.8927 0.0079 3DHST 1.3550 0.1037 1.6407 0.0687 189.4741 144.3301
53708 GOODS-N 189.209434 62.212820 0.6887 0.6887 0.0055 3DHST 1.3308 0.1062 1.7588 0.0662 159.9297 159.9297
54282 GOODS-N 189.131823 62.212119 0.9909 1.0760 0.0663 3DHST 1.1970 0.1890 1.4262 0.1197 115.2464 47.9039
54405 GOODS-N 189.166361 62.213991 0.8166 0.7578 0.0060 3DHST 0.9248 0.0592 1.3473 0.0421 339.6857 175.8130
54598 GOODS-N 189.224556 62.215109 0.6631 0.6305 0.0111 3DHST 1.2557 0.0840 1.4178 0.0464 209.2573 165.7121
55392 GOODS-N 189.176715 62.214624 1.1578 1.1578 0.0173 3DHST 1.2708 0.2238 1.2246 0.1114 89.6162 89.6162
55923 GOODS-N 189.113842 62.216150 1.1659 1.1659 0.0109 3DHST 1.0772 0.1035 1.0969 0.0525 349.3110 349.3110
56019 GOODS-N 189.161955 62.216033 1.1568 1.1700 0.0189 3DHST 1.1496 0.1812 1.2266 0.0970 64.7305 62.0821
56233 GOODS-N 189.237149 62.217217 1.2254 1.1673 0.0120 3DHST 1.1672 0.1780 1.6683 0.1344 63.7045 39.2919
57792 GOODS-N 189.231038 62.219887 0.9315 0.9315 0.0031 3DHST 1.4322 0.1137 1.5618 0.0657 100.8616 100.8616
58084 GOODS-N 189.229795 62.217778 0.9918 0.9653 0.0145 3DHST 1.4831 0.1835 1.7845 0.1195 75.9332 49.6321
58703 GOODS-N 189.139962 62.222290 0.9111 0.7915 0.0205 3DHST 1.2114 0.0759 1.2375 0.0396 680.8328 157.8336
59024 GOODS-N 189.143125 62.220220 0.8294 0.7703 0.0155 3DHST 1.2072 0.1304 1.5140 0.0895 110.1102 55.8178
59375 GOODS-N 189.171367 62.220789 1.0089 0.9955 0.0202 3DHST 1.2014 0.1107 1.3739 0.0649 196.5129 195.8860
59723 GOODS-N 189.210291 62.221245 0.8321 0.8200 0.0085 3DHST 1.5903 0.2997 1.2956 0.1168 41.1434 40.9715
59863 GOODS-N 189.203237 62.221892 0.8033 0.7564 0.0116 3DHST 1.1625 0.1699 1.3327 0.0865 166.1816 136.3902
60092 GOODS-N 189.151200 62.222291 0.7089 0.6019 0.0327 3DHST 1.1149 0.1347 1.2629 0.0661 408.6818 132.7028
60103 GOODS-N 189.206064 62.221384 1.1866 1.2131 0.0190 3DHST 1.1837 0.2494 1.4473 0.1569 71.2013 64.7825
60675 GOODS-N 189.176570 62.222126 0.8232 0.7529 0.0280 3DHST 1.2200 0.2960 1.4887 0.1578 49.1735 26.7430
61065 GOODS-N 189.175163 62.222689 0.8687 0.8201 0.0116 3DHST 1.0825 0.1615 1.1569 0.0868 67.2356 41.6735
61291 GOODS-N 189.162352 62.224920 0.9906 0.9775 0.0081 3DHST 1.3870 0.1248 1.7105 0.0773 72.4424 72.3057
61746 GOODS-N 189.202411 62.224630 0.9505 0.8516 0.0228 3DHST 1.1450 0.1681 1.2775 0.0960 114.6527 62.4106
62107 GOODS-N 189.160379 62.227589 0.9963 1.0223 0.0223 3DHST 1.3321 0.1533 1.6585 0.0962 72.9940 72.2088
62118 GOODS-N 189.152115 62.228115 0.6437 0.6115 0.0103 3DHST 0.9682 0.0735 1.2475 0.0494 470.5334 441.5128
62128 GOODS-N 189.155168 62.226361 0.9995 0.9476 0.0355 3DHST 1.2106 0.2394 1.4609 0.1442 51.0654 43.5602
62376 GOODS-N 189.180433 62.225828 0.9288 0.7857 0.0499 3DHST 1.2898 0.2008 1.3097 0.1054 154.4187 54.2735
62388 GOODS-N 189.197674 62.225111 0.9350 0.7804 0.0369 3DHST 1.1001 0.2287 1.4857 0.1613 86.4524 32.7751
62719 GOODS-N 189.216541 62.225704 0.9726 0.9089 0.0209 3DHST 1.3114 0.1434 1.5182 0.0838 170.0733 104.9741
63227 GOODS-N 189.153547 62.229494 0.9118 0.8866 0.0110 3DHST 1.1720 0.0762 1.1685 0.0396 675.3782 658.7823
63419 GOODS-N 189.170656 62.228275 1.0029 0.9897 0.0253 3DHST 1.4181 0.2046 1.3221 0.1038 187.2748 186.4449
63526 GOODS-N 189.171079 62.227810 0.8683 0.9030 0.0089 3DHST 1.5030 0.2207 1.8771 0.1359 113.0195 80.8928
64523 GOODS-N 189.179820 62.229955 1.2106 1.1815 0.0218 3DHST 1.0989 0.1688 1.1746 0.0992 154.7245 148.2893
65022 GOODS-N 189.231330 62.231617 1.1334 1.1193 0.0136 3DHST 1.0992 0.1428 1.2899 0.0770 116.3640 111.2596
65404 GOODS-N 189.193118 62.234728 1.0070 1.0417 0.0198 3DHST 1.1961 0.0740 1.3712 0.0421 699.7737 649.7426
65833 GOODS-N 189.225379 62.231866 0.8954 0.7657 0.0399 3DHST 1.1813 0.1392 1.5442 0.0755 376.8421 109.9497
66753 GOODS-N 189.206239 62.235309 0.7213 0.6765 0.0122 3DHST 1.5271 0.1205 1.5831 0.0625 182.6936 141.3031
69764 GOODS-N 189.193349 62.238527 0.7500 0.7519 0.0043 3DHST 2.6222 0.3506 2.8918 0.1827 6706.5040 6672.9036
69850 GOODS-N 189.209772 62.238607 0.8832 0.7653 0.0396 3DHST 0.9309 0.1669 1.2579 0.1127 189.0818 109.1485
70156 GOODS-N 189.161450 62.239534 0.9590 0.8026 0.0578 3DHST 1.1569 0.1743 1.2441 0.0962 205.0676 98.9361
70787 GOODS-N 189.245169 62.243123 0.8286 0.7359 0.0116 3DHST 1.1329 0.0626 1.2945 0.0400 503.7525 188.1877
70857 GOODS-N 189.116152 62.247046 0.7193 0.7193 0.0039 3DHST 1.1990 0.0896 1.4323 0.0464 323.4513 323.4513
72201 GOODS-N 189.143711 62.242866 0.8345 0.7197 0.0533 3DHST 1.2375 0.1447 1.4449 0.0737 254.0847 72.4759
72684 GOODS-N 189.190696 62.245196 1.1978 1.0604 0.0166 3DHST 1.1323 0.2273 1.3249 0.1241 189.1532 72.1260
72800 GOODS-N 189.195373 62.246604 0.6540 0.7083 0.0492 3DHST 0.9682 0.0549 1.2330 0.0359 454.3674 310.1102
72986 GOODS-N 189.173811 62.243879 0.9333 0.9903 0.0390 3DHST 0.9207 0.1825 1.3237 0.1188 111.0085 95.4028
73058 GOODS-N 189.124581 62.244810 0.7603 0.7486 0.0083 3DHST 1.5076 0.1322 1.4086 0.0603 66.1219 66.0727
73266 GOODS-N 189.239410 62.247635 1.1951 1.1951 0.0455 3DHST 1.1643 0.1439 1.6429 0.1017 83.4768 83.4768
73756 GOODS-N 189.249760 62.247251 0.7817 0.7131 0.0143 3DHST 1.3983 0.1732 1.3252 0.0801 121.9363 80.5847
74641 GOODS-N 189.174731 62.249158 0.8502 0.8502 0.0157 3DHST 1.2732 0.1319 1.4727 0.0846 81.8849 81.8849
74794 GOODS-N 189.192301 62.247818 0.6358 0.5828 0.0177 3DHST 1.0900 0.2412 1.4862 0.1717 74.2823 49.2612
74900 GOODS-N 189.156752 62.248289 0.7809 0.8551 0.0065 3DHST 3.6703 0.4307 2.7380 0.1605 4897.5586 2926.1745
74987 GOODS-N 189.240780 62.248689 0.8299 0.8320 0.0121 3DHST 1.1913 0.0850 1.5197 0.0563 107.7079 106.0077
75267 GOODS-N 189.220894 62.252512 0.8673 0.9694 0.0113 3DHST 1.3500 0.1064 1.6152 0.0621 455.9781 188.7238
75367 GOODS-N 189.208552 62.248427 0.9049 0.7857 0.0393 3DHST 1.2941 0.2791 1.7336 0.1610 125.9859 37.3027
75413 GOODS-N 189.128494 62.248303 0.9368 0.7500 0.0085 3DHST 1.2140 0.1412 1.2065 0.0681 722.0154 186.5766
75556 GOODS-N 189.203636 62.248887 0.8825 0.7217 0.0194 3DHST 1.3513 0.2285 1.5195 0.1560 157.5111 54.7468
75653 GOODS-N 189.160583 62.248768 0.8347 0.8347 0.0086 3DHST 1.2963 0.1702 1.4991 0.0851 30.9122 30.9122
75659 GOODS-N 189.186664 62.248803 0.9243 0.8038 0.0083 3DHST 0.8961 0.0903 1.4502 0.0666 578.2705 236.3054
75762 GOODS-N 189.112734 62.252704 0.8046 0.8046 0.0012 3DHST 1.4142 0.1087 1.7568 0.0569 126.6827 126.6827
76098 GOODS-N 189.201368 62.252162 0.8627 0.9264 0.0084 3DHST 1.4277 0.1009 1.8228 0.0698 451.9896 209.0841
76405 GOODS-N 189.178046 62.250891 0.7126 0.5954 0.0228 3DHST 1.5506 0.3164 1.4769 0.1660 108.2444 32.6797
76445 GOODS-N 189.126508 62.250747 0.6116 0.8647 0.0014 3DHST 1.8361 0.1314 2.4291 0.0829 6952.8106 1794.8721
76554 GOODS-N 189.117165 62.252018 0.6652 0.6917 0.0087 3DHST 1.0165 0.3281 1.3902 0.2288 36.8978 33.9901
76778 GOODS-N 189.170511 62.251415 0.8357 0.8115 0.0237 3DHST 1.1212 0.1877 1.3390 0.0985 62.6155 59.5045
76889 GOODS-N 189.169652 62.251384 0.9375 1.0061 0.0208 3DHST 1.4500 0.1940 1.7034 0.1119 160.0863 83.7975
76917 GOODS-N 189.181488 62.251674 0.9336 0.7058 0.0191 3DHST 0.8818 0.1358 1.4648 0.1021 495.9857 61.3814
76936 GOODS-N 189.166858 62.251514 0.6901 0.6250 0.0137 3DHST 1.1796 0.2248 1.6049 0.1519 71.8021 38.2312
77103 GOODS-N 189.258085 62.252987 0.9390 0.9400 0.0105 3DHST 1.1729 0.0888 1.1610 0.0469 332.1423 327.2218
77314 GOODS-N 189.133708 62.251804 0.8001 0.8156 0.0232 3DHST 1.2781 0.1900 1.5266 0.1223 59.7248 55.7571
77333 GOODS-N 189.161711 62.253011 1.0090 1.0090 0.0161 3DHST 1.2814 0.1630 1.6457 0.1036 67.9002 67.9002
77555 GOODS-N 189.135301 62.253768 0.6575 0.7105 0.0086 3DHST 1.2317 0.1020 1.4049 0.0568 179.5568 123.6872
77715 GOODS-N 189.192615 62.257679 0.9805 1.0852 0.0201 3DHST 1.1707 0.0898 1.2985 0.0503 386.3600 272.0439
77927 GOODS-N 189.237947 62.253233 0.8346 0.7526 0.0401 3DHST 1.1263 0.1898 1.3609 0.1017 102.1516 61.0931
78300 GOODS-N 189.225646 62.254286 0.8473 0.7536 0.0127 3DHST 1.1204 0.0857 1.0761 0.0432 841.2551 684.2930
78475 GOODS-N 189.149125 62.253994 0.8184 0.8063 0.0082 3DHST 1.4725 0.1758 1.7168 0.1136 56.5221 56.2645
78535 GOODS-N 189.275403 62.254694 0.8508 0.3538 0.0783 3DHST nan nan nan nan 6668.2278 3466.0633
78698 GOODS-N 189.276272 62.255115 0.9549 1.1644 0.0125 3DHST 1.1739 0.0705 1.3094 0.0392 3600.9583 2237.8604
79185 GOODS-N 189.165655 62.263368 0.8522 0.8522 0.0062 3DHST 1.3922 0.0890 1.7099 0.0587 307.5285 307.5285
79426 GOODS-N 189.217982 62.260429 0.9434 0.9434 0.0064 3DHST 1.1197 0.1010 1.7194 0.0696 88.4884 88.4884
79587 GOODS-N 189.310322 62.258373 0.8516 0.8562 0.0058 3DHST 1.4489 0.1222 1.8699 0.0884 95.0787 90.4334
79903 GOODS-N 189.189328 62.256532 0.6807 0.6807 0.0090 3DHST 1.1318 0.0964 1.3231 0.0524 568.6198 568.6198
79928 GOODS-N 189.181350 62.259077 0.8835 0.7995 0.0078 3DHST 0.8983 0.0901 1.2531 0.0613 402.2607 251.9598
79945 GOODS-N 189.232363 62.257916 0.7081 0.6319 0.0165 3DHST 1.1021 0.2000 1.1637 0.0959 112.6336 60.9322
80348 GOODS-N 189.161035 62.257335 0.6212 0.6104 0.0085 3DHST 1.1244 0.1456 1.2775 0.0825 101.7413 97.2434
80372 GOODS-N 189.282201 62.257225 1.1721 1.2064 0.0082 3DHST 1.2547 0.1050 1.6663 0.0764 770.7358 657.1044
80411 GOODS-N 189.193273 62.258163 0.8377 0.8484 0.0077 3DHST 1.4100 0.1208 1.5339 0.0688 101.8114 94.1794
80787 GOODS-N 189.273833 62.257500 0.8880 1.2128 0.4337 3DHST 1.1594 0.1048 1.4619 0.0660 3366.1270 1261.9000
81336 GOODS-N 189.343186 62.262138 0.9291 0.9291 0.0033 3DHST 1.3894 0.1373 1.5457 0.0802 66.0713 66.0713
81749 GOODS-N 189.175851 62.262726 0.8548 0.8425 0.0113 3DHST 1.1449 0.0887 1.3623 0.0453 428.7531 424.3548
82141 GOODS-N 189.195261 62.261370 0.9469 0.9339 0.0120 3DHST 1.3886 0.1156 1.4923 0.0586 198.0735 194.3242
82267 GOODS-N 189.207799 62.261716 0.9235 0.9108 0.0179 3DHST 0.9959 0.1149 1.6410 0.0910 63.1128 61.7895
82737 GOODS-N 189.157839 62.261231 1.0034 0.6974 0.0048 3DHST 1.1856 0.1160 1.2806 0.0642 1768.7960 630.2168
82816 GOODS-N 189.338070 62.262402 0.7719 0.7485 0.0073 3DHST 1.4069 0.1669 1.1265 0.0664 136.1518 125.5820
82986 GOODS-N 189.302899 62.262929 0.9290 0.8910 0.0081 3DHST 1.1334 0.0767 1.1235 0.0396 586.2260 516.3628
83106 GOODS-N 189.145509 62.263655 0.8909 0.8784 0.0114 3DHST 1.1861 0.0916 1.3092 0.0522 64.2406 60.4063
83237 GOODS-N 189.161676 62.263213 0.9463 0.8712 0.0074 3DHST 1.3902 0.1045 1.4263 0.0489 812.8094 509.1270
83499 GOODS-N 189.197312 62.274574 0.8567 0.8567 0.0071 3DHST 1.3113 0.0827 1.4088 0.0456 292.9266 292.9266
83503 GOODS-N 189.202551 62.264709 0.8603 0.8481 0.0062 3DHST 1.3071 0.0779 1.6030 0.0522 159.5217 158.8354
84077 GOODS-N 189.308578 62.263782 0.9400 1.2055 0.0787 3DHST 1.0563 0.1358 1.1052 0.0745 956.1246 690.2191
84259 GOODS-N 189.131874 62.267891 0.8288 0.7037 0.0090 3DHST 1.2243 0.0665 1.5434 0.0441 1193.6323 197.0157
84520 GOODS-N 189.159206 62.268151 0.8784 0.8536 0.0060 3DHST 1.4414 0.0992 1.7604 0.0604 199.1086 173.2711
84649 GOODS-N 189.167020 62.266234 0.8421 0.8510 0.0067 3DHST 1.8150 0.2373 1.7263 0.1023 65.8137 49.5877
84715 GOODS-N 189.323427 62.265321 0.7805 0.4591 0.0219 3DHST nan nan nan nan 918.6415 448.0801
84978 GOODS-N 189.141579 62.268034 1.0106 0.7132 0.0156 3DHST 1.0424 0.1081 1.1666 0.0600 918.7179 250.6130
85073 GOODS-N 189.165950 62.267141 0.9706 1.0095 0.0403 3DHST 1.3410 0.1734 1.5788 0.1008 95.3279 84.7883
85356 GOODS-N 189.162244 62.266082 0.8446 0.8324 0.0090 3DHST 1.3101 0.1913 1.6436 0.1065 29.9592 29.6545
85422 GOODS-N 189.282733 62.268337 0.9291 0.9291 0.0118 3DHST 1.1951 0.0784 1.2771 0.0446 173.9326 173.9326
85491 GOODS-N 189.224713 62.268705 0.8314 0.7837 0.0050 3DHST 1.0764 0.0883 1.2006 0.0547 454.5990 316.1237
85579 GOODS-N 189.306587 62.267828 1.1318 1.3840 0.0925 3DHST 1.3489 0.2013 0.7650 0.1058 433.2373 260.0286
85920 GOODS-N 189.250233 62.268392 0.9718 1.0100 0.0092 3DHST 1.1693 0.0919 1.3555 0.0532 377.7716 328.6241
86173 GOODS-N 189.153241 62.268076 0.8487 0.8487 0.0072 3DHST 1.3172 0.1297 1.7294 0.0904 47.5931 47.5931
86203 GOODS-N 189.157273 62.268855 0.8576 0.8452 0.0071 3DHST 1.4224 0.1319 1.7206 0.0794 80.6860 75.0693
86216 GOODS-N 189.122031 62.270575 0.8722 0.8474 0.0092 3DHST 1.2676 0.0747 1.4677 0.0470 197.5830 179.3186
86357 GOODS-N 189.161729 62.268353 0.8501 0.8501 0.0056 3DHST 1.4385 0.1087 1.7598 0.0720 103.5262 103.5262
86405 GOODS-N 189.308077 62.267827 0.9592 1.1041 0.0754 3DHST 1.0993 0.1888 1.2125 0.1053 415.4013 287.7495
86522 GOODS-N 189.323283 62.269046 0.7236 0.5296 0.0125 3DHST 4.7868 2.4392 10.2719 5.1731 624.8785 98.4031
86854 GOODS-N 189.282229 62.271195 0.9472 1.0394 0.0240 3DHST 1.2083 0.0807 1.3821 0.0458 457.9831 371.7644
86967 GOODS-N 189.250862 62.270993 0.8019 0.6580 0.0566 3DHST 1.4997 0.2105 1.4288 0.0917 372.8978 86.6678
86999 GOODS-N 189.303304 62.271759 0.8471 0.8228 0.0136 3DHST 1.1849 0.0815 1.2570 0.0443 290.4659 275.7999
87000 GOODS-N 189.137595 62.271304 0.9033 0.8300 0.0197 3DHST 0.9972 0.0870 1.4401 0.0605 198.2260 107.2624
87061 GOODS-N 189.121932 62.272083 0.8546 0.8423 0.0055 3DHST 1.4447 0.1295 1.6670 0.0651 172.4876 150.6490
87368 GOODS-N 189.163692 62.273070 0.8162 0.8369 0.0077 3DHST 1.0594 0.1460 1.4437 0.0918 176.3210 149.7730
87433 GOODS-N 189.187144 62.271408 0.7734 0.6943 0.0128 3DHST 1.1803 0.1170 1.3555 0.0586 328.0838 144.5187
87585 GOODS-N 189.179891 62.273723 0.8398 0.8497 0.0040 3DHST 1.3586 0.1163 1.8770 0.0826 90.7703 77.8844
87823 GOODS-N 189.189733 62.270553 0.9805 0.9544 0.0114 3DHST 1.1837 0.1809 1.4305 0.1091 63.9067 53.2852
87911 GOODS-N 189.182591 62.271997 0.9543 0.7657 0.0517 3DHST 1.2054 0.2252 1.2606 0.1174 132.2212 68.3721
88020 GOODS-N 189.154438 62.270948 0.8680 0.6981 0.0531 3DHST 1.1732 0.1700 1.3610 0.1001 204.5758 42.9877
88211 GOODS-N 189.251723 62.271472 0.8377 0.7556 0.0111 3DHST 1.1764 0.0987 1.2291 0.0548 247.6393 97.5301
88530 GOODS-N 189.300132 62.271916 0.9246 0.8868 0.0089 3DHST 1.1559 0.3768 2.0701 0.3386 1514.6543 1482.8288
88566 GOODS-N 189.172075 62.271770 0.7871 0.8207 0.0077 3DHST 1.1089 0.1270 1.7989 0.0969 186.5399 96.0802
88580 GOODS-N 189.135162 62.274485 0.9248 0.9248 0.0076 3DHST 1.1756 0.0808 1.5184 0.0553 245.2507 245.2507
88679 GOODS-N 189.163354 62.273465 0.8427 0.8637 0.0191 3DHST 1.7127 0.2096 1.6806 0.0970 86.0474 76.0936
88858 GOODS-N 189.176557 62.272905 0.8220 0.7631 0.0313 3DHST 1.4599 0.2281 1.3340 0.0964 72.8365 49.4355
88929 GOODS-N 189.279212 62.274566 0.9557 0.9428 0.0049 3DHST 1.5159 0.1540 1.9566 0.1060 86.7755 76.2352
89094 GOODS-N 189.145277 62.274611 0.9806 0.8684 0.0122 3DHST 1.1834 0.0945 1.4003 0.0563 296.2949 81.1967
89112 GOODS-N 189.351244 62.275619 0.8751 0.7468 0.0631 3DHST 1.1765 0.1133 1.3914 0.0591 588.6470 147.6073
89514 GOODS-N 189.180486 62.274219 0.8329 0.8336 0.0090 3DHST 1.2647 0.1698 1.5087 0.0871 40.2726 36.8294
89655 GOODS-N 189.271113 62.274437 1.0973 1.0561 0.0084 3DHST 1.0648 0.1476 1.2585 0.0916 96.5138 61.1074
89790 GOODS-N 189.151472 62.274011 0.8523 0.8523 0.0128 3DHST 1.2534 0.1540 1.3783 0.0944 41.5438 41.5438
89845 GOODS-N 189.335839 62.274983 0.9207 0.9079 0.0198 3DHST 1.1814 0.0836 1.1930 0.0442 569.1391 565.1125
89993 GOODS-N 189.179370 62.275612 0.9156 0.9409 0.0205 3DHST 1.4477 0.1318 1.4150 0.0592 453.8924 447.1159
90082 GOODS-N 189.169913 62.274592 0.7141 0.6376 0.0098 3DHST 1.4317 0.2103 1.5058 0.1085 187.4374 87.7789
90190 GOODS-N 189.258700 62.275515 1.1635 1.1635 0.0110 3DHST 0.9644 0.1455 1.2498 0.0987 95.9623 95.9623
90320 GOODS-N 189.263713 62.275892 0.7007 0.7238 0.0058 3DHST 1.9932 0.1822 2.1023 0.0983 241.4763 92.5900
90536 GOODS-N 189.242061 62.277599 1.0027 1.0392 0.0071 3DHST 1.3878 0.1098 1.7132 0.0669 118.2217 86.7991
90557 GOODS-N 189.314376 62.275798 0.8388 0.6513 0.0483 3DHST 1.2134 0.1025 1.5706 0.0721 786.0889 70.2351
91073 GOODS-N 189.155052 62.279527 0.8523 0.8399 0.0071 3DHST 1.3898 0.1385 1.7040 0.0917 154.9068 149.1224
91148 GOODS-N 189.167207 62.276959 0.8394 0.8394 0.0087 3DHST 1.2150 0.1509 1.6177 0.1091 46.1897 46.1897
91525 GOODS-N 189.263360 62.277950 0.6792 0.6998 0.0369 3DHST 1.2596 0.3433 1.7221 0.2177 58.7378 56.6559
91612 GOODS-N 189.298341 62.277997 1.1915 1.1071 0.0172 3DHST 1.0758 0.1248 1.1991 0.0797 247.6183 174.0596
91800 GOODS-N 189.226211 62.282059 0.9698 0.9439 0.0157 3DHST 1.3449 0.1095 1.5146 0.0650 172.5923 139.9436
91947 GOODS-N 189.168573 62.278354 0.8416 0.6639 0.0597 3DHST 1.3118 0.2133 1.4931 0.1300 275.6690 65.8440
92250 GOODS-N 189.270134 62.278790 0.6273 0.5748 0.0097 3DHST 1.2731 0.2166 1.8213 0.1874 97.1178 52.1175
92276 GOODS-N 189.269839 62.278416 0.8855 1.0812 0.0957 3DHST 1.0791 0.1815 1.3574 0.0969 746.7244 359.4487
92291 GOODS-N 189.155606 62.280040 0.9289 0.9610 0.0297 3DHST 1.2778 0.1084 1.3405 0.0633 135.0854 118.2505
92378 GOODS-N 189.180581 62.281369 0.9633 1.0620 0.0262 3DHST 0.9468 0.0896 1.4003 0.0562 340.9949 162.6451
92467 GOODS-N 189.260343 62.279306 0.7640 0.6537 0.0088 3DHST 1.0340 0.1522 1.2745 0.0897 335.0698 182.2438
92535 GOODS-N 189.176764 62.279259 0.8286 0.8164 0.0070 3DHST 1.1796 0.0944 1.3791 0.0606 64.7861 61.5793
92570 GOODS-N 189.263825 62.279675 0.7234 0.6155 0.0055 3DHST 1.1660 0.1020 1.3289 0.0588 903.0923 270.1412
93156 GOODS-N 189.278632 62.284017 0.6503 0.3827 0.0831 3DHST nan nan nan nan 1236.3492 583.7643
93239 GOODS-N 189.343607 62.281022 0.8363 0.8241 0.0121 3DHST 0.9140 0.1043 1.2529 0.0651 48.4666 44.9725
93338 GOODS-N 189.385971 62.280178 0.9975 1.1387 0.0103 3DHST 1.2219 0.1093 1.5095 0.0663 2499.2624 1873.4415
93364 GOODS-N 189.384157 62.283030 1.0008 1.1871 0.0108 3DHST 1.1435 0.0734 1.3846 0.0442 1911.0452 888.0954
93508 GOODS-N 189.318732 62.288818 0.6611 0.7364 0.0027 3DHST 1.4601 0.0814 1.9022 0.0501 3132.1333 2279.4225
93602 GOODS-N 189.167298 62.282237 0.9427 0.9550 0.0030 3DHST 1.3575 0.0843 1.6660 0.0517 150.4604 127.9933
93907 GOODS-N 189.261660 62.282233 0.9555 1.2136 0.0585 3DHST 1.2183 0.1066 1.4761 0.0680 479.1657 252.2954
94004 GOODS-N 189.247718 62.283017 1.1488 1.1488 0.0072 3DHST 1.4468 0.2146 1.8742 0.1391 269.2352 269.2352
94085 GOODS-N 189.299922 62.283239 1.0299 1.1098 0.0089 3DHST 1.0836 0.0840 1.3078 0.0507 804.5327 453.7366
94231 GOODS-N 189.379590 62.287515 0.9683 1.1240 0.0100 3DHST 1.1826 0.0915 1.2344 0.0506 865.0753 282.9362
94262 GOODS-N 189.174482 62.282687 0.8698 0.8330 0.0067 3DHST 1.1634 0.1140 1.2587 0.0688 234.3769 151.8188
94812 GOODS-N 189.161451 62.285227 0.6565 0.6134 0.0053 3DHST 1.1476 0.0811 1.3126 0.0460 329.9293 161.6055
94821 GOODS-N 189.336966 62.285277 0.7446 0.3347 0.0030 3DHST nan nan nan nan 2873.8451 1044.6082
95002 GOODS-N 189.409748 62.288320 0.8960 0.8833 0.0071 3DHST 1.9002 0.2481 2.0023 0.1182 73.5965 70.8090
95024 GOODS-N 189.359009 62.285332 0.7806 0.7343 0.0159 3DHST 1.4826 0.1743 1.3639 0.0771 166.5997 113.1649
95077 GOODS-N 189.381279 62.284286 1.0846 1.1509 0.0145 3DHST 1.1842 0.1395 1.5828 0.0872 690.3264 575.4494
95258 GOODS-N 189.360790 62.287180 0.6021 0.5809 0.0065 3DHST 1.4005 0.1084 2.2157 0.1051 296.8207 270.3249
95449 GOODS-N 189.328883 62.287279 0.9376 0.9247 0.0319 3DHST 1.1167 0.1735 1.2284 0.0997 122.8396 122.3677
95911 GOODS-N 189.350223 62.285840 1.2042 1.2042 0.0285 3DHST 1.0598 0.2184 1.4074 0.1495 86.4883 86.4883
96098 GOODS-N 189.393959 62.289896 0.8680 0.8077 0.0057 3DHST 1.1445 0.0682 1.3550 0.0383 524.1712 324.6593
96423 GOODS-N 189.364363 62.287319 0.7803 0.6793 0.0201 3DHST 1.4717 0.1836 1.2849 0.0751 202.9985 104.1887
96475 GOODS-N 189.357471 62.287441 0.8824 0.7321 0.0282 3DHST 1.2197 0.1156 1.3719 0.0728 476.2724 97.6743
96517 GOODS-N 189.245467 62.287353 0.8948 0.9565 0.0075 3DHST 1.6127 0.2333 2.2050 0.1351 212.4893 67.8798
97136 GOODS-N 189.257088 62.287944 0.6216 0.6321 0.0155 3DHST 1.2235 0.2228 1.6476 0.1438 36.5496 35.0127
97147 GOODS-N 189.400065 62.290635 0.7199 0.7199 0.0053 3DHST 1.2429 0.0968 1.5468 0.0527 157.7188 157.7188
97358 GOODS-N 189.278813 62.288741 0.6198 0.5984 0.0090 3DHST 1.1169 0.1201 1.2270 0.0647 566.7283 535.6969
97879 GOODS-N 189.398053 62.301554 0.8583 0.7983 0.0067 3DHST 1.1508 0.0767 1.3549 0.0441 712.0360 617.0131
98131 GOODS-N 189.254233 62.291663 0.6674 0.6931 0.0051 3DHST 1.3654 0.0911 1.6617 0.0537 377.9867 272.5956
98209 GOODS-N 189.319484 62.292672 0.7315 0.7894 0.0092 3DHST 1.4692 0.1195 1.3341 0.0595 325.6028 247.0011
98420 GOODS-N 189.330009 62.291225 1.1294 1.1153 0.0139 3DHST 1.0787 0.2145 1.2455 0.1288 75.0960 71.1642
98749 GOODS-N 189.415114 62.297441 1.1091 1.0544 0.0242 3DHST 1.1109 0.0670 1.1869 0.0355 1804.1169 1737.7101
98984 GOODS-N 189.317509 62.291899 1.0070 1.0070 0.0174 3DHST 1.0797 0.1397 1.2219 0.0823 169.6655 169.6655
98997 GOODS-N 189.363747 62.293169 0.9892 0.9892 0.0124 3DHST 1.1859 0.1366 1.3833 0.0834 130.0186 130.0186
99050 GOODS-N 189.251356 62.291971 0.7272 0.7508 0.0167 3DHST 1.0540 0.1972 1.4281 0.1341 61.5933 54.5088
99189 GOODS-N 189.252152 62.292729 0.6593 0.6161 0.0115 3DHST 1.0349 0.0903 1.2522 0.0522 784.2018 709.7330
99354 GOODS-N 189.248848 62.292131 0.9243 0.9243 0.0147 3DHST 0.9971 0.1671 1.6461 0.1305 24.1454 24.1454
99452 GOODS-N 189.249503 62.293362 0.6483 0.5848 0.0054 3DHST 1.1588 0.0828 1.4889 0.0568 468.6839 231.8518
99579 GOODS-N 189.277841 62.293940 1.1528 0.9931 0.0192 3DHST 1.1379 0.1069 1.2204 0.0646 498.6366 239.2763
99633 GOODS-N 189.299196 62.293389 0.9787 0.9527 0.0075 3DHST 1.7375 0.2700 1.7517 0.1368 67.7361 53.4482
100703 GOODS-N 189.271952 62.296316 0.7940 0.7362 0.0111 3DHST 1.1039 0.1308 1.1978 0.0634 289.4655 230.6619
100774 GOODS-N 189.253050 62.295183 0.6444 0.8293 0.0068 3DHST 1.3486 0.0851 2.3123 0.0735 6948.0418 2318.3606
101785 GOODS-N 189.260380 62.297173 0.9604 0.9773 0.0077 3DHST 1.0758 0.0853 1.2645 0.0513 243.3544 222.9369
102103 GOODS-N 189.251579 62.296933 0.6128 0.6022 0.0171 3DHST 1.2878 0.2418 1.3457 0.1404 67.5694 65.9651
102600 GOODS-N 189.300638 62.298432 1.1818 1.3887 0.0345 3DHST 1.0956 0.1335 0.3215 0.0619 239.2284 119.3266
102776 GOODS-N 189.263967 62.299603 0.9520 0.8649 0.0189 3DHST 1.1344 0.0990 1.2735 0.0573 732.1101 535.5169
102886 GOODS-N 189.267768 62.300591 0.6167 0.5954 0.0217 3DHST 1.3574 0.4029 1.5708 0.2422 45.0638 42.0222
102919 GOODS-N 189.261814 62.298687 0.7572 0.7005 0.0092 3DHST 0.9764 0.1458 1.3765 0.1022 145.7657 107.2462
103022 GOODS-N 189.248193 62.299611 0.9285 0.8423 0.0096 3DHST 1.0818 0.0763 1.1812 0.0418 656.9160 378.6209
103084 GOODS-N 189.242278 62.299363 0.8969 0.8596 0.0091 3DHST 1.0361 0.1087 1.1106 0.0599 158.7210 96.9995
103094 GOODS-N 189.321552 62.301367 0.9138 0.9665 0.0407 3DHST 0.9284 0.1017 1.4626 0.0746 241.2980 209.7885
103139 GOODS-N 189.244737 62.299324 0.8772 0.7708 0.0222 3DHST 1.1722 0.1092 1.3450 0.0617 280.2609 188.3192
104616 GOODS-N 189.419148 62.302925 1.0227 0.9448 0.0104 3DHST 1.2061 0.1230 1.1470 0.0653 291.4547 157.2606
104633 GOODS-N 189.259173 62.305388 0.7998 0.4912 0.0130 3DHST nan nan nan nan 406.1299 83.2942
104802 GOODS-N 189.429096 62.308475 0.7809 0.7580 0.0113 3DHST 2.0512 0.1140 2.3307 0.0697 8027.7510 8011.2674
105048 GOODS-N 189.277166 62.305179 0.7963 0.8015 0.0094 3DHST 1.0276 0.1114 1.6071 0.0856 101.4890 92.1121
105095 GOODS-N 189.245545 62.302852 0.9196 0.8576 0.0120 3DHST 1.1729 0.1264 1.2015 0.0675 189.1193 143.1989
105303 GOODS-N 189.391863 62.301683 1.0872 1.2775 0.0195 3DHST 1.2885 0.1613 1.5601 0.0956 867.3925 321.4556
105455 GOODS-N 189.260316 62.305731 0.7312 0.7414 0.0094 3DHST 1.5553 0.1397 1.5681 0.0705 95.2014 93.2374
105709 GOODS-N 189.305622 62.304323 1.0527 1.0527 0.0145 3DHST 1.4978 0.1972 1.3740 0.0979 82.7801 82.7801
106551 GOODS-N 189.258781 62.304533 0.7799 0.7002 0.0219 3DHST 1.4765 0.2389 1.3121 0.1004 89.5135 43.8278
106613 GOODS-N 189.274167 62.304885 0.9258 0.7400 0.0163 3DHST 1.4832 0.2222 1.4068 0.0992 416.4835 116.3108
107021 GOODS-N 189.272758 62.306879 0.8782 0.8782 0.0442 3DHST 1.3984 0.2470 1.6343 0.1433 63.2614 63.2614
107152 GOODS-N 189.379063 62.305774 0.9918 1.0908 0.0241 3DHST 1.0852 0.1027 1.2849 0.0597 671.9234 446.3775
107263 GOODS-N 189.320124 62.306741 0.8331 0.7972 0.0198 3DHST 1.1253 0.1526 1.3853 0.0802 340.8820 324.5023
108279 GOODS-N 189.382191 62.307227 0.8534 0.4942 0.0034 3DHST nan nan nan nan 2159.9397 1381.0117
108448 GOODS-N 189.379386 62.308480 1.1505 1.1505 0.0179 3DHST 1.1420 0.0896 1.3115 0.0570 441.3264 441.3264
108799 GOODS-N 189.380887 62.307418 1.0086 1.2234 0.0310 3DHST 1.1964 0.1477 1.4237 0.0891 1272.7227 573.7939
109592 GOODS-N 189.356213 62.313974 0.8293 0.7588 0.0115 3DHST 1.2062 0.0678 1.5464 0.0459 485.4606 188.1380
109801 GOODS-N 189.289007 62.310022 0.8246 0.6892 0.0340 3DHST 1.1775 0.1718 1.3897 0.0882 302.9419 92.6556
109851 GOODS-N 189.271150 62.312148 0.8532 0.7482 0.0429 3DHST 1.3311 0.2444 1.5007 0.1212 234.1024 181.5566
110145 GOODS-N 189.347170 62.310297 1.0203 1.1500 0.0115 3DHST 1.2294 0.1969 1.4255 0.1131 430.2844 195.7359
110223 GOODS-N 189.312857 62.310564 0.7205 0.3369 0.0000 3DHST nan nan nan nan 11396.8854 10650.1893
110489 GOODS-N 189.346441 62.310807 0.8800 1.1253 0.0126 3DHST 1.1755 0.1080 1.2252 0.0601 3261.6032 1126.5060
110688 GOODS-N 189.320459 62.311555 0.8839 0.7884 0.0228 3DHST 1.2601 0.3003 1.4773 0.1541 100.3886 63.0307
110814 GOODS-N 189.278136 62.312963 0.6105 0.6479 0.0112 3DHST 1.2418 0.3368 1.3899 0.1827 42.4464 37.5446
111648 GOODS-N 189.353802 62.312429 1.2113 1.0991 0.0198 3DHST 1.0421 0.1409 1.2291 0.0937 246.8404 142.2242
112002 GOODS-N 189.273162 62.313749 1.1910 1.1765 0.0120 3DHST 1.1670 0.1268 1.4121 0.0858 132.7889 131.1398
112100 GOODS-N 189.398654 62.313121 0.6715 0.3772 0.0465 3DHST nan nan nan nan 1304.0183 870.5431
112181 GOODS-N 189.341787 62.314030 0.9265 1.1496 0.0950 3DHST 1.5166 0.3354 1.4121 0.1425 342.8923 168.6223
112383 GOODS-N 189.351594 62.313795 0.6166 0.5952 0.0097 3DHST 1.2427 0.2232 1.4232 0.1277 71.8814 68.6126
112486 GOODS-N 189.323643 62.314102 0.8059 0.7590 0.0189 3DHST 0.8648 0.1243 1.1295 0.0819 178.7951 163.0579
112509 GOODS-N 189.418455 62.314980 0.9551 0.9293 0.1655 3DHST 1.2500 0.1528 1.5251 0.1014 97.3000 93.3161
113696 GOODS-N 189.337136 62.317115 0.7345 0.7115 0.0241 3DHST 1.3017 0.2618 1.4830 0.1445 49.8757 47.9251
113746 GOODS-N 189.353757 62.316084 0.7444 0.7101 0.0138 3DHST 1.1624 0.2465 1.5861 0.1641 49.7031 34.2930
114275 GOODS-N 189.317003 62.316991 0.9529 0.9733 0.0079 3DHST 1.1410 0.1115 1.3095 0.0661 144.4631 132.0719
114628 GOODS-N 189.397163 62.321726 0.8197 0.8388 0.0075 3DHST 1.2314 0.0709 1.5487 0.0461 527.5566 506.9784
115421 GOODS-N 189.308617 62.318199 0.7809 1.0878 0.0248 3DHST 2.5385 0.3311 2.1736 0.1370 1370.8657 530.9925
116341 GOODS-N 189.311823 62.320345 1.2092 1.2235 0.0057 3DHST 1.7959 0.1874 1.8243 0.0969 71.3906 67.6879
116636 GOODS-N 189.309528 62.320181 1.1764 1.2085 0.0123 3DHST 1.3284 0.3017 1.3258 0.1528 63.3106 50.9148
116976 GOODS-N 189.419765 62.322306 1.1651 1.2492 0.0452 3DHST 1.4316 0.2595 1.7849 0.1537 127.5616 77.1342
117046 GOODS-N 189.419015 62.321471 0.7607 0.5907 0.0245 3DHST 1.5945 0.2744 1.7023 0.1596 416.7744 286.6511
117153 GOODS-N 189.376298 62.321409 0.8824 0.7646 0.0167 3DHST 1.1007 0.1640 1.2425 0.1030 201.6833 96.6271
117385 GOODS-N 189.315519 62.321328 1.2085 1.1100 0.0092 3DHST 1.1359 0.1982 1.1011 0.1040 205.4785 73.2333
117609 GOODS-N 189.332829 62.322176 0.6045 0.4673 0.0304 3DHST nan nan nan nan 216.1533 177.2418
117825 GOODS-N 189.395781 62.323655 0.6260 0.6047 0.0051 3DHST 1.1490 0.0813 1.3416 0.0469 178.6334 108.1512
117828 GOODS-N 189.295843 62.324631 1.1502 1.1219 0.0101 3DHST 1.1714 0.0993 1.4399 0.0657 144.2067 141.0167
118148 GOODS-N 189.387321 62.323284 0.9087 0.9087 0.0161 3DHST 1.0507 0.1181 1.2060 0.0671 245.1876 245.1876
118642 GOODS-N 189.335281 62.325393 0.8929 1.0256 0.0290 3DHST 1.1036 0.0984 1.1715 0.0606 501.3772 315.0130
119191 GOODS-N 189.388569 62.326777 1.0187 1.0471 0.0130 3DHST 1.4379 0.1792 1.5490 0.0900 92.6272 66.8621
119345 GOODS-N 189.345189 62.326891 0.7861 0.7743 0.0063 3DHST 0.8707 0.0760 1.1518 0.0494 151.4093 148.3779
119621 GOODS-N 189.442324 62.331729 0.7994 1.3963 0.0000 3DHST 1.2799 0.0697 1.6204 0.0490 6273.8733 3075.8822
119657 GOODS-N 189.315509 62.332521 0.8336 0.8590 0.0000 3DHST 1.2704 0.0826 1.5443 0.0437 2908.2359 2644.5009
119723 GOODS-N 189.350411 62.327608 0.8001 0.7647 0.0174 3DHST 1.0246 0.0688 1.0983 0.0414 931.4712 883.1583
119879 GOODS-N 189.359991 62.329178 1.0516 1.0113 0.0123 3DHST 1.3416 0.1098 1.7438 0.0708 171.6046 136.2473
120374 GOODS-N 189.438753 62.332758 0.7525 1.3924 0.0000 3DHST inf inf -inf inf nan nan
120498 GOODS-N 189.397403 62.329624 1.1820 1.3375 0.0582 3DHST 1.4109 0.2247 0.8621 0.1092 85.5984 39.5159
120726 GOODS-N 189.331629 62.330150 0.7745 0.6739 0.0159 3DHST 1.2060 0.1786 1.5446 0.1064 156.1669 59.2028
121143 GOODS-N 189.398741 62.331032 0.6038 0.6107 0.0131 3DHST 1.2354 0.2313 1.4699 0.1401 39.8458 38.5213
121232 GOODS-N 189.364826 62.332526 0.8394 0.7351 0.0191 3DHST 1.2840 0.1853 1.6348 0.1289 118.1572 29.6171
121302 GOODS-N 189.337234 62.332309 0.7781 0.6565 0.0085 3DHST 0.9026 0.0816 1.3255 0.0576 441.2552 101.0114
121428 GOODS-N 189.399052 62.334916 0.6387 0.9567 0.0791 3DHST 1.1241 0.0774 1.2404 0.0419 859.8475 447.2446
121439 GOODS-N 189.309340 62.333012 0.9132 1.0509 0.0168 3DHST 0.9484 0.0632 1.3733 0.0436 4843.6441 3569.9770
121909 GOODS-N 189.341082 62.333896 0.7665 0.7548 0.0071 3DHST 1.0275 0.2738 1.4540 0.1996 37.4861 36.1741
122267 GOODS-N 189.419315 62.335533 0.7485 0.7629 0.0084 3DHST 1.1202 0.1086 1.1585 0.0499 392.2881 367.2586
122560 GOODS-N 189.397021 62.335666 1.0544 1.0273 0.0125 3DHST 1.1659 0.0847 1.2465 0.0455 561.0690 523.6081
122757 GOODS-N 189.354669 62.335743 0.7758 0.7410 0.0105 3DHST 0.9877 0.1220 1.2365 0.0728 187.2743 168.9508
122855 GOODS-N 189.399077 62.336073 1.0643 0.9719 0.0120 3DHST 1.0669 0.1243 1.3401 0.0744 334.1146 195.7256
123142 GOODS-N 189.323948 62.336154 0.7298 1.3372 0.0132 3DHST 1.5260 0.1364 1.4513 0.0633 1588.3357 1160.2383
123255 GOODS-N 189.411588 62.343637 0.7458 0.5775 0.1967 3DHST 0.9255 0.0491 1.6754 0.0493 2772.8505 361.7991
123290 GOODS-N 189.398052 62.338503 1.1456 1.1313 0.0199 3DHST 1.1957 0.1503 1.4329 0.0835 91.5841 89.5068
123476 GOODS-N 189.375896 62.342431 0.6382 0.5751 0.0136 3DHST 1.0869 0.0759 1.6376 0.0680 268.3145 135.2169
123538 GOODS-N 189.393175 62.341949 0.9379 0.9379 0.0080 3DHST 1.3105 0.0910 1.6063 0.0552 301.3341 301.3341
123809 GOODS-N 189.361328 62.338468 1.0056 0.9407 0.0098 3DHST 1.5627 0.1701 1.8228 0.1000 193.5160 90.9088
123811 GOODS-N 189.398084 62.341872 0.6322 0.6213 0.0055 3DHST 1.4897 0.1246 1.5386 0.0660 89.1350 81.1197
123863 GOODS-N 189.444557 62.338412 1.1609 1.2165 0.0180 3DHST 1.2283 0.1596 1.4845 0.1077 174.2284 106.3326
124069 GOODS-N 189.383132 62.339029 0.6190 0.8695 0.0070 3DHST 2.0929 0.2431 2.4219 0.1371 3353.8131 771.7079
124386 GOODS-N 189.390277 62.344599 0.8181 0.8380 0.0227 3DHST 1.3054 0.1126 1.4955 0.0701 97.5440 85.3218
124428 GOODS-N 189.338029 62.339953 1.0056 1.1426 0.0063 3DHST 1.2054 0.0774 1.4489 0.0465 3191.3016 1917.6553
125086 GOODS-N 189.366080 62.343073 1.1390 1.1473 0.0122 3DHST 1.4166 0.1391 1.6959 0.0836 172.8107 167.2000
125272 GOODS-N 189.344383 62.343919 0.8101 0.8101 0.0073 3DHST 1.2644 0.1479 1.6789 0.1042 50.8217 50.8217
125754 GOODS-N 189.344991 62.344676 1.0984 1.0306 0.0084 3DHST 1.0586 0.1222 1.1866 0.0725 341.0088 210.9261
125934 GOODS-N 189.368467 62.345781 1.1350 1.1747 0.0222 3DHST 1.1836 0.2178 1.4703 0.1306 75.6221 59.5865
125948 GOODS-N 189.362859 62.345819 0.9445 0.8817 0.0112 3DHST 1.0931 0.1276 1.3604 0.0835 191.9403 111.9921
126084 GOODS-N 189.402794 62.347645 0.9563 0.9747 0.0106 3DHST 1.7583 0.1256 1.9986 0.0657 345.1337 311.7440
126863 GOODS-N 189.366043 62.347519 1.1379 1.1096 0.0128 3DHST 1.2913 0.2222 1.4705 0.1320 57.5101 50.5187
127073 GOODS-N 189.382344 62.349908 0.8399 0.2951 0.2485 3DHST nan nan nan nan 1114.2961 1045.1624
127420 GOODS-N 189.357042 62.349294 1.0553 0.9889 0.0072 3DHST 1.0605 0.0820 1.3217 0.0485 535.0272 314.2887
