| lambda_Angs|Flambda/F(5500A)|
|       float|           float|
      1005.00   0.00346650
      1015.00   0.00350070
      1025.00   0.00309029
      1035.00   0.00326130
      1045.00   0.00368881
      1055.00   0.00369125
      1065.00   0.00360086
      1075.00   0.00398196
      1085.00   0.00392821
      1095.00   0.00422625
      1105.00   0.00527670
      1115.00   0.00563826
      1125.00   0.00535732
      1135.00   0.00560405
      1145.00   0.00491271
      1155.00   0.00425312
      1165.00   0.00370591
      1175.00   0.00270187
      1185.00   0.00294860
      1195.00   0.00267255
      1205.00   0.00241947
      1215.00   0.00223063
      1225.00   0.00255041
      1235.00   0.00270675
      1245.00   0.00273607
      1255.00   0.00285089
      1265.00   0.00315136
      1275.00   0.00414319
      1285.00   0.00556741
      1295.00   0.00676933
      1305.00   0.00770008
      1315.00    0.0100111
      1325.00    0.0116796
      1335.00    0.0128204
      1345.00    0.0149726
      1355.00    0.0150777
      1365.00    0.0159938
      1375.00    0.0173178
      1385.00    0.0179628
      1395.00    0.0189204
      1405.00    0.0190938
      1415.00    0.0201296
      1425.00    0.0203886
      1435.00    0.0197095
      1442.00    0.0217908
      1447.00    0.0217346
      1455.00    0.0229805
      1465.00    0.0215246
      1475.00    0.0222379
      1485.00    0.0227338
      1495.00    0.0232957
      1505.00    0.0242020
      1512.00    0.0237476
      1517.00    0.0237720
      1525.00    0.0238331
      1535.00    0.0236719
      1545.00    0.0248445
      1555.00    0.0246735
      1565.00    0.0230172
      1575.00    0.0261881
      1585.00    0.0275317
      1595.00    0.0292417
      1605.00    0.0271653
      1615.00    0.0281424
      1625.00    0.0262858
      1635.00    0.0280203
      1645.00    0.0312938
      1655.00    0.0253819
      1665.00    0.0324175
      1672.00    0.0270187
      1677.00    0.0419205
      1685.00    0.0441924
      1695.00    0.0390378
      1705.00    0.0409922
      1715.00    0.0484431
      1725.00    0.0499821
      1735.00    0.0561871
      1745.00    0.0540862
      1755.00    0.0621234
      1765.00    0.0503974
      1775.00    0.0595584
      1785.00    0.0603645
      1795.00    0.0736296
      1805.00    0.0691102
      1815.00    0.0720417
      1825.00    0.0678887
      1835.00    0.0661298
      1845.00    0.0567001
      1855.00    0.0668138
      1865.00    0.0771962
      1875.00    0.0739471
      1885.00    0.0761458
      1895.00    0.0832791
      1905.00    0.0789063
      1915.00    0.0840364
      1925.00    0.0785398
      1935.00    0.0574330
      1945.00    0.0902170
      1955.00    0.0927576
      1967.00     0.103751
      1976.00    0.0981076
      1984.00     0.101748
      1995.00     0.101210
      2005.00    0.0935882
      2015.00    0.0947608
      2025.00    0.0848670
      2035.00     0.102138
      2045.00     0.111348
      2055.00     0.107244
      2065.00     0.101992
      2074.00     0.118701
      2078.00     0.143815
      2085.00     0.148627
      2095.00     0.139515
      2105.00     0.128742
      2115.00     0.136803
      2125.00     0.131405
      2135.00     0.114377
      2145.00     0.138269
      2155.00     0.138684
      2165.00     0.125493
      2175.00     0.127129
      2185.00     0.141836
      2195.00     0.151021
      2205.00     0.142764
      2215.00     0.120876
      2225.00     0.125297
      2235.00     0.155125
      2245.00     0.144034
      2255.00     0.121755
      2265.00     0.120289
      2275.00     0.133090
      2285.00     0.152169
      2295.00     0.134361
      2305.00     0.150044
      2315.00     0.138831
      2325.00     0.105119
      2335.00     0.106560
      2345.00    0.0807873
      2355.00     0.128962
      2365.00    0.0864793
      2375.00     0.108563
      2385.00    0.0704049
      2395.00    0.0865770
      2405.00    0.0856243
      2415.00    0.0951517
      2425.00     0.137219
      2435.00     0.134483
      2445.00     0.152438
      2455.00     0.155125
      2465.00     0.148945
      2475.00     0.133505
      2485.00     0.117358
      2495.00     0.118433
      2505.00     0.163016
      2513.00    0.0988893
      2518.00    0.0816179
      2525.00    0.0848670
      2535.00     0.103067
      2545.00     0.109809
      2555.00     0.147968
      2565.00     0.127447
      2575.00     0.149629
      2585.00     0.142031
      2595.00     0.133188
      2605.00     0.120338
      2615.00     0.109296
      2625.00     0.142886
      2635.00     0.182291
      2645.00     0.237061
      2655.00     0.275073
      2665.00     0.206304
      2675.00     0.231857
      2685.00     0.245025
      2695.00     0.204619
      2705.00     0.231955
      2715.00     0.190474
      2725.00     0.184587
      2735.00     0.208747
      2745.00     0.130989
      2755.00     0.158326
      2765.00     0.187396
      2775.00     0.207184
      2785.00     0.149580
      2795.00    0.0653725
      2805.00    0.0811782
      2815.00     0.198365
      2825.00     0.255285
      2835.00     0.248933
      2845.00     0.226239
      2855.00     0.172959
      2865.00     0.262125
      2875.00     0.282401
      2885.00     0.269454
      2895.00     0.278737
      2910.00     0.345184
      2930.00     0.316358
      2950.00     0.306098
      2970.00     0.325152
      2990.00     0.330038
      3010.00     0.342253
      3030.00     0.345184
      3050.00     0.355689
      3070.00     0.366926
      3090.00     0.373767
      3110.00     0.383782
      3130.00     0.373278
      3150.00     0.375965
      3170.00     0.390623
      3190.00     0.353490
      3210.00     0.384027
      3230.00     0.342253
      3250.00     0.407723
      3270.00     0.448276
      3290.00     0.442657
      3310.00     0.441435
      3330.00     0.442168
      3350.00     0.434107
      3370.00     0.385737
      3390.00     0.408700
      3410.00     0.413586
      3430.00     0.425312
      3450.00     0.437038
      3470.00     0.440458
      3490.00     0.462689
      3510.00     0.480522
      3530.00     0.453161
      3550.00     0.499088
      3570.00     0.415785
      3590.00     0.413342
      3610.00     0.456581
      3630.00     0.469040
      3640.00     0.476613
      3650.00     0.521563
      3670.00     0.518876
      3690.00     0.485408
      3710.00     0.532312
      3730.00     0.456826
      3750.00     0.520097
      3770.00     0.584102
      3790.00     0.630029
      3810.00     0.663497
      3830.00     0.499821
      3850.00     0.646640
      3870.00     0.676444
      3890.00     0.594118
      3910.00     0.744602
      3930.00     0.460490
      3950.00     0.666917
      3970.00     0.451940
      3990.00     0.826684
      4010.00     0.900948
      4030.00     0.906323
      4050.00     0.884092
      4070.00     0.855510
      4090.00     0.886779
      4110.00     0.799079
      4130.00     0.896551
      4150.00     0.910720
      4170.00     0.912186
      4190.00     0.903636
      4210.00     0.912919
      4230.00     0.891421
      4250.00     0.914873
      4270.00     0.881649
      4290.00     0.849647
      4310.00     0.765122
      4330.00     0.872366
      4350.00     0.820088
      4370.00     0.971060
      4390.00     0.921225
      4410.00     0.946142
      4430.00     0.977900
      4450.00     0.982053
      4470.00      1.01821
      4490.00      1.02725
      4510.00      1.11641
      4530.00      1.02016
      4550.00      1.04117
      4570.00      1.10200
      4590.00      1.05290
      4610.00      1.07684
      4630.00      1.05265
      4650.00      1.06511
      4670.00      1.09125
      4690.00      1.06975
      4710.00      1.03800
      4730.00      1.07562
      4750.00      1.09589
      4770.00      1.08954
      4790.00      1.08417
      4810.00      1.07464
      4830.00      1.08563
      4850.00     0.995001
      4870.00     0.884092
      4890.00      1.04142
      4910.00      1.04850
      4930.00      1.03189
      4950.00      1.07146
      4970.00      1.06340
      4990.00      1.00160
      5010.00     0.961288
      5030.00      1.00722
      5050.00      1.00233
      5070.00      1.03580
      5090.00     0.991825
      5110.00      1.00770
      5130.00     0.977412
      5150.00     0.949562
      5170.00     0.907788
      5190.00     0.923912
      5210.00     0.960800
      5230.00     0.993535
      5250.00      1.02041
      5270.00     0.928798
      5290.00      1.02090
      5310.00      1.05778
      5330.00     0.965930
      5350.00      1.03067
      5370.00      1.02456
      5390.00      1.00453
      5410.00     0.986450
      5430.00     0.999642
      5450.00      1.02578
      5470.00      1.00306
      5490.00      1.00355
      5510.00     0.996466
      5530.00      1.01259
      5550.00      1.02187
      5570.00      1.00160
      5590.00     0.983275
      5610.00      1.00893
      5630.00      1.00184
      5650.00      1.00697
      5670.00     0.983763
      5690.00      1.00502
      5710.00     0.977900
      5730.00      1.03604
      5750.00      1.00306
      5770.00      1.01137
      5790.00     0.980099
      5810.00      1.00673
      5830.00      1.02456
      5850.00     0.999154
      5870.00     0.999398
      5890.00     0.924156
      5910.00     0.984007
      5930.00     0.985229
      5950.00     0.983763
      5970.00     0.992802
      5990.00     0.977167
      6010.00     0.962510
      6030.00     0.977656
      6050.00     0.989138
      6070.00     0.983763
      6090.00     0.954448
      6110.00     0.953960
      6130.00     0.913163
      6150.00     0.929286
      6170.00     0.900704
      6190.00     0.940279
      6210.00     0.933683
      6230.00     0.909498
      6250.00     0.880916
      6270.00     0.915850
      6290.00     0.923912
      6310.00     0.900948
      6330.00     0.909010
      6350.00     0.908521
      6370.00     0.902658
      6390.00     0.912919
      6410.00     0.894108
      6430.00     0.899482
      6450.00     0.893864
      6470.00     0.890444
      6490.00     0.872122
      6510.00     0.892398
      6530.00     0.887024
      6550.00     0.850624
      6570.00     0.773428
      6590.00     0.866992
      6610.00     0.880428
      6630.00     0.875786
      6650.00     0.874076
      6670.00     0.858930
      6690.00     0.871878
      6710.00     0.846227
      6730.00     0.862350
      6750.00     0.848670
      6770.00     0.851357
      6790.00     0.843051
      6810.00     0.842318
      6830.00     0.847204
      6850.00     0.827661
      6870.00     0.836455
      6890.00     0.843540
      6910.00     0.837432
      6930.00     0.830592
      6950.00     0.825462
      6970.00     0.829859
      6990.00     0.824241
      7010.00     0.808117
      7030.00     0.819599
      7050.00     0.822531
      7070.00     0.806652
      7090.00     0.793704
      7110.00     0.780512
      7130.00     0.769031
      7150.00     0.767076
      7170.00     0.771229
      7190.00     0.752907
      7210.00     0.766343
      7230.00     0.774405
      7250.00     0.775382
      7270.00     0.775382
      7290.00     0.760480
      7310.00     0.772695
      7330.00     0.772695
      7350.00     0.774894
      7370.00     0.785398
      7390.00     0.769764
      7410.00     0.762679
      7430.00     0.775382
      7450.00     0.775627
      7470.00     0.780268
      7490.00     0.775871
      7510.00     0.780512
      7530.00     0.786375
      7550.00     0.789307
      7570.00     0.783444
      7590.00     0.773428
      7610.00     0.765366
      7630.00     0.758526
      7650.00     0.750709
      7670.00     0.724570
      7690.00     0.739716
      7710.00     0.726768
      7730.00     0.727745
      7750.00     0.721150
      7770.00     0.727990
      7790.00     0.730921
      7810.00     0.728478
      7830.00     0.721638
      7850.00     0.714309
      7870.00     0.721150
      7890.00     0.710156
      7910.00     0.695743
      7930.00     0.694277
      7950.00     0.688170
      7970.00     0.705759
      7990.00     0.704049
      8010.00     0.705759
      8030.00     0.706003
      8050.00     0.702828
      8070.00     0.705759
      8090.00     0.696232
      8110.00     0.699408
      8130.00     0.709912
      8150.00     0.711622
      8170.00     0.713821
      8190.00     0.696720
      8210.00     0.690369
      8230.00     0.692079
      8250.00     0.692567
      8270.00     0.698186
      8290.00     0.691834
      8310.00     0.673024
      8330.00     0.668871
      8350.00     0.669604
      8370.00     0.672291
      8390.00     0.653481
      8410.00     0.669604
      8430.00     0.648839
      8450.00     0.644442
      8470.00     0.641510
      8490.00     0.644442
      8510.00     0.614150
      8530.00     0.640777
      8550.00     0.577750
      8570.00     0.654214
      8590.00     0.641022
      8610.00     0.641999
      8630.00     0.656168
      8650.00     0.652503
      8670.00     0.579705
      8690.00     0.636625
      8710.00     0.654458
      8730.00     0.654702
      8750.00     0.634426
      8770.00     0.654458
      8790.00     0.658855
      8810.00     0.646885
      8830.00     0.650793
      8850.00     0.645908
      8870.00     0.617570
      8890.00     0.639556
      8910.00     0.645908
      8930.00     0.634182
      8950.00     0.634426
      8970.00     0.634914
      8990.00     0.633693
      9010.00     0.601691
      9030.00     0.626364
      9050.00     0.645908
      9070.00     0.641510
      9090.00     0.627097
      9110.00     0.634670
      9130.00     0.643953
      9150.00     0.639556
      9170.00     0.638090
      9190.00     0.641999
      9210.00     0.620990
      9230.00     0.597782
      9250.00     0.608531
      9270.00     0.614394
      9290.00     0.611462
      9310.00     0.614394
      9330.00     0.612928
      9350.00     0.610730
      9370.00     0.601691
      9390.00     0.608287
      9410.00     0.593141
      9430.00     0.607554
      9450.00     0.598271
      9470.00     0.608042
      9490.00     0.607798
      9510.00     0.599004
      9530.00     0.596316
      9550.00     0.572376
      9570.00     0.589720
      9590.00     0.600225
      9610.00     0.592652
      9630.00     0.592652
      9650.00     0.584835
      9670.00     0.583125
      9690.00     0.589965
      9710.00     0.583857
      9730.00     0.579216
      9750.00     0.575796
      9770.00     0.577017
      9790.00     0.569689
      9810.00     0.579949
      9830.00     0.575063
      9850.00     0.576773
      9870.00     0.572132
      9890.00     0.570666
      9910.00     0.567734
      9930.00     0.569200
      9950.00     0.568711
      9970.00     0.568223
      9990.00     0.565291
      10030.0     0.558451
      10070.0     0.548435
      10130.0     0.555275
      10170.0     0.548435
      10220.0     0.547947
      10280.0     0.547214
      10320.0     0.538419
      10380.0     0.533778
      10430.0     0.533778
      10480.0     0.525716
      10520.0     0.523029
      10580.0     0.514723
      10630.0     0.509837
      10680.0     0.501287
      10720.0     0.502020
      10780.0     0.496890
      10820.0     0.489561
      10870.0     0.486385
      10920.0     0.479056
      10980.0     0.476858
      11020.0     0.477591
      11080.0     0.472705
      11130.0     0.469040
      11170.0     0.464154
      11220.0     0.463177
      11280.0     0.455360
      11330.0     0.453406
      11380.0     0.449741
      11430.0     0.444123
      11470.0     0.447543
      11530.0     0.444855
      11570.0     0.438748
      11620.0     0.431664
      11670.0     0.430198
      11730.0     0.431664
      11770.0     0.422381
      11830.0     0.418472
      11870.0     0.411632
      11920.0     0.417006
      11980.0     0.403570
      12030.0     0.408700
      12070.0     0.404059
      12120.0     0.403326
      12180.0     0.403326
      12230.0     0.399661
      12270.0     0.396241
      12320.0     0.392821
      12370.0     0.390867
      12430.0     0.386470
      12480.0     0.384515
      12530.0     0.380362
      12580.0     0.378164
      12620.0     0.375477
      12670.0     0.371568
      12720.0     0.370835
      12780.0     0.368881
      12830.0     0.352025
      12880.0     0.361308
      12920.0     0.357643
      12980.0     0.359598
      13020.0     0.354467
      13080.0     0.354712
      13130.0     0.347872
      13180.0     0.345917
      13230.0     0.345429
      13280.0     0.339077
      13320.0     0.339321
      13380.0     0.335657
      13430.0     0.335901
      13470.0     0.332481
      13520.0     0.330038
      13570.0     0.324664
      13630.0     0.322954
      13670.0     0.322954
      13730.0     0.322465
      13770.0     0.320999
      13820.0     0.320267
      13880.0     0.317091
      13930.0     0.308785
      13970.0     0.306831
      14020.0     0.302678
      14080.0     0.304143
      14120.0     0.300235
      14180.0     0.301945
      14230.0     0.297547
      14280.0     0.293395
      14330.0     0.297059
      14380.0     0.297547
      14420.0     0.289486
      14480.0     0.294372
      14520.0     0.290219
      14570.0     0.291440
      14620.0     0.287043
      14670.0     0.285577
      14720.0     0.281668
      14770.0     0.282401
      14830.0     0.282646
      14880.0     0.279226
      14920.0     0.284356
      14980.0     0.280936
      15030.0     0.277271
      15070.0     0.276050
      15120.0     0.279714
      15170.0     0.279714
      15220.0     0.278248
      15280.0     0.279226
      15330.0     0.277271
      15370.0     0.277027
      15430.0     0.274828
      15480.0     0.274828
      15520.0     0.271897
      15570.0     0.264812
      15620.0     0.268721
      15670.0     0.265057
      15720.0     0.268232
      15780.0     0.256018
      15830.0     0.257728
      15870.0     0.252842
      15930.0     0.260415
      15980.0     0.257239
      16050.0     0.257484
      16150.0     0.256751
      16250.0     0.253086
      16350.0     0.255285
      16450.0     0.245269
      16550.0     0.249422
      16650.0     0.243608
      16750.0     0.240408
      16850.0     0.233934
      16950.0     0.235839
      17050.0     0.229756
      17150.0     0.226727
      17250.0     0.221084
      17350.0     0.213071
      17450.0     0.212070
      17550.0     0.208161
      17650.0     0.204155
      17750.0     0.198976
      17850.0     0.195800
      17950.0     0.191158
      18050.0     0.186224
      18150.0     0.181216
      18250.0     0.179506
      18350.0     0.177063
      18450.0     0.172983
      18550.0     0.170955
      18650.0     0.166265
      18750.0     0.160964
      18850.0     0.161672
      18950.0     0.156078
      19050.0     0.157471
      19150.0     0.154392
      19250.0     0.152292
      19350.0     0.148285
      19450.0     0.143668
      19550.0     0.144132
      19650.0     0.141494
      19750.0     0.138245
      19850.0     0.136461
      19950.0     0.134629
      20050.0     0.133628
      20150.0     0.131869
      20250.0     0.128669
      20350.0     0.126958
      20450.0     0.126641
      20550.0     0.124589
      20650.0     0.122610
      20750.0     0.121340
      20850.0     0.119581
      20950.0     0.117480
      21050.0     0.117016
      21150.0     0.115013
      21250.0     0.113449
      21350.0     0.112692
      21450.0     0.111104
      21550.0     0.109443
      21650.0     0.106487
      21750.0     0.105852
      21850.0     0.104728
      21950.0     0.103604
      22050.0     0.101161
      22150.0     0.100868
      22250.0    0.0986206
      22350.0    0.0974236
      22450.0    0.0961533
      22550.0    0.0949562
      22650.0    0.0930752
      22750.0    0.0925377
      22850.0    0.0905590
      22950.0    0.0790773
      23050.0    0.0830348
      23150.0    0.0823263
      23250.0    0.0727012
      23350.0    0.0767321
      23450.0    0.0747777
      23550.0    0.0674490
      23650.0    0.0716997
      23750.0    0.0696476
      23850.0    0.0638335
      23950.0    0.0669360
      24050.0    0.0660809
      24150.0    0.0610485
      24250.0    0.0629296
      24350.0    0.0620013
      24450.0    0.0588255
      24550.0    0.0580193
      24650.0    0.0587278
      24750.0    0.0565536
      24850.0    0.0528892
      24950.0    0.0529625
      25050.0    0.0536953
      25150.0    0.0502753
      25250.0    0.0513746
      25350.0    0.0512524
      25450.0    0.0500554
      25550.0    0.0495424
      25650.0    0.0494691
      25750.0    0.0497622
      25850.0    0.0477835
      25950.0    0.0481255
      26050.0    0.0482232
      26150.0    0.0471483
      26250.0    0.0461712
      26350.0    0.0465376
      26450.0    0.0461467
      26550.0    0.0454383
      26650.0    0.0445100
      26750.0    0.0449741
      26850.0    0.0445588
      26950.0    0.0435328
      27050.0    0.0435572
      27150.0    0.0430931
      27250.0    0.0428732
      27350.0    0.0419449
      27450.0    0.0418472
      27550.0    0.0413830
      27650.0    0.0408700
      27750.0    0.0402593
      27850.0    0.0401371
      27950.0    0.0399417
      28050.0    0.0394043
      28150.0    0.0388424
      28250.0    0.0385737
      28350.0    0.0383050
      28450.0    0.0378164
      28550.0    0.0374011
      28650.0    0.0370102
      28750.0    0.0364483
      28850.0    0.0362285
      28950.0    0.0359109
      29050.0    0.0355445
      29150.0    0.0352269
      29250.0    0.0345917
      29350.0    0.0344940
      29450.0    0.0340054
      29550.0    0.0337123
      29650.0    0.0334436
      29750.0    0.0330527
      29850.0    0.0326862
      29950.0    0.0323442
      30050.0    0.0320022
      30150.0    0.0318068
      30250.0    0.0313915
      30350.0    0.0308785
      30450.0    0.0308541
      30550.0    0.0305609
      30650.0    0.0302922
      30750.0    0.0300723
      30850.0    0.0296815
      30950.0    0.0295105
      31050.0    0.0293394
      31150.0    0.0288753
      31250.0    0.0287532
      31350.0    0.0285089
      31450.0    0.0282401
      31550.0    0.0279714
      31650.0    0.0276538
      31750.0    0.0274828
      31850.0    0.0272385
      31950.0    0.0270675
      32100.0    0.0266522
      32300.0    0.0261881
      32500.0    0.0257484
      32700.0    0.0252353
      32900.0    0.0247712
      33100.0    0.0244145
      33300.0    0.0238771
      33500.0    0.0234862
      33700.0    0.0230245
      33900.0    0.0225848
      34100.0    0.0221328
      34300.0    0.0217908
      34500.0    0.0214000
      34700.0    0.0209847
      34900.0    0.0205962
      35100.0    0.0202347
      35300.0    0.0198121
      35500.0    0.0194774
      35700.0    0.0190938
      35900.0    0.0187372
      36100.0    0.0184465
      36300.0    0.0180996
      36500.0    0.0177307
      36700.0    0.0174033
      36900.0    0.0170174
      37100.0    0.0166998
      37300.0    0.0164360
      37500.0    0.0160329
      37700.0    0.0158619
      37900.0    0.0155614
      38100.0    0.0153147
      38300.0    0.0150728
      38500.0    0.0148236
      38700.0    0.0145085
      38900.0    0.0142715
      39100.0    0.0140248
      39300.0    0.0138049
      39500.0    0.0135045
      39700.0    0.0132944
      39900.0    0.0130037
      40100.0    0.0128278
      40300.0    0.0126372
      40500.0    0.0123661
      40700.0    0.0122048
      40900.0    0.0120094
      41100.0    0.0118311
      41300.0    0.0116429
      41500.0    0.0114329
      41700.0    0.0112277
      41900.0    0.0110640
      42100.0    0.0108588
      42300.0    0.0107342
      42500.0    0.0105363
      42700.0    0.0103922
      42900.0   0.00989382
      43100.0   0.00941256
      43300.0   0.00942478
      43500.0   0.00899727
      43700.0   0.00876763
      43900.0   0.00861617
      44100.0   0.00825706
      44300.0   0.00816179
      44500.0   0.00802499
      44700.0   0.00775382
      44900.0   0.00775871
      45100.0   0.00758282
      45300.0   0.00738494
      45500.0   0.00737273
      45700.0   0.00729211
      45900.0   0.00706003
      46100.0   0.00708691
      46300.0   0.00696232
      46500.0   0.00686460
      46700.0   0.00684017
      46900.0   0.00674490
      47100.0   0.00662764
      47300.0   0.00663741
      47500.0   0.00650549
      47700.0   0.00643709
      47900.0   0.00637602
      48100.0   0.00624654
      48300.0   0.00626853
      48500.0   0.00615860
      48700.0   0.00605844
      48900.0   0.00599248
      49100.0   0.00592408
      49300.0   0.00585079
      49500.0   0.00576284
      49700.0   0.00573841
      49900.0   0.00565047
      50100.0   0.00560161
      50300.0   0.00553810
      50500.0   0.00544282
      50700.0   0.00540374
      50900.0   0.00534755
      51100.0   0.00526693
      51300.0   0.00522540
      51500.0   0.00515944
      51700.0   0.00514479
      51900.0   0.00506906
      52100.0   0.00502264
      52300.0   0.00494935
      52500.0   0.00491515
      52700.0   0.00489561
      52900.0   0.00479545
      53100.0   0.00473926
      53300.0   0.00470506
      53500.0   0.00465132
      53700.0   0.00460734
      53900.0   0.00456093
      54100.0   0.00451451
      54300.0   0.00444611
      54500.0   0.00442657
      54700.0   0.00436305
      54900.0   0.00432641
      55100.0   0.00427511
      55300.0   0.00428244
      55500.0   0.00418472
      55700.0   0.00417739
      55900.0   0.00411632
      56100.0   0.00409189
      56300.0   0.00402593
      56500.0   0.00401127
      56700.0   0.00396974
      56900.0   0.00390867
      57100.0   0.00389645
      57300.0   0.00385493
      57500.0   0.00381584
      57700.0   0.00377431
      57900.0   0.00375232
      58100.0   0.00370346
      58300.0   0.00367171
      58500.0   0.00363751
      58700.0   0.00359109
      58900.0   0.00355933
      59100.0   0.00352269
      59300.0   0.00349826
      59500.0   0.00345917
      59700.0   0.00343474
      59900.0   0.00340299
      60100.0   0.00337123
