# wav trans
 4000.0000   0.00000032
 4500.0000   0.00000014
 5000.0000   0.00000071
 5500.0000   0.00000040
 6000.0000   0.00000038
 6500.0000   0.00000049
 6880.0000   0.00723465
 6890.0000   0.01135584
 6900.0000   0.01635589
 6910.0000   0.02424476
 6920.0000   0.03410725
 6930.0000   0.04691202
 6940.0000   0.06315334
 6950.0000   0.08226195
 6960.0000   0.10583966
 6970.0000   0.13073833
 6980.0000   0.15955940
 6990.0000   0.19241467
 7000.0000   0.19820274
 7010.0000   0.23931582
 7020.0000   0.27182269
 7030.0000   0.31594503
 7040.0000   0.35427225
 7050.0000   0.39231122
 7060.0000   0.42752346
 7070.0000   0.46709019
 7080.0000   0.50425887
 7090.0000   0.53755659
 7100.0000   0.56057984
 7110.0000   0.59329790
 7120.0000   0.61017352
 7130.0000   0.63777089
 7140.0000   0.65245396
 7150.0000   0.68226206
 7160.0000   0.68695319
 7170.0000   0.70308697
 7180.0000   0.72718078
 7190.0000   0.74185497
 7200.0000   0.76866317
 7210.0000   0.77817851
 7220.0000   0.78995293
 7230.0000   0.79883718
 7240.0000   0.81774551
 7250.0000   0.81962430
 7260.0000   0.84629375
 7270.0000   0.84066457
 7280.0000   0.84112829
 7290.0000   0.84429610
 7300.0000   0.84566480
 7310.0000   0.84261876
 7320.0000   0.85453749
 7330.0000   0.84450895
 7340.0000   0.86084706
 7350.0000   0.85560745
 7360.0000   0.85178393
 7370.0000   0.86280501
 7380.0000   0.84357458
 7390.0000   0.87928420
 7400.0000   0.86547214
 7410.0000   0.86139977
 7420.0000   0.85988677
 7430.0000   0.86679691
 7440.0000   0.87595654
 7450.0000   0.86953807
 7460.0000   0.89229470
 7470.0000   0.84798354
 7480.0000   0.85534614
 7490.0000   0.88027018
 7500.0000   0.85941535
 7510.0000   0.83727103
 7520.0000   0.86203861
 7530.0000   0.84289175
 7540.0000   0.83658028
 7550.0000   0.83249736
 7560.0000   0.81221271
 7570.0000   0.81984615
 7580.0000   0.83455342
 7590.0000   0.82064188
 7600.0000   0.80879974
 7610.0000   0.83602601
 7620.0000   0.79481483
 7630.0000   0.83612090
 7640.0000   0.83979976
 7650.0000   0.84300798
 7660.0000   0.85753697
 7670.0000   0.84738642
 7680.0000   0.84214938
 7690.0000   0.84126389
 7700.0000   0.81831211
 7710.0000   0.82650834
 7720.0000   0.80748141
 7730.0000   0.81601638
 7740.0000   0.79140502
 7750.0000   0.79527026
 7760.0000   0.79988247
 7770.0000   0.78003901
 7780.0000   0.77289999
 7790.0000   0.76136422
 7800.0000   0.77278888
 7810.0000   0.77078456
 7820.0000   0.77072078
 7830.0000   0.77381331
 7840.0000   0.77523273
 7850.0000   0.77947247
 7860.0000   0.77702540
 7870.0000   0.79124767
 7880.0000   0.78172052
 7890.0000   0.78068745
 7900.0000   0.78266579
 7910.0000   0.77957517
 7920.0000   0.78497696
 7930.0000   0.76944411
 7940.0000   0.76708841
 7950.0000   0.77439624
 7960.0000   0.74388051
 7970.0000   0.75878477
 7980.0000   0.75107569
 7990.0000   0.76470721
 8000.0000   0.74743646
 8010.0000   0.74777442
 8020.0000   0.74071252
 8030.0000   0.72757339
 8040.0000   0.74427092
 8050.0000   0.72945970
 8060.0000   0.73650938
 8070.0000   0.72219133
 8080.0000   0.72159070
 8090.0000   0.72725087
 8100.0000   0.70998806
 8110.0000   0.72134352
 8120.0000   0.72139132
 8130.0000   0.72894108
 8140.0000   0.70649087
 8150.0000   0.69259602
 8160.0000   0.70811915
 8170.0000   0.69659561
 8180.0000   0.68559843
 8190.0000   0.69108921
 8200.0000   0.68058902
 8210.0000   0.69113833
 8220.0000   0.67919314
 8230.0000   0.66898829
 8240.0000   0.67153889
 8250.0000   0.66937584
 8260.0000   0.66948408
 8270.0000   0.65914142
 8280.0000   0.66664892
 8290.0000   0.66022933
 8300.0000   0.65057397
 8310.0000   0.64097428
 8320.0000   0.64284658
 8330.0000   0.64120501
 8340.0000   0.63456351
 8350.0000   0.63346899
 8360.0000   0.63044780
 8370.0000   0.62609416
 8380.0000   0.62494290
 8390.0000   0.61434865
 8400.0000   0.62484044
 8410.0000   0.61101985
 8420.0000   0.61233288
 8430.0000   0.61271262
 8440.0000   0.60760099
 8450.0000   0.60624075
 8460.0000   0.58816117
 8470.0000   0.59472400
 8480.0000   0.59305930
 8490.0000   0.58925247
 8500.0000   0.57737130
 8510.0000   0.57925928
 8520.0000   0.57335615
 8530.0000   0.58804840
 8540.0000   0.56285828
 8550.0000   0.56929404
 8560.0000   0.57621098
 8570.0000   0.57862258
 8580.0000   0.55153978
 8590.0000   0.56605285
 8600.0000   0.54969984
 8610.0000   0.54734868
 8620.0000   0.54284310
 8630.0000   0.54582709
 8640.0000   0.54238135
 8650.0000   0.53028977
 8660.0000   0.53283411
 8670.0000   0.52942669
 8680.0000   0.51797241
 8690.0000   0.51850557
 8700.0000   0.51319838
 8710.0000   0.50406361
 8720.0000   0.50901413
 8730.0000   0.49797693
 8740.0000   0.49520308
 8750.0000   0.49289072
 8760.0000   0.48260817
 8770.0000   0.48702890
 8780.0000   0.48376793
 8790.0000   0.47968975
 8800.0000   0.47534186
 8810.0000   0.47627428
 8820.0000   0.47205892
 8830.0000   0.46940625
 8840.0000   0.46644521
 8850.0000   0.46602306
 8860.0000   0.45977941
 8870.0000   0.45629704
 8880.0000   0.44943991
 8890.0000   0.44653615
 8900.0000   0.44166034
 8910.0000   0.44127291
 8920.0000   0.42597550
 8930.0000   0.42264202
 8940.0000   0.42431402
 8950.0000   0.41843045
 8960.0000   0.41158974
 8970.0000   0.40191963
 8980.0000   0.40343177
 8990.0000   0.39917964
 9000.0000   0.39871359
 9010.0000   0.39860195
 9020.0000   0.39533350
 9030.0000   0.39061362
 9040.0000   0.38587880
 9050.0000   0.38293225
 9060.0000   0.37587458
 9070.0000   0.37377310
 9080.0000   0.37494773
 9090.0000   0.36354190
 9100.0000   0.36170167
 9110.0000   0.35406068
 9120.0000   0.35947058
 9130.0000   0.35341948
 9140.0000   0.34488687
 9150.0000   0.34383404
 9160.0000   0.34291238
 9170.0000   0.33724919
 9180.0000   0.33539706
 9190.0000   0.33197972
 9200.0000   0.33053765
 9210.0000   0.33042186
 9220.0000   0.32543227
 9230.0000   0.32369727
 9240.0000   0.31976968
 9250.0000   0.31577256
 9260.0000   0.31630042
 9270.0000   0.31481904
 9280.0000   0.31005642
 9290.0000   0.30475968
 9300.0000   0.30359700
 9310.0000   0.29913852
 9320.0000   0.29767743
 9330.0000   0.29194480
 9340.0000   0.28816465
 9350.0000   0.28543827
 9360.0000   0.28136453
 9370.0000   0.27743649
 9380.0000   0.27364740
 9390.0000   0.26871431
 9400.0000   0.26590008
 9410.0000   0.26055187
 9420.0000   0.24923386
 9430.0000   0.25040385
 9440.0000   0.24572530
 9450.0000   0.24038643
 9460.0000   0.23547840
 9470.0000   0.22968034
 9480.0000   0.22705305
 9490.0000   0.22209837
 9500.0000   0.22033189
 9510.0000   0.21892838
 9520.0000   0.21877728
 9530.0000   0.21724999
 9540.0000   0.21458378
 9550.0000   0.20379730
 9560.0000   0.18577519
 9570.0000   0.15762216
 9580.0000   0.12417582
 9590.0000   0.08910023
 9600.0000   0.06015757
 9610.0000   0.03803867
 9620.0000   0.02329057
 9630.0000   0.01434461
 9640.0000   0.00903787
 9650.0000   0.00584247
 9660.0000   0.00380325
 9670.0000   0.00258688
 9680.0000   0.00180102
 9690.0000   0.00126365
 9700.0000   0.00090738
 9710.0000   0.00068138
 9720.0000   0.00073291
 9760.0000   0.00039201
 9800.0000   0.00014134
 9820.0000   0.00007854
 9840.0000   0.00009053
 9880.0000   0.00010714
 9920.0000   0.00004260
 9960.0000   0.00001939
10000.0000   0.00000519
10040.0000   0.00000446
10080.0000   0.00000325
10120.0000   0.00000288
10160.0000   0.00000173
10200.0000   0.00000169
10210.0000   0.00000135
10240.0000   0.00000162
10280.0000   0.00000075
10320.0000   0.00000110
10360.0000   0.00000058
10400.0000   0.00000070
10440.0000   0.00000051
10480.0000   0.00000064
10600.0000   0.00000024
