| lambda_Angs|Flambda/F(5500A)|
|       float|           float|
     0.176346      1947.23
     0.239246      1359.25
     0.321402      923.274
     0.436041      605.349
     0.580042      375.800
     0.741817      229.765
     0.876892      147.354
      1.06762      87.7003
      1.28710      50.7903
      1.47721      33.4885
      1.69540      23.5084
      1.81630      27.1544
      1.96505      38.9009
      2.00411      27.3406
      2.06414      19.1391
      2.51311      12.3188
      3.27790      6.19117
      3.83682      3.86363
      4.49105      2.22946
      5.68738      1.17015
      6.21404     0.949978
      7.27360     0.704314
      8.68306     0.560194
      9.96555     0.467197
      11.4375     0.408379
      12.4966     0.412834
      13.1268     0.430791
      14.6275     0.283015
      15.9819     0.199554
      18.1630     0.134189
      20.8456     0.110174
      24.8850    0.0810292
      28.2809    0.0589275
      31.5139    0.0452784
      34.7725    0.0338538
      37.9926    0.0250185
      41.5107    0.0187810
      45.8032    0.0131892
      49.0693   0.00998083
      52.5683   0.00731999
      56.3169   0.00553932
      59.1569   0.00422563
      1000.46     0.188565
      1012.05     0.585411
      1023.76     0.725203
      1035.62     0.888096
      1047.61     0.538841
      1059.74     0.800682
      1072.01      1.31965
      1084.43      1.20910
      1096.98      1.23726
      1109.69      1.15202
      1122.54      1.45365
      1135.53      1.41403
      1148.68      1.28961
      1161.98      1.60494
      1175.44      1.54333
      1189.05      1.63479
      1202.82      1.09511
      1216.75      1.56481
      1230.84      1.10525
      1245.09     0.611589
      1259.51      1.59757
      1274.09      1.81326
      1288.84      1.84273
      1303.77      2.06757
      1318.86      2.09151
      1334.14      1.88131
      1349.58      2.23079
      1365.21      2.00659
      1381.02      2.14023
      1397.01      2.08669
      1413.19      1.99279
      1429.55      1.57928
      1446.11      1.86406
      1462.85      1.84697
      1479.79      1.96544
      1496.92      1.93848
      1514.26      1.95641
      1531.79      1.93402
      1549.53      1.80077
      1567.47      1.59389
      1585.62      1.38503
      1603.98      1.60125
      1622.56      1.69224
      1641.35      1.53979
      1660.35      1.51517
      1679.58      1.52217
      1699.03      1.48751
      1718.70      1.56840
      1738.60      1.50474
      1758.73      1.37232
      1779.10      1.45701
      1799.70      1.45700
      1820.54      1.40107
      1841.62      1.36289
      1862.94      1.33801
      1884.52      1.23158
      1906.34      1.16805
      1928.41      1.09260
      1950.74      1.02439
      1973.33     0.940720
      1996.18     0.945060
      2019.30     0.881984
      2042.68     0.780659
      2066.33     0.780658
      2090.26     0.718553
      2114.46     0.644851
      2138.95     0.646339
      2163.71     0.607378
      2188.77     0.569458
      2214.11     0.552663
      2239.75     0.540082
      2265.69     0.520547
      2291.92     0.536365
      2318.46     0.551391
      2345.31     0.573403
      2372.47     0.603198
      2399.94     0.610182
      2427.73     0.641889
      2455.84     0.649321
      2484.28     0.681490
      2513.04     0.733600
      2542.14     0.730230
      2571.58     0.743808
      2601.36     0.750687
      2631.48     0.798840
      2661.95     0.789694
      2692.77     0.808092
      2723.96     0.823112
      2755.50     0.813691
      2787.40     0.787879
      2819.68     0.786067
      2852.33     0.798842
      2885.36     0.838418
      2918.77     0.798842
      2952.57     0.815567
      2986.76     0.838416
      3021.34     0.823113
      3056.33     0.823113
      3091.72     0.789696
      3127.52     0.797002
      3163.73     0.797002
      3200.37     0.819332
      3237.43     0.806233
      3274.91     0.826913
      3312.84     0.826913
      3351.20     0.823113
      3390.00     0.811820
      3429.26     0.811820
      3468.97     0.808090
      3509.13     0.802527
      3549.77     0.784259
      3590.87     0.778862
      3632.45     0.784259
      3674.51     0.740389
      3717.06     0.759381
      3760.10     0.731914
      3803.65     0.861906
      3847.69     0.850080
      3892.24     0.873896
      3937.31     0.996459
      3982.91     0.825011
      4029.03      1.01265
      4075.68      1.01734
      4122.87      1.14937
      4170.61      1.11035
      4218.91      1.08758
      4267.76      1.10779
      4317.18      1.11804
      4367.17      1.09764
      4417.74      1.05793
      4468.89      1.10779
      4520.64      1.09511
      4572.99      1.08009
      4625.94      1.12553
      4679.51      1.12217
      4733.69      1.12399
      4788.51      1.10296
      4843.95      1.09033
      4900.04      1.09135
      4956.78      1.04294
      5014.18      1.07339
      5072.24      1.21551
      5130.98      1.32057
      5190.39      1.02745
      5250.49      1.00917
      5311.29     0.968411
      5372.79      1.00591
      5435.01      1.02981
      5497.94      1.00013
      5561.60     0.996001
      5626.00     0.992109
      5691.15     0.990284
      5757.05     0.965517
      5823.71     0.965069
      5891.15     0.956666
      5959.37     0.967072
      6028.37     0.856561
      6098.18     0.922064
      6168.79     0.921426
      6240.22     0.915290
      6312.48     0.871885
      6385.57     0.867278
      6459.52     0.876515
      6534.31     0.886665
      6609.98     0.873493
      6686.52     0.871284
      6763.94     0.864489
      6842.27     0.848710
      6921.50     0.842871
      7001.64     0.844811
      7082.72     0.839965
      7164.73     0.835140
      7247.70     0.831305
      7331.62     0.807531
      7416.52     0.803082
      7502.40     0.818014
      7589.27     0.820653
      7677.15     0.837066
      7766.05     0.832646
      7855.97     0.812381
      7946.94     0.815006
      8038.96     0.811820
      8132.05     0.786974
      8226.21     0.812941
      8321.47     0.812380
      8417.83     0.790606
      8515.30     0.791517
      8613.90     0.793890
      8713.65     0.769592
      8814.55     0.785163
      8916.61     0.830348
      9019.86     0.819710
      9124.31     0.829967
      9229.96     0.765174
      9336.84     0.817447
      9444.96     0.756067
      9554.33     0.760607
      9664.96     0.732925
      9776.81     0.763599
      9890.02     0.789707
      10004.5     0.782648
      10120.4     0.801247
      10237.6     0.801234
      10356.2     0.799393
      10476.1     0.795718
      10597.4     0.792064
      10720.1     0.792974
      10844.3     0.782998
      10969.8     0.792063
      11096.9     0.788242
      11225.4     0.775818
      11355.3     0.766938
      11486.8     0.769768
      11619.8     0.766938
      11754.4     0.762887
      11890.5     0.749479
      12028.2     0.749480
      12167.5     0.748446
      12308.4     0.744321
      12450.9     0.739196
      12595.1     0.734109
      12740.9     0.724871
      12888.4     0.710820
      13037.7     0.719879
      13188.6     0.717398
      13341.4     0.717399
      13495.8     0.715747
      13652.1     0.714101
      13810.2     0.709187
      13970.1     0.699455
      14131.9     0.707554
      14295.5     0.704303
      14461.1     0.701066
      14628.5     0.686689
      14797.9     0.696242
      14969.2     0.678829
      15142.6     0.697043
      15317.9     0.724037
      15495.3     0.719880
      15674.7     0.729894
      15856.2     0.742676
      16039.8     0.722437
      16225.6     0.757704
      16413.5     0.749897
      16603.5     0.730802
      16795.8     0.732151
      16990.3     0.757877
      17187.0     0.747136
      17386.0     0.758059
      17587.3     0.746113
      17791.0     0.743368
      17997.0     0.732321
      18205.4     0.707462
      18416.2     0.703559
      18629.4     0.710398
      18845.2     0.681708
      19063.4     0.687545
      19284.1     0.686279
      19507.4     0.683281
      19733.3     0.669268
      19961.8     0.657356
      20193.0     0.666345
      20426.8     0.663286
      20663.3     0.661760
      20902.6     0.659475
      21144.6     0.660936
      21389.5     0.660935
      21637.1     0.659113
      21887.7     0.660631
      22141.1     0.652919
      22397.5     0.648425
      22656.9     0.656840
      22919.2     0.643517
      23184.6     0.652019
      23453.1     0.651869
      23724.7     0.623821
      23999.4     0.614130
      24277.3     0.615118
      24558.4     0.615685
      24842.8     0.614694
      25130.4     0.597667
      25421.4     0.597256
      25715.8     0.599458
      26013.6     0.608079
      26314.8     0.615262
      26619.5     0.619813
      26927.7     0.623248
      27239.6     0.627278
      27555.0     0.632790
      27874.0     0.639088
      28196.8     0.641889
      28523.3     0.645594
      28853.6     0.648426
      29187.7     0.651569
      29525.7     0.653521
      29867.6     0.656085
      30213.4     0.657901
      30563.3     0.659568
      30917.2     0.661090
      31275.2     0.662460
      31637.3     0.663529
      32003.7     0.664908
      32374.3     0.665366
      32749.2     0.665978
      33128.4     0.665825
      33512.0     0.664754
      33900.0     0.663377
      34292.6     0.662459
      34689.7     0.660936
      35091.3     0.659113
      35497.7     0.656992
      35908.7     0.654576
      36324.5     0.652019
      36745.1     0.649321
      37170.6     0.646636
      37601.1     0.643517
      38036.5     0.640413
      38476.9     0.637030
      38922.4     0.634249
      39373.1     0.631335
      39829.1     0.628146
      40290.2     0.625115
      40756.8     0.621528
      41228.7     0.618813
      41706.1     0.615829
      42189.1     0.613140
      42677.6     0.610043
      43171.8     0.607519
      43671.7     0.605146
      44177.4     0.600149
      44688.9     0.596980
      45206.4     0.593827
      45729.9     0.591644
      46259.4     0.590283
      46795.1     0.589467
      47336.9     0.588789
      47885.1     0.588654
      48439.5     0.588518
      49000.4     0.588382
      49567.8     0.588925
      50141.8     0.585410
      50722.4     0.578710
      51309.8     0.572084
      51903.9     0.565405
      52504.9     0.565405
      53112.9     0.566448
      53727.9     0.567492
      54350.1     0.568408
      54979.4     0.569063
      55616.0     0.569325
      56260.0     0.569587
      56911.5     0.569324
      57570.5     0.568801
      58237.1     0.567754
      58911.5     0.566316
      59593.7     0.564364
      60283.7     0.561386
      60981.8     0.559836
      61687.9     0.560611
      62402.2     0.566838
      63124.8     0.566056
      63855.7     0.556620
      64595.2     0.546087
      65343.1     0.535503
      66099.8     0.524274
      66865.2     0.512340
      67639.4     0.499528
      68422.7     0.489734
      69215.0     0.480464
      70016.4     0.470393
      70827.2     0.460746
      71647.3     0.450254
      72477.0     0.440008
      73316.2     0.430983
      74165.2     0.422143
      75024.0     0.418273
      75892.7     0.414439
      76771.5     0.406875
      77660.5     0.397614
      78559.7     0.383229
      79469.4     0.367672
      80389.6     0.349028
      81320.5     0.330035
      82262.1     0.310142
      83214.7     0.291180
      84178.3     0.273502
      85153.0     0.258143
      86139.0     0.244489
      87136.5     0.232037
      88145.5     0.220576
      89166.2     0.209440
      90198.6     0.198682
      91243.1     0.191761
      92299.6     0.186191
      93368.4     0.181451
      94449.6     0.177812
      95543.2     0.175131
      96649.6     0.173165
      97768.7     0.171854
      98900.8     0.171144
      100000.     0.171223
      101158.     0.171774
      102329.     0.172766
      103514.     0.174165
      104713.     0.175898
      105925.     0.177975
      107152.     0.180242
      108393.     0.182751
      109648.     0.186320
      110917.     0.190484
      112202.     0.194922
      113501.     0.202702
      114815.     0.207902
      116145.     0.209826
      117490.     0.209826
      118850.     0.210795
      120226.     0.214220
      121619.     0.219210
      123027.     0.224833
      124451.     0.229540
      125893.     0.234888
      127350.     0.240913
      128825.     0.246523
      130317.     0.248806
      131826.     0.245392
      133352.     0.240358
      134896.     0.238155
      136458.     0.236516
      138038.     0.234888
      139637.     0.233808
      141254.     0.232199
      142889.     0.232199
      144544.     0.232199
      146218.     0.231665
      147911.     0.230600
      149624.     0.229013
      151356.     0.226913
      153109.     0.222772
      154882.     0.218202
      156675.     0.214220
      158489.     0.209344
      160325.     0.203169
      162181.     0.198089
      164059.     0.194026
      165959.     0.190484
      167880.     0.187438
      169824.     0.184442
      171791.     0.181912
      173780.     0.179416
      175792.     0.176954
      177828.     0.174929
      179887.     0.172926
      181970.     0.171736
      184077.     0.170947
      186209.     0.170553
      188365.     0.170553
      190546.     0.170553
      192752.     0.170554
      194984.     0.170553
      197242.     0.170947
      199526.     0.171341
      201837.     0.172132
      204174.     0.176546
      206538.     0.190047
      208930.     0.197178
      211349.     0.202237
      213796.     0.207902
      216272.     0.213236
      218776.     0.216701
      221309.     0.220222
      223872.     0.224316
      226464.     0.228487
      229087.     0.233808
      231739.     0.235429
      234423.     0.236515
      237137.     0.237608
      239883.     0.238704
      242661.     0.239253
      245471.     0.240359
      248313.     0.240913
      251189.     0.241469
      254097.     0.242583
      257040.     0.243142
      260016.     0.243703
      263027.     0.243703
      266072.     0.243703
      269153.     0.244265
      272270.     0.244264
      275423.     0.244264
      278612.     0.244263
      281838.     0.245392
      285102.     0.246524
      288403.     0.247663
      291743.     0.248806
      295121.     0.249380
      298538.     0.249379
      301995.     0.248805
      305492.     0.248233
      309030.     0.247663
      312608.     0.247093
      316228.     0.246524
      319890.     0.245957
      323594.     0.245392
      327341.     0.245392
      331131.     0.245392
      334965.     0.245392
      338844.     0.245392
      342768.     0.245958
      346737.     0.248232
      350752.     0.249954
      354813.     0.252267
      358922.     0.252267
      363078.     0.252267
      367282.     0.251108
      371535.     0.250531
      375837.     0.249954
      380189.     0.248806
      384592.     0.247093
      389045.     0.245392
      393550.     0.244263
      398107.     0.242583
      402717.     0.241470
      407380.     0.239805
      412098.     0.238155
      416869.     0.237060
      421696.     0.235429
      426580.     0.233809
      431519.     0.232199
      436516.     0.230070
      441570.     0.228487
      446684.     0.226914
      451856.     0.224832
      457088.     0.223285
      462381.     0.221749
      467735.     0.219716
      473151.     0.218202
      478630.     0.216202
      484172.     0.214714
      489779.     0.213236
      495450.     0.211281
      501187.     0.209344
      506991.     0.207424
      512861.     0.205523
      518800.     0.203637
      524808.     0.201772
      530884.     0.199921
      537032.     0.198089
      543250.     0.196272
      549541.     0.194472
      555904.     0.193135
      562341.     0.190923
      568853.     0.188303
      575440.     0.185720
      582103.     0.183173
      588844.     0.180659
      595662.     0.178181
      602560.     0.175735
      609537.     0.172527
      616595.     0.168602
      623735.     0.164763
      630957.     0.161384
      638263.     0.158073
      645654.     0.154831
      653131.     0.151655
      660694.     0.148546
      668344.     0.145500
      676083.     0.142515
      683912.     0.139592
      691831.     0.136729
      699842.     0.133617
      707946.     0.130877
      716143.     0.127897
      724436.     0.124698
      732825.     0.121300
      741310.     0.118266
      749894.     0.115308
      758578.     0.112425
      767361.     0.109612
      776247.     0.106379
      785236.     0.103243
      794328.     0.100199
      803526.    0.0970198
      812830.    0.0941585
      822243.    0.0913819
      831764.    0.0886869
      841395.    0.0860716
      851138.    0.0839191
      860994.    0.0818199
      870964.    0.0797737
      881049.    0.0779579
      891251.    0.0761833
      901571.    0.0744493
      912011.    0.0727545
      922572.    0.0710983
      933254.    0.0694802
      944061.    0.0677423
      954993.    0.0662002
      966051.    0.0646934
      977237.    0.0632209
      988553.    0.0617818
  1.00000e+06    0.0600980
  1.01158e+06    0.0580576
  1.02329e+06    0.0558290
  1.03514e+06    0.0536859
  1.04713e+06    0.0516251
  1.05925e+06    0.0496432
  1.07152e+06    0.0475181
  1.08393e+06    0.0453795
  1.09648e+06    0.0437381
  1.10918e+06    0.0421560
  1.12202e+06    0.0406312
  1.13501e+06    0.0392519
  1.14815e+06    0.0378320
  1.16145e+06    0.0364636
  1.17490e+06    0.0353069
  1.18850e+06    0.0341084
  1.20226e+06    0.0329503
  1.21619e+06    0.0319051
  1.23027e+06    0.0308221
  1.24451e+06    0.0298442
  1.25893e+06    0.0288309
  1.27350e+06    0.0270931
  1.28825e+06    0.0250530
  1.30317e+06    0.0230600
  1.31826e+06    0.0220729
  1.33352e+06    0.0213235
  1.34896e+06    0.0206472
  1.36458e+06    0.0199921
  1.38038e+06    0.0193135
  1.39637e+06    0.0186149
  1.41254e+06    0.0179416
  1.42889e+06    0.0172527
  1.44544e+06    0.0165904
  1.46218e+06    0.0159536
  1.47911e+06    0.0153767
  1.49624e+06    0.0147863
  1.51356e+06    0.0139592
  1.53109e+06    0.0132696
  1.54882e+06    0.0126724
  1.56675e+06    0.0121020
  1.58489e+06    0.0115575
  1.60325e+06    0.0110373
  1.62181e+06    0.0104439
  1.64059e+06    0.0100429
  1.65959e+06   0.00970195
  1.67880e+06   0.00935104
  1.69824e+06   0.00901280
  1.71791e+06   0.00868682
  1.73780e+06   0.00835335
  1.75792e+06   0.00803269
  1.77828e+06   0.00772433
  1.79887e+06   0.00742781
  1.81970e+06   0.00714264
  1.84077e+06   0.00675867
  1.86209e+06   0.00649923
  1.88365e+06   0.00626410
  1.90546e+06   0.00605145
  1.92753e+06   0.00583254
  1.94984e+06   0.00562161
  1.97242e+06   0.00536857
  1.99526e+06   0.00510343
  2.01837e+06   0.00485131
  2.04174e+06   0.00452751
  2.06538e+06   0.00410072
  2.08930e+06   0.00372271
  2.11349e+06   0.00357157
  2.13796e+06   0.00346625
  2.16272e+06   0.00331025
  2.18776e+06   0.00315399
  2.21309e+06   0.00299819
  2.23872e+06   0.00285667
  2.26464e+06   0.00271557
  2.29087e+06   0.00251108
  2.31739e+06   0.00237060
  2.34423e+06   0.00225351
  2.37137e+06   0.00214220
  2.39883e+06   0.00204108
  2.42661e+06   0.00194026
  2.45471e+06   0.00186149
  2.48313e+06   0.00179416
  2.51189e+06   0.00169769
  2.54097e+06   0.00159904
  2.57040e+06   0.00150266
  2.60016e+06   0.00141859
  2.63027e+06   0.00136101
  2.66072e+06   0.00130877
  2.69154e+06   0.00124698
  2.72270e+06   0.00118538
  2.75423e+06   0.00112684
  2.78612e+06   0.00107117
  2.81838e+06   0.00102061
  2.85102e+06  0.000965739
  2.88403e+06  0.000913819
  2.91743e+06  0.000866683
  2.95121e+06  0.000827676
  2.98538e+06  0.000788606
  3.01995e+06  0.000753113
  3.05492e+06  0.000717563
  3.09030e+06  0.000686847
  3.12608e+06  0.000633666
  3.16228e+06  0.000599597
  3.19890e+06  0.000571293
  3.23594e+06  0.000545583
  3.27341e+06  0.000519827
  3.31131e+06  0.000495291
  3.34966e+06  0.000472999
  3.38844e+06  0.000447569
  3.42768e+06  0.000415777
  3.46737e+06  0.000384468
  3.50752e+06  0.000356336
  3.54813e+06  0.000314674
  3.58922e+06  0.000296388
  3.63078e+06  0.000284353
  3.67282e+06  0.000273439
  3.71535e+06  0.000262337
  3.75837e+06  0.000252266
  3.80189e+06  0.000242582
  3.84592e+06  0.000232734
  3.89045e+06  0.000220222
  3.93550e+06  0.000207425
  3.98107e+06  0.000195371
  4.02717e+06  0.000184017
  4.07380e+06  0.000173325
  4.12098e+06  0.000162878
  4.16869e+06  0.000153413
  4.21696e+06  0.000144497
  4.26580e+06  0.000136413
  4.31519e+06  0.000128486
  4.36516e+06  0.000120492
  4.41570e+06  0.000112969
  4.46684e+06  0.000105891
  4.51856e+06  9.92569e-05
  4.57088e+06  9.30592e-05
  4.62381e+06  8.93633e-05
  4.67735e+06  8.76112e-05
  4.73151e+06  8.38225e-05
  4.78630e+06  7.89332e-05
  4.84172e+06  7.41755e-05
  4.89779e+06  6.97043e-05
  4.95450e+06  6.55028e-05
  8.00000e+06  1.04553e-05
  1.20000e+07  2.21291e-06
  1.27200e+07  1.77031e-06
  1.44700e+07  1.08058e-06
  1.64600e+07  7.30253e-07
  1.87300e+07  5.19633e-07
  2.13100e+07  3.84817e-07
  2.42500e+07  2.93309e-07
  2.75900e+07  2.28076e-07
  3.13900e+07  1.79694e-07
  3.57200e+07  1.42849e-07
  4.06400e+07  1.14279e-07
  4.62400e+07  9.18706e-08
  5.26100e+07  7.40521e-08
  5.98600e+07  5.99061e-08
  6.04600e+07  5.88249e-08
  1.06600e+08  2.38525e-08
  1.88100e+08  1.00568e-08
  3.31900e+08  4.40628e-09
  5.85400e+08  1.99687e-09
  1.03300e+09  9.31390e-10
  1.82200e+09  4.44434e-10
  3.21400e+09  2.15754e-10
  5.66900e+09  1.06065e-10
  1.00000e+10  5.26157e-11
