| lambda_Angs|Flambda/F(5500A)|
|       float|           float|
      800.000  -0.00185978
      806.314  -0.00172153
      812.564  -0.00158868
      818.977  -0.00145635
      825.325  -0.00132921
      831.839  -0.00120259
      838.287  -0.00108096
      844.903 -0.000959844
      851.452 -0.000843529
      858.172 -0.000727733
      864.946 -0.000614547
      871.650 -0.000505878
      878.530 -0.000397728
      885.339 -0.000293916
      892.327 -0.000190622
      899.243 -9.14947e-05
      906.341  7.11447e-06
      913.366  0.000101724
      920.575  0.000195817
      927.841  0.000306029
      935.032  0.000496506
      942.412  0.000997876
      949.717   0.00236302
      957.213   0.00374037
      964.632   0.00458402
      972.246   0.00160246
      979.782   0.00401098
      987.515   0.00634509
      995.309   0.00672603
      1003.02   0.00966096
      1010.94    0.0102557
      1018.78   0.00640916
      1026.82   0.00234816
      1034.78   0.00555557
      1042.94    0.0137391
      1051.03    0.0182333
      1059.32    0.0177982
      1067.68    0.0164376
      1075.96    0.0193785
      1084.45    0.0138955
      1092.86    0.0200258
      1101.48    0.0288601
      1110.02    0.0340695
      1118.78    0.0361333
      1127.45    0.0399976
      1136.35    0.0467490
      1145.32    0.0441541
      1154.20    0.0522093
      1163.31    0.0582226
      1172.32    0.0505463
      1181.58    0.0519561
      1190.74    0.0275663
      1200.13    0.0129678
      1209.44   0.00805035
      1218.98   0.00907156
      1228.60    0.0342335
      1238.13    0.0760605
      1247.90    0.0929802
      1257.57    0.0744460
      1267.50    0.0801323
      1277.32     0.131197
      1287.40     0.135856
      1297.38     0.106811
      1307.62     0.109311
      1317.94     0.145693
      1328.16     0.139369
      1338.64     0.139791
      1349.02     0.170372
      1359.66     0.155190
      1370.20     0.155633
      1381.02     0.173798
      1391.72     0.178524
      1402.71     0.180859
      1413.78     0.167492
      1424.73     0.185056
      1435.98     0.181913
      1447.11     0.212247
      1458.53     0.193405
      1469.84     0.180463
      1481.44     0.192162
      1492.92     0.210412
      1504.70     0.205521
      1516.58     0.197428
      1528.33     0.166832
      1540.40     0.181681
      1552.34     0.183610
      1564.59     0.171016
      1576.72     0.190591
      1589.16     0.217749
      1601.48     0.214600
      1614.12     0.213797
      1626.86     0.199753
      1639.47     0.215190
      1652.41     0.193831
      1665.22     0.218774
      1678.36     0.230668
      1691.37     0.240424
      1704.72     0.216640
      1717.93     0.205686
      1731.49     0.220934
      1745.16     0.232409
      1758.68     0.243384
      1772.56     0.236536
      1786.30     0.255751
      1800.40     0.275436
      1814.36     0.259155
      1828.68     0.253005
      1843.11     0.223702
      1857.40     0.233723
      1872.06     0.267564
      1886.57     0.251707
      1901.46     0.254681
      1916.20     0.257037
      1931.32     0.256744
      1946.29     0.274342
      1961.65     0.287146
      1977.13     0.301688
      1992.46     0.280475
      2008.18     0.280547
      2023.75     0.283118
      2039.72     0.291018
      2055.53     0.282721
      2071.76     0.308963
      2087.81     0.312020
      2104.29     0.290710
      2120.90     0.298757
      2137.34     0.268258
      2154.21     0.302662
      2170.91     0.282986
      2188.04     0.290080
      2205.00     0.288759
      2222.40     0.257064
      2239.63     0.280641
      2257.31     0.249919
      2275.12     0.279345
      2292.76     0.273710
      2310.85     0.253891
      2328.77     0.190751
      2347.15     0.209970
      2365.34     0.207986
      2384.01     0.190886
      2402.49     0.209654
      2421.45     0.243004
      2440.56     0.249214
      2459.48     0.254195
      2478.89     0.245819
      2498.10     0.269266
      2517.82     0.233686
      2537.34     0.229846
      2557.36     0.254056
      2577.18     0.271722
      2597.53     0.257757
      2618.03     0.249627
      2638.32     0.305634
      2659.14     0.307153
      2679.75     0.313890
      2700.90     0.306683
      2721.84     0.289490
      2743.32     0.250434
      2764.59     0.278072
      2786.41     0.243472
      2808.40     0.258648
      2830.17     0.321472
      2852.50     0.289717
      2874.61     0.335435
      2897.30     0.344094
      2919.76     0.366415
      2942.80     0.357702
      2965.61     0.369376
      2989.02     0.375543
      3012.61     0.388454
      3035.96     0.386547
      3059.92     0.389153
      3083.64     0.401623
      3107.98     0.399737
      3132.07     0.397003
      3156.79     0.403293
      3181.26     0.386716
      3206.37     0.399013
      3231.68     0.379819
      3256.72     0.418664
      3282.43     0.427258
      3307.87     0.430240
      3333.98     0.419417
      3359.82     0.399518
      3386.34     0.436409
      3412.59     0.430566
      3439.52     0.404571
      3466.67     0.439590
      3493.54     0.422445
      3521.11     0.416059
      3548.40     0.470164
      3576.41     0.400661
      3604.13     0.436587
      3632.58     0.433629
      3660.73     0.497205
      3689.63     0.491438
      3718.75     0.476652
      3747.57     0.375526
      3777.15     0.652244
      3806.43     0.838724
      3836.47     0.413260
      3866.21     0.875399
      3896.72     0.809056
      3926.93     0.853818
      3957.92     0.647532
      3989.16     0.999702
      4020.08      1.08501
      4051.81      1.04020
      4083.21     0.956824
      4115.44     0.972570
      4147.34      1.03728
      4180.07      1.02584
      4212.48      1.06192
      4245.72      1.03984
      4279.23      1.07333
      4312.40      1.04928
      4346.44     0.850416
      4380.13     0.970469
      4414.70     0.997731
      4448.92      1.09002
      4484.03      1.06621
      4518.79      1.09461
      4554.45      1.11611
      4590.40      1.06294
      4625.98      1.11080
      4662.49      1.00278
      4698.63      1.03649
      4735.72      1.05168
      4772.42      1.11056
      4810.09      1.08749
      4847.37     0.928332
      4885.63      1.00452
      4924.19     0.978403
      4962.36      1.04328
      5001.53     0.990927
      5040.29      1.07177
      5080.08     0.985883
      5119.45      1.06593
      5159.86     0.956863
      5199.85      1.01039
      5240.89     0.983697
      5282.26      1.01388
      5323.20      1.01642
      5365.21     0.945563
      5406.80     0.963594
      5449.48     0.955603
      5491.71      1.00605
      5535.06     0.989080
      5577.96     0.995297
      5621.99     0.969180
      5666.36     0.973992
      5710.28     0.999756
      5755.35      1.00317
      5799.96      1.02069
      5845.74      1.01495
      5891.05     0.794229
      5937.54     0.986038
      5983.57     0.959810
      6030.79     0.986071
      6078.39     0.977450
      6125.51     0.982656
      6173.85     0.966187
      6221.71     0.929765
      6270.81     0.931160
      6319.42     0.955692
      6369.29     0.948608
      6418.66     0.975762
      6469.32     0.952696
      6520.38     0.922838
      6570.92     0.906505
      6622.79     0.921062
      6674.12     0.922325
      6726.80     0.911249
      6778.94     0.920706
      6832.44     0.877300
      6885.40     0.886003
      6939.74     0.903619
      6994.52     0.889522
      7048.73     0.941301
      7104.37     0.854858
      7159.43     0.841378
      7215.94     0.861356
      7271.87     0.865213
      7329.27     0.888283
      7386.08     0.911582
      7444.37     0.902265
      7503.13     0.915996
      7561.28     0.899641
      7620.96     0.881405
      7680.03     0.862613
      7740.65     0.820700
      7800.65     0.837325
      7862.22     0.853939
      7923.16     0.836309
      7985.69     0.852592
      8048.72     0.872758
      8111.11     0.860026
      8175.12     0.817277
      8238.49     0.855763
      8303.51     0.841682
      8367.88     0.816809
      8433.92     0.775287
      8500.49     0.798741
      8566.38     0.830355
      8633.99     0.822715
      8700.91     0.809781
      8769.58     0.800180
      8837.56     0.824369
      8907.31     0.807038
      8976.35     0.786061
      9047.20     0.824452
      9118.60     0.829648
      9189.28     0.786272
      9261.81     0.812210
      9333.60     0.812632
      9407.27     0.794241
      9480.18     0.828558
      9555.01     0.796794
      9629.07     0.816797
      9705.07     0.809152
      9781.67     0.790878
      9857.49     0.801241
      9935.29     0.808124
      10012.3     0.809955
      10091.3     0.805184
      10169.5     0.831644
      10249.8     0.856827
      10329.3     0.858093
      10410.8     0.844706
      10492.9     0.831529
      10574.3     0.813472
      10657.7     0.794495
      10740.3     0.782844
      10825.1     0.778245
      10909.0     0.771654
      10995.1     0.749361
      11080.3     0.727883
      11167.8     0.728296
      11255.9     0.735614
      11343.2     0.741877
      11432.7     0.747726
      11521.3     0.749514
      11612.3     0.743645
      11702.3     0.737925
      11794.6     0.713537
      11886.1     0.689401
      11979.9     0.693324
      12074.4     0.700246
      12168.0     0.700666
      12264.1     0.699858
      12359.1     0.689591
      12456.7     0.676544
      12553.2     0.669157
      12652.3     0.663917
      12750.4     0.659742
      12851.0     0.656046
      12952.4     0.652799
      13052.8     0.649924
      13155.8     0.642061
      13257.8     0.629783
      13362.5     0.619804
      13466.0     0.610981
      13572.3     0.604824
      13677.5     0.600172
      13785.5     0.583881
      13894.3     0.566326
      14002.0     0.548588
      14112.5     0.531892
      14221.9     0.530537
      14334.1     0.531186
      14445.2     0.536707
      14559.2     0.532921
      14672.1     0.520711
      14787.9     0.524701
      14904.6     0.534243
      15020.1     0.543508
      15138.7     0.552576
      15256.0     0.561129
      15376.4     0.561912
      15495.6     0.559738
      15617.9     0.551349
      15739.0     0.539970
      15863.2     0.525304
      15988.4     0.520500
      16112.3     0.520036
      16239.5     0.520730
      16365.4     0.520709
      16494.5     0.519881
      16622.4     0.526308
      16753.6     0.530825
      16883.4     0.533223
      17016.7     0.534080
      17151.0     0.527938
      17283.9     0.516697
      17420.3     0.506248
      17555.4     0.492105
      17693.9     0.475148
      17831.1     0.457894
      17971.8     0.439213
      18111.1     0.422241
      18254.1     0.414350
      18398.1     0.404399
      18540.7     0.392212
      18687.1     0.374671
      18831.9     0.370069
      18980.6     0.368047
      19127.7     0.366101
      19278.6     0.360957
      19428.1     0.351774
      19581.4     0.342047
      19736.0     0.332719
      19888.9     0.324808
      20045.9     0.321757
      20201.3     0.316900
      20360.7     0.313514
      20518.6     0.313427
      20680.5     0.310948
      20840.8     0.308079
      21005.3     0.305802
      21171.1     0.303293
      21335.2     0.299923
      21503.6     0.296846
      21670.2     0.290051
      21841.3     0.286127
      22010.6     0.281379
      22184.3     0.275641
      22356.3     0.270005
      22532.7     0.264706
      22710.5     0.254665
      22886.6     0.232649
      23067.2     0.230828
      23246.0     0.209217
      23429.5     0.191110
      23611.1     0.190116
      23797.4     0.182543
      23981.9     0.171396
      24171.2     0.165084
      24362.0     0.157405
      24550.8     0.145839
      24744.6     0.134383
      24936.4     0.116029
      25133.2     0.113885
      25328.0     0.113418
      25527.9     0.113245
      25725.8     0.114863
      25928.8     0.113439
      26133.4     0.112515
      26336.0     0.110266
      26543.9     0.108936
      26749.6     0.106745
      26960.7     0.105355
      27169.7     0.103570
      27384.2     0.101548
      27596.4    0.0995460
      27814.2    0.0976705
      28033.7    0.0958923
      28251.0    0.0945115
      28474.0    0.0928400
      28694.7    0.0910632
      28921.2    0.0899424
      29145.4    0.0883365
      29375.4    0.0867309
      29603.1    0.0854371
      29836.7    0.0838680
      30072.2    0.0828307
      30305.3    0.0816302
      30544.5    0.0813826
      30781.3    0.0810767
      31024.2    0.0807892
      31264.7    0.0805390
      31511.5    0.0801630
      31755.7    0.0808767
      32006.3    0.0821978
      32259.0    0.0852714
      32509.0    0.0985335
      32765.6     0.135347
      33019.6     0.172787
      33280.2     0.116963
      33538.1    0.0873721
      33802.8    0.0791541
      34064.8    0.0742276
      34333.7    0.0716817
      34604.7    0.0694232
      34872.9    0.0675508
      35148.1    0.0660847
      35420.6    0.0645534
      35700.1    0.0629718
      35976.9    0.0616586
      36260.8    0.0602212
      36541.9    0.0588154
      36830.3    0.0572189
      37121.0    0.0558733
      37408.7    0.0543957
      37704.0    0.0534439
      37996.2    0.0520198
      38296.1    0.0508769
      38592.9    0.0496573
      38897.5    0.0483390
      39204.5    0.0472122
      39508.4    0.0459191
      39820.2    0.0445844
      40128.9    0.0436204
      40445.6    0.0425313
      40759.1    0.0415326
      41080.8    0.0405760
      41399.2    0.0396539
      41726.0    0.0387124
      42055.3    0.0378344
      42381.3    0.0370809
      42715.8    0.0361836
      43046.9    0.0343417
      43386.6    0.0334686
      43722.9    0.0322801
      44068.0    0.0312150
      44409.6    0.0305938
      44760.1    0.0297435
      45113.4    0.0291869
      45463.1    0.0285904
      45821.9    0.0278178
      46177.1    0.0274653
      46541.5    0.0269288
      46902.3    0.0265634
      47272.5    0.0261962
      47638.9    0.0257356
      48014.9    0.0252893
      48393.8    0.0249858
      48768.9    0.0245689
      49153.9    0.0242181
      49534.9    0.0239130
      49925.8    0.0236604
      50312.8    0.0234054
      50709.9    0.0231841
      51103.0    0.0229529
      51506.3    0.0228256
      51912.8    0.0227051
      52315.2    0.0227204
      52728.1    0.0227818
      53136.8    0.0228497
      53556.2    0.0229643
      53971.3    0.0231803
      54397.3    0.0235786
      54818.9    0.0239227
      55251.6    0.0244308
      55687.7    0.0253819
      56119.3    0.0262088
      56562.2    0.0277815
      57000.7    0.0291672
      57450.6    0.0311096
      57895.9    0.0344471
      58352.8    0.0377196
      58805.1    0.0438449
      59269.2    0.0502085
      59737.0    0.0593750
      60200.1    0.0766514
      60675.2    0.0969431
      61145.5     0.127562
      61628.1     0.188643
      62105.8     0.250243
      62596.0     0.307423
      63081.2     0.286310
      63579.0     0.239649
      64080.8     0.188019
      64577.5     0.161829
      65087.2     0.133804
      65591.7     0.122325
      66109.4     0.116720
      66621.8     0.113878
      67147.7     0.112101
      67668.1     0.110129
      68202.2     0.107913
      68740.5     0.107213
      69273.3     0.108528
      69820.1     0.109724
      70361.3     0.111673
      70916.6     0.117267
      71466.3     0.124217
      72030.3     0.136739
      72588.7     0.151836
      73161.6     0.174899
      73739.0     0.213556
      74310.6     0.247305
      74897.1     0.305471
      75477.6     0.346310
      76073.3     0.369738
      76663.0     0.376271
      77268.1     0.363640
      77867.0     0.341981
      78481.6     0.313155
      79101.0     0.288082
      79714.1     0.244037
      80343.3     0.212156
      80966.0     0.188828
      81605.0     0.169917
      82237.6     0.161634
      82886.6     0.157653
      83529.1     0.156115
      84188.4     0.157097
      84852.8     0.162786
      85510.5     0.165437
      86185.5     0.158402
      86853.5     0.142135
      87539.0     0.124870
      88217.5     0.101212
      88913.8    0.0921671
      89603.0    0.0809271
      90310.2    0.0683678
      91023.0    0.0610728
      91728.5    0.0564350
      92452.5    0.0534942
      93169.1    0.0507141
      93904.4    0.0499229
      94632.3    0.0490844
      95379.2    0.0466407
      96118.5    0.0454002
      96877.1    0.0440788
      97641.7    0.0422820
      98398.6    0.0408409
      99175.2    0.0384461
      99943.9    0.0366572
      100733.    0.0361685
      101514.    0.0345533
      102315.    0.0325611
      103108.    0.0320548
      103922.    0.0418340
      104742.    0.0403368
      105554.    0.0335461
      106387.    0.0333346
      107211.    0.0399305
      108058.    0.0422306
      108895.    0.0454480
      109755.    0.0560910
      110605.    0.0683044
      111478.    0.0887770
      112358.     0.115490
      113229.     0.122111
      114123.     0.113753
      115007.    0.0915272
      115915.    0.0741128
      116814.    0.0627305
      117735.    0.0598215
      118648.    0.0601382
      119584.    0.0610391
      120528.    0.0618292
      121463.    0.0633637
      122421.    0.0644801
      123370.    0.0659556
      124344.    0.0675552
      125308.    0.0694855
      126297.    0.0715959
      127276.    0.0694747
      128280.    0.0640255
      129293.    0.0558672
      130295.    0.0480477
      131323.    0.0423680
      132341.    0.0386348
      133386.    0.0353197
      134419.    0.0307328
      135480.    0.0275389
      136531.    0.0253054
      137608.    0.0252720
      138694.    0.0255009
      139769.    0.0254009
      140872.    0.0236673
      141964.    0.0214444
      143085.    0.0188487
      144194.    0.0184220
      145332.    0.0183633
      146458.    0.0181789
      147614.    0.0182875
      148779.    0.0174015
      149933.    0.0169387
      151116.    0.0164836
      152287.    0.0157161
      153489.    0.0165537
      154679.    0.0171699
      155900.    0.0153616
      157108.    0.0177298
      158348.    0.0195534
      159598.    0.0170458
      160835.    0.0167849
      162104.    0.0174942
      163361.    0.0204481
      164650.    0.0243064
      165927.    0.0246513
      167236.    0.0225492
      168532.    0.0189239
      169863.    0.0168291
      171203.    0.0153691
      172530.    0.0146535
      173892.    0.0142270
      175240.    0.0139203
      176623.    0.0137587
      177992.    0.0136736
      179397.    0.0136605
      180787.    0.0136250
      182214.    0.0136994
      183652.    0.0137303
      185076.    0.0138017
      186537.    0.0139482
      187982.    0.0140335
      189466.    0.0142432
      190935.    0.0143517
      192442.    0.0144872
      193961.    0.0147085
      195464.    0.0148667
      197007.    0.0151287
      198534.    0.0153267
      200101.    0.0155251
      201652.    0.0158373
      203243.    0.0160285
      204819.    0.0162897
      206435.    0.0166684
      208064.    0.0169467
      209677.    0.0173273
      211332.    0.0175921
      212970.    0.0179046
      214651.    0.0183463
      216315.    0.0187023
      218022.    0.0191771
      219712.    0.0195177
      221446.    0.0198616
      223194.    0.0204456
      224924.    0.0208088
      226699.    0.0213714
      228456.    0.0218220
      230260.    0.0221853
      232044.    0.0228408
      233876.    0.0232969
      235689.    0.0237107
      237549.    0.0244079
      239424.    0.0248379
      241279.    0.0255719
      243184.    0.0260824
      245069.    0.0266069
      247003.    0.0273263
      248918.    0.0278758
      250882.    0.0286613
      252827.    0.0293221
      254822.    0.0299758
      256833.    0.0306449
      258824.    0.0313002
      260867.    0.0319481
      262889.    0.0326361
      264964.    0.0333451
      267018.    0.0340214
      269125.    0.0347262
      271211.    0.0354099
      273352.    0.0360857
      275509.    0.0368237
      277645.    0.0375468
      279836.    0.0382614
      282005.    0.0389514
      284231.    0.0396344
      286434.    0.0402851
      288695.    0.0410142
      290932.    0.0417189
      293229.    0.0424149
      295543.    0.0431183
      297834.    0.0437896
      300185.    0.0444520
      302511.    0.0451394
      304899.    0.0458176
      307262.    0.0464634
      309687.    0.0471158
      312088.    0.0477360
      314551.    0.0483513
      317034.    0.0489883
      319491.    0.0495936
      322013.    0.0501957
      324509.    0.0508029
      327070.    0.0514007
      329605.    0.0519673
      332206.    0.0525205
      334781.    0.0530450
      337424.    0.0535567
      340087.    0.0540377
      342723.    0.0544929
      345428.    0.0549443
      348105.    0.0553841
      350853.    0.0558147
      353572.    0.0562111
      356363.    0.0565770
      359125.    0.0569214
      361960.    0.0572588
      364816.    0.0575844
      367644.    0.0578899
      370546.    0.0581869
      373418.    0.0584651
      376365.    0.0587347
      379282.    0.0589623
      382276.    0.0591542
      385239.    0.0593312
      388280.    0.0594936
      391344.    0.0596390
      394378.    0.0597714
      397490.    0.0598865
      400571.    0.0599829
      403733.    0.0600715
      406862.    0.0601079
      410073.    0.0601105
      413252.    0.0601059
      416514.    0.0601082
      419801.    0.0601105
      423055.    0.0601055
      426394.    0.0600399
      429699.    0.0599486
      433090.    0.0598505
      436447.    0.0597251
      439892.    0.0595853
      443302.    0.0594441
      446801.    0.0592687
      450327.    0.0590832
      453818.    0.0588982
      457399.    0.0586757
      460945.    0.0584499
      464583.    0.0582183
      468184.    0.0579960
      471879.    0.0577687
      475537.    0.0575437
      479290.    0.0572772
      483073.    0.0570077
      486817.    0.0567424
      490659.    0.0564772
      494463.    0.0562162
      498365.    0.0559458
      502228.    0.0556020
      506192.    0.0552533
      510116.    0.0549160
      514142.    0.0546158
      518200.    0.0543159
      522216.    0.0540222
      526338.    0.0537268
      530418.    0.0534370
      534604.    0.0531350
      538748.    0.0528084
      543000.    0.0524772
      547209.    0.0521536
      551528.    0.0518272
      555881.    0.0515021
      560190.    0.0511959
      564611.    0.0509158
      568987.    0.0506410
      573478.    0.0503494
      577923.    0.0500398
      582484.    0.0497258
      586999.    0.0494339
      591632.    0.0491633
      596302.    0.0488930
      600924.    0.0486456
      605667.    0.0484176
      610361.    0.0481930
      615179.    0.0479662
      619947.    0.0477453
      624840.    0.0475198
      629683.    0.0473002
      634653.    0.0470783
      639662.    0.0468559
      644620.    0.0466605
      649708.    0.0464783
      654744.    0.0462980
      659912.    0.0461395
      665027.    0.0459982
      670276.    0.0458521
      675471.    0.0457115
      680802.    0.0455688
      686176.    0.0454239
      691494.    0.0452850
      696952.    0.0451435
      702354.    0.0450023
      707898.    0.0448896
      713385.    0.0447864
      719015.    0.0446784
      724588.    0.0446052
      730307.    0.0445358
      736071.    0.0444626
      741777.    0.0443666
      747631.    0.0442625
      753426.    0.0441573
      759373.    0.0440875
      765259.    0.0440198
      771299.    0.0439470
      777277.    0.0438826
      783412.    0.0438137
      789595.    0.0437412
      795715.    0.0436774
      801996.    0.0436087
      808212.    0.0435380
      814591.    0.0434732
      820905.    0.0434058
      827384.    0.0433346
      833797.    0.0432711
      840378.    0.0432027
      847011.    0.0431271
      853576.    0.0430299
      860313.    0.0429280
      866982.    0.0428268
      873824.    0.0427283
      880597.    0.0426288
      887548.    0.0425268
      894553.    0.0424289
      901487.    0.0423299
      908602.    0.0422192
      915644.    0.0420907
      922871.    0.0419577
      930024.    0.0418167
      937365.    0.0416539
      944630.    0.0414927
      952086.    0.0413295
      959601.    0.0411684
      967039.    0.0410090
      974671.    0.0408338
      982226.    0.0406459
      989978.    0.0404540
      997652.    0.0402343
  1.00553e+06    0.0399767
  1.01332e+06    0.0397247
  1.02132e+06    0.0394805
  1.02938e+06    0.0392747
  1.03736e+06    0.0390727
  1.04554e+06    0.0388257
  1.05365e+06    0.0385543
  1.06196e+06    0.0382796
  1.07020e+06    0.0380137
  1.07864e+06    0.0377491
  1.08700e+06    0.0374908
  1.09558e+06    0.0372081
  1.10423e+06    0.0369167
  1.11279e+06    0.0366328
  1.12157e+06    0.0363048
  1.13027e+06    0.0359699
  1.13919e+06    0.0356324
  1.14802e+06    0.0352884
  1.15708e+06    0.0349369
  1.16605e+06    0.0345955
  1.17525e+06    0.0342474
  1.18452e+06    0.0338989
  1.19371e+06    0.0335606
  1.20313e+06    0.0331899
  1.21245e+06    0.0328075
  1.22202e+06    0.0324231
  1.23149e+06    0.0320581
  1.24121e+06    0.0316960
  1.25084e+06    0.0313448
  1.26071e+06    0.0309318
  1.27066e+06    0.0305212
  1.28051e+06    0.0301235
  1.29061e+06    0.0297232
  1.30062e+06    0.0293356
  1.31088e+06    0.0289454
  1.32104e+06    0.0285456
  1.33147e+06    0.0281445
  1.34179e+06    0.0277544
  1.35238e+06    0.0273428
  1.36305e+06    0.0269374
  1.37362e+06    0.0265394
  1.38446e+06    0.0261050
  1.39519e+06    0.0256851
  1.40620e+06    0.0252645
  1.41710e+06    0.0248582
  1.42829e+06    0.0244512
  1.43936e+06    0.0240536
  1.45072e+06    0.0236414
  1.46217e+06    0.0232359
  1.47350e+06    0.0228408
  1.48513e+06    0.0224367
  1.49664e+06    0.0220464
  1.50846e+06    0.0216543
  1.52015e+06    0.0212500
  1.53215e+06    0.0208454
  1.54402e+06    0.0204550
  1.55621e+06    0.0200647
  1.56849e+06    0.0196810
  1.58065e+06    0.0193067
  1.59313e+06    0.0189071
  1.60547e+06    0.0185214
  1.61815e+06    0.0181349
  1.63069e+06    0.0177614
  1.64356e+06    0.0173878
  1.65630e+06    0.0170291
  1.66937e+06    0.0166720
  1.68255e+06    0.0163211
  1.69559e+06    0.0159707
  1.70897e+06    0.0156114
  1.72222e+06    0.0152648
  1.73581e+06    0.0149210
  1.74926e+06    0.0145912
  1.76307e+06    0.0142613
  1.77674e+06    0.0139390
  1.79076e+06    0.0136146
  1.80489e+06    0.0132962
  1.81888e+06    0.0129926
  1.83324e+06    0.0126904
  1.84745e+06    0.0123989
  1.86203e+06    0.0120951
  1.87646e+06    0.0117886
  1.89127e+06    0.0114823
  1.90593e+06    0.0112010
  1.92098e+06    0.0109230
  1.93614e+06    0.0106502
  1.95114e+06    0.0103847
  1.96654e+06    0.0101190
  1.98179e+06   0.00986283
  1.99743e+06   0.00960499
  2.01291e+06   0.00935628
  2.02880e+06   0.00910775
  2.04452e+06   0.00886701
  2.06066e+06   0.00862643
  2.07692e+06   0.00839045
  2.09302e+06   0.00816852
  2.10954e+06   0.00794679
  2.12589e+06   0.00773308
  2.14267e+06   0.00751906
  2.15928e+06   0.00731282
  2.17632e+06   0.00710811
  2.19319e+06   0.00692254
  2.21050e+06   0.00673713
  2.22795e+06   0.00655522
  2.24522e+06   0.00636569
  2.26294e+06   0.00617399
  2.28048e+06   0.00599178
  2.29848e+06   0.00582031
  2.31629e+06   0.00565511
  2.33458e+06   0.00549010
  2.35267e+06   0.00532517
  2.37124e+06   0.00516012
  2.38995e+06   0.00500286
  2.40848e+06   0.00486208
  2.42749e+06   0.00472147
  2.44630e+06   0.00458567
  2.46561e+06   0.00444124
  2.48472e+06   0.00430213
  2.50433e+06   0.00416519
  2.52375e+06   0.00403635
  2.54367e+06   0.00390771
  2.56374e+06   0.00378477
  2.58361e+06   0.00367040
  2.60400e+06   0.00355618
  2.62419e+06   0.00344675
  2.64490e+06   0.00333809
  2.66540e+06   0.00323345
  2.68644e+06   0.00312970
  2.70726e+06   0.00303043
  2.72863e+06   0.00293132
  2.75016e+06   0.00283505
  2.77148e+06   0.00274298
  2.79336e+06   0.00265108
  2.81501e+06   0.00256594
  2.83723e+06   0.00248299
  2.85922e+06   0.00240311
  2.88178e+06   0.00232421
  2.90412e+06   0.00224864
  2.92704e+06   0.00217320
  2.95014e+06   0.00210023
  2.97301e+06   0.00203035
  2.99648e+06   0.00196059
  3.01970e+06   0.00189558
  3.04354e+06   0.00183133
  3.06713e+06   0.00176948
  3.09133e+06   0.00170878
  3.11530e+06   0.00165059
  3.13988e+06   0.00159250
  3.16467e+06   0.00153772
  3.18920e+06   0.00148531
  3.21437e+06   0.00143300
  3.23928e+06   0.00138464
  3.26485e+06   0.00133657
  3.29015e+06   0.00129030
  3.31612e+06   0.00124514
  3.34183e+06   0.00120172
  3.36820e+06   0.00115839
  3.39479e+06   0.00111786
  3.42110e+06   0.00107885
  3.44810e+06   0.00104001
  3.47483e+06   0.00100424
  3.50225e+06  0.000968536
  3.52940e+06  0.000934250
  3.55726e+06  0.000900843
  3.58483e+06  0.000868684
  3.61312e+06  0.000836811
  3.64164e+06  0.000806863
  3.66987e+06  0.000778033
  3.69883e+06  0.000749424
  3.72750e+06  0.000722519
  3.75692e+06  0.000695671
  3.78604e+06  0.000670131
  3.81592e+06  0.000645626
  3.84550e+06  0.000622037
  3.87585e+06  0.000598832
  3.90644e+06  0.000576914
  3.93672e+06  0.000555817
  3.96779e+06  0.000534985
  3.99855e+06  0.000515348
  4.03011e+06  0.000495754
  4.06135e+06  0.000477266
  4.09340e+06  0.000459422
  4.12513e+06  0.000442247
  4.15769e+06  0.000425622
  4.19050e+06  0.000410006
  4.22298e+06  0.000394976
  4.25631e+06  0.000380065
  4.28930e+06  0.000365806
  4.32316e+06  0.000351578
  4.35667e+06  0.000338271
  4.39105e+06  0.000325343
  4.42571e+06  0.000312676
  4.46002e+06  0.000300865
  4.49522e+06  0.000289355
  4.53006e+06  0.000278278
  4.56581e+06  0.000267594
  4.60120e+06  0.000257529
  4.63752e+06  0.000247485
  4.67347e+06  0.000238051
  4.71035e+06  0.000228753
  4.74753e+06  0.000219644
  4.78433e+06  0.000211342
  4.82209e+06  0.000203236
  4.85946e+06  0.000195435
  4.89782e+06  0.000187864
  4.93578e+06  0.000180641
  4.97474e+06  0.000173435
  5.01330e+06  0.000166843
  5.05287e+06  0.000160418
  5.09275e+06  0.000154269
  5.13222e+06  0.000148351
  5.17273e+06  0.000142446
  5.21282e+06  0.000136929
  5.25397e+06  0.000131590
  5.29469e+06  0.000126451
  5.33648e+06  0.000121325
  5.37784e+06  0.000116588
  5.42029e+06  0.000111964
  5.46307e+06  0.000107433
  5.50541e+06  0.000103074
  5.54887e+06  9.90135e-05
  5.59188e+06  9.51655e-05
  5.63601e+06  9.13265e-05
  5.67970e+06  8.76323e-05
  5.72452e+06  8.41208e-05
  5.76890e+06  8.08179e-05
  5.81443e+06  7.75229e-05
  5.86032e+06  7.42953e-05
  5.90574e+06  7.13610e-05
  5.95236e+06  6.85679e-05
  5.99849e+06  6.58800e-05
  6.04584e+06  6.31984e-05
  6.09270e+06  6.06386e-05
  6.14079e+06  5.82289e-05
  6.18838e+06  5.59099e-05
  6.23723e+06  5.35966e-05
  6.28646e+06  5.13307e-05
  6.33518e+06  4.93116e-05
  6.38518e+06  4.73646e-05
  6.43468e+06  4.54910e-05
  6.48546e+06  4.36218e-05
  6.53573e+06  4.18232e-05
  6.58732e+06  4.01387e-05
  6.63838e+06  3.85208e-05
  6.69077e+06  3.69068e-05
  6.74358e+06  3.53259e-05
  6.79585e+06  3.38453e-05
  6.84948e+06  3.24870e-05
  6.90258e+06  3.11800e-05
  6.95706e+06  2.98762e-05
  7.01098e+06  2.86217e-05
  7.06632e+06  2.74047e-05
  7.12109e+06  2.63422e-05
  7.17729e+06  2.52821e-05
  7.23394e+06  2.42437e-05
  7.29001e+06  2.32445e-05
  7.34755e+06  2.22478e-05
  7.40450e+06  2.13877e-05
  7.46294e+06  2.05375e-05
  7.52079e+06  1.97193e-05
  7.58015e+06  1.89031e-05
  7.63890e+06  1.81177e-05
  7.69919e+06  1.73555e-05
  7.75996e+06  1.66553e-05
  7.82011e+06  1.59815e-05
  7.88183e+06  1.53094e-05
  7.94292e+06  1.46627e-05
  8.00561e+06  1.40177e-05
  8.06767e+06  1.34475e-05
  8.13134e+06  1.29001e-05
  8.19437e+06  1.23733e-05
  8.25904e+06  1.18479e-05
  8.32423e+06  1.13333e-05
  8.38875e+06  1.08382e-05
  8.45496e+06  1.03927e-05
  8.52050e+06  9.97586e-06
  8.58774e+06  9.56010e-06
  8.65431e+06  9.16005e-06
  8.72262e+06  8.76104e-06
  8.79022e+06  8.37716e-06
  8.85960e+06  8.03040e-06
  8.92953e+06  7.71522e-06
  8.99874e+06  7.41190e-06
  9.06977e+06  7.10930e-06
  9.14007e+06  6.81812e-06
  9.21221e+06  6.52768e-06
  9.28361e+06  6.24823e-06
  9.35688e+06  5.99265e-06
  9.42941e+06  5.75223e-06
  9.50383e+06  5.51240e-06
  9.57884e+06  5.27748e-06
  9.65309e+06  5.05146e-06
  9.72928e+06  4.82604e-06
  9.80469e+06  4.60963e-06
  9.88208e+06  4.42681e-06
  9.95867e+06  4.25087e-06
  1.00373e+07  4.07536e-06
  1.01151e+07  3.90648e-06
  1.01949e+07  3.73804e-06
  1.02754e+07  3.57306e-06
  1.03550e+07  3.41434e-06
  1.04367e+07  3.26185e-06
  1.05176e+07  3.12285e-06
  1.06007e+07  2.99059e-06
  1.06828e+07  2.86556e-06
  1.07671e+07  2.73891e-06
  1.08506e+07  2.62477e-06
  1.09362e+07  2.51379e-06
  1.10226e+07  2.41001e-06
  1.11080e+07  2.31260e-06
  1.11957e+07  2.21463e-06
  1.12824e+07  2.12237e-06
  1.13715e+07  2.03670e-06
  1.14596e+07  1.95589e-06
  1.15501e+07  1.86653e-06
  1.16396e+07  1.78625e-06
  1.17315e+07  1.71258e-06
  1.18241e+07  1.64458e-06
  1.19157e+07  1.57873e-06
  1.20098e+07  1.50638e-06
  1.21028e+07  1.44521e-06
  1.21984e+07  1.38156e-06
  1.22929e+07  1.32809e-06
  1.23899e+07  1.26626e-06
  1.24860e+07  1.21813e-06
  1.25845e+07  1.16326e-06
  1.26839e+07  1.11838e-06
  1.27822e+07  1.06876e-06
  1.28831e+07  1.02960e-06
  1.29829e+07  9.84005e-07
  1.30854e+07  9.41732e-07
  1.31868e+07  9.06054e-07
  1.32909e+07  8.66900e-07
  1.33939e+07  8.29819e-07
  1.34996e+07  7.94824e-07
  1.36062e+07  7.63942e-07
  1.37116e+07  7.32755e-07
  1.38199e+07  7.00844e-07
  1.39270e+07  6.70845e-07
  1.40369e+07  6.42529e-07
  1.41457e+07  6.15548e-07
  1.42573e+07  5.89902e-07
