# z  dl_mpc  dl_cm
0.005  2.232456e+01  6.889360e+25
0.010  4.481803e+01  1.383085e+26
0.015  6.747947e+01  2.082416e+26
0.020  9.030794e+01  2.786903e+26
0.025  1.133025e+02  3.496515e+26
0.030  1.364622e+02  4.211224e+26
0.035  1.597861e+02  4.931000e+26
0.040  1.832734e+02  5.655816e+26
0.045  2.069229e+02  6.385642e+26
0.050  2.307340e+02  7.120450e+26
0.055  2.547055e+02  7.860211e+26
0.060  2.788366e+02  8.604897e+26
0.065  3.031263e+02  9.354479e+26
0.070  3.275738e+02  1.010893e+27
0.075  3.521781e+02  1.086822e+27
0.080  3.769383e+02  1.163232e+27
0.085  4.018535e+02  1.240120e+27
0.090  4.269228e+02  1.317484e+27
0.095  4.521452e+02  1.395320e+27
0.100  4.775199e+02  1.473627e+27
0.105  5.030460e+02  1.552400e+27
0.110  5.287225e+02  1.631638e+27
0.115  5.545486e+02  1.711337e+27
0.120  5.805234e+02  1.791495e+27
0.125  6.066459e+02  1.872109e+27
0.130  6.329153e+02  1.953177e+27
0.135  6.593307e+02  2.034694e+27
0.140  6.858912e+02  2.116660e+27
0.145  7.125960e+02  2.199071e+27
0.150  7.394441e+02  2.281924e+27
0.155  7.664347e+02  2.365217e+27
0.160  7.935669e+02  2.448948e+27
0.165  8.208399e+02  2.533112e+27
0.170  8.482528e+02  2.617708e+27
0.175  8.758047e+02  2.702733e+27
0.180  9.034948e+02  2.788185e+27
0.185  9.313222e+02  2.874060e+27
0.190  9.592861e+02  2.960357e+27
0.195  9.873856e+02  3.047072e+27
0.200  1.015620e+03  3.134203e+27
0.205  1.043988e+03  3.221748e+27
0.210  1.072490e+03  3.309703e+27
0.215  1.101123e+03  3.398066e+27
0.220  1.129888e+03  3.486836e+27
0.225  1.158784e+03  3.576008e+27
0.230  1.187810e+03  3.665581e+27
0.235  1.216965e+03  3.755552e+27
0.240  1.246247e+03  3.845919e+27
0.245  1.275658e+03  3.936679e+27
0.250  1.305194e+03  4.027830e+27
0.255  1.334857e+03  4.119369e+27
0.260  1.364645e+03  4.211294e+27
0.265  1.394557e+03  4.303602e+27
0.270  1.424592e+03  4.396291e+27
0.275  1.454750e+03  4.489359e+27
0.280  1.485030e+03  4.582802e+27
0.285  1.515431e+03  4.676620e+27
0.290  1.545952e+03  4.770808e+27
0.295  1.576593e+03  4.865366e+27
0.300  1.607353e+03  4.960291e+27
0.305  1.638231e+03  5.055579e+27
0.310  1.669226e+03  5.151230e+27
0.315  1.700337e+03  5.247241e+27
0.320  1.731565e+03  5.343609e+27
0.325  1.762907e+03  5.440332e+27
0.330  1.794364e+03  5.537408e+27
0.335  1.825935e+03  5.634835e+27
0.340  1.857618e+03  5.732610e+27
0.345  1.889414e+03  5.830731e+27
0.350  1.921321e+03  5.929197e+27
0.355  1.953339e+03  6.028004e+27
0.360  1.985467e+03  6.127150e+27
0.365  2.017704e+03  6.226635e+27
0.370  2.050050e+03  6.326454e+27
0.375  2.082504e+03  6.426607e+27
0.380  2.115065e+03  6.527091e+27
0.385  2.147733e+03  6.627904e+27
0.390  2.180506e+03  6.729043e+27
0.395  2.213385e+03  6.830507e+27
0.400  2.246369e+03  6.932294e+27
0.405  2.279456e+03  7.034401e+27
0.410  2.312647e+03  7.136827e+27
0.415  2.345940e+03  7.239570e+27
0.420  2.379335e+03  7.342627e+27
0.425  2.412831e+03  7.445996e+27
0.430  2.446428e+03  7.549676e+27
0.435  2.480125e+03  7.653665e+27
0.440  2.513921e+03  7.757960e+27
0.445  2.547816e+03  7.862560e+27
0.450  2.581809e+03  7.967462e+27
0.455  2.615899e+03  8.072665e+27
0.460  2.650087e+03  8.178167e+27
0.465  2.684370e+03  8.283966e+27
0.470  2.718749e+03  8.390060e+27
0.475  2.753223e+03  8.496447e+27
0.480  2.787792e+03  8.603126e+27
0.485  2.822454e+03  8.710094e+27
0.490  2.857210e+03  8.817350e+27
0.495  2.892058e+03  8.924891e+27
0.500  2.926998e+03  9.032717e+27
0.505  2.962030e+03  9.140825e+27
0.510  2.997153e+03  9.249213e+27
0.515  3.032366e+03  9.357880e+27
0.520  3.067668e+03  9.466824e+27
0.525  3.103060e+03  9.576043e+27
0.530  3.138540e+03  9.685536e+27
0.535  3.174109e+03  9.795300e+27
0.540  3.209765e+03  9.905334e+27
0.545  3.245508e+03  1.001564e+28
0.550  3.281337e+03  1.012621e+28
0.555  3.317252e+03  1.023704e+28
0.560  3.353253e+03  1.034814e+28
0.565  3.389338e+03  1.045950e+28
0.570  3.425508e+03  1.057112e+28
0.575  3.461761e+03  1.068300e+28
0.580  3.498098e+03  1.079513e+28
0.585  3.534517e+03  1.090752e+28
0.590  3.571019e+03  1.102016e+28
0.595  3.607602e+03  1.113306e+28
0.600  3.644267e+03  1.124621e+28
0.605  3.681012e+03  1.135960e+28
0.610  3.717837e+03  1.147325e+28
0.615  3.754742e+03  1.158713e+28
0.620  3.791727e+03  1.170127e+28
0.625  3.828790e+03  1.181564e+28
0.630  3.865931e+03  1.193026e+28
0.635  3.903150e+03  1.204512e+28
0.640  3.940446e+03  1.216022e+28
0.645  3.977819e+03  1.227555e+28
0.650  4.015269e+03  1.239112e+28
0.655  4.052794e+03  1.250692e+28
0.660  4.090395e+03  1.262296e+28
0.665  4.128070e+03  1.273923e+28
0.670  4.165821e+03  1.285572e+28
0.675  4.203645e+03  1.297245e+28
0.680  4.241543e+03  1.308940e+28
0.685  4.279514e+03  1.320658e+28
0.690  4.317558e+03  1.332398e+28
0.695  4.355674e+03  1.344161e+28
0.700  4.393862e+03  1.355946e+28
0.705  4.432121e+03  1.367753e+28
0.710  4.470451e+03  1.379581e+28
0.715  4.508852e+03  1.391432e+28
0.720  4.547323e+03  1.403304e+28
0.725  4.585864e+03  1.415198e+28
0.730  4.624475e+03  1.427113e+28
0.735  4.663154e+03  1.439049e+28
0.740  4.701901e+03  1.451007e+28
0.745  4.740717e+03  1.462985e+28
0.750  4.779578e+03  1.474978e+28
0.755  4.818527e+03  1.486998e+28
0.760  4.857544e+03  1.499038e+28
0.765  4.896627e+03  1.511099e+28
0.770  4.935777e+03  1.523181e+28
0.775  4.975020e+03  1.535291e+28
0.780  5.014301e+03  1.547413e+28
0.785  5.053648e+03  1.559556e+28
0.790  5.093059e+03  1.571718e+28
0.795  5.132534e+03  1.583900e+28
0.800  5.172073e+03  1.596102e+28
0.805  5.211676e+03  1.608323e+28
0.810  5.251342e+03  1.620564e+28
0.815  5.291071e+03  1.632824e+28
0.820  5.330862e+03  1.645104e+28
0.825  5.370715e+03  1.657403e+28
0.830  5.410630e+03  1.669720e+28
0.835  5.450606e+03  1.682057e+28
0.840  5.490643e+03  1.694412e+28
0.845  5.530741e+03  1.706787e+28
0.850  5.570899e+03  1.719180e+28
0.855  5.611118e+03  1.731591e+28
0.860  5.651395e+03  1.744021e+28
0.865  5.691733e+03  1.756469e+28
0.870  5.732129e+03  1.768935e+28
0.875  5.772584e+03  1.781419e+28
0.880  5.813097e+03  1.793922e+28
0.885  5.853668e+03  1.806442e+28
0.890  5.894297e+03  1.818980e+28
0.895  5.934983e+03  1.831536e+28
0.900  5.975726e+03  1.844109e+28
0.905  6.016526e+03  1.856700e+28
0.910  6.057382e+03  1.869308e+28
0.915  6.098295e+03  1.881934e+28
0.920  6.139263e+03  1.894577e+28
0.925  6.180287e+03  1.907237e+28
0.930  6.221366e+03  1.919914e+28
0.935  6.262500e+03  1.932607e+28
0.940  6.303688e+03  1.945318e+28
0.945  6.344931e+03  1.958046e+28
0.950  6.386228e+03  1.970790e+28
0.955  6.427579e+03  1.983551e+28
0.960  6.468983e+03  1.996328e+28
0.965  6.510440e+03  2.009122e+28
0.970  6.551950e+03  2.021932e+28
0.975  6.593512e+03  2.034758e+28
0.980  6.635127e+03  2.047600e+28
0.985  6.676794e+03  2.060459e+28
0.990  6.718513e+03  2.073333e+28
0.995  6.760283e+03  2.086223e+28
1.000  6.802104e+03  2.099129e+28
1.005  6.843977e+03  2.112051e+28
1.010  6.885900e+03  2.124989e+28
1.015  6.927873e+03  2.137942e+28
1.020  6.969897e+03  2.150910e+28
1.025  7.011970e+03  2.163894e+28
1.030  7.054093e+03  2.176893e+28
1.035  7.096265e+03  2.189907e+28
1.040  7.138487e+03  2.202937e+28
1.045  7.180757e+03  2.215982e+28
1.050  7.223076e+03  2.229041e+28
1.055  7.265444e+03  2.242116e+28
1.060  7.307859e+03  2.255205e+28
1.065  7.350322e+03  2.268310e+28
1.070  7.392833e+03  2.281428e+28
1.075  7.435392e+03  2.294562e+28
1.080  7.477997e+03  2.307710e+28
1.085  7.520650e+03  2.320873e+28
1.090  7.563349e+03  2.334049e+28
1.095  7.606094e+03  2.347241e+28
1.100  7.648886e+03  2.360446e+28
1.105  7.691724e+03  2.373666e+28
1.110  7.734607e+03  2.386900e+28
1.115  7.777536e+03  2.400148e+28
1.120  7.820511e+03  2.413410e+28
1.125  7.863530e+03  2.426685e+28
1.130  7.906594e+03  2.439975e+28
1.135  7.949703e+03  2.453278e+28
1.140  7.992856e+03  2.466595e+28
1.145  8.036054e+03  2.479926e+28
1.150  8.079295e+03  2.493270e+28
1.155  8.122580e+03  2.506628e+28
1.160  8.165909e+03  2.520000e+28
1.165  8.209281e+03  2.533384e+28
1.170  8.252696e+03  2.546782e+28
1.175  8.296155e+03  2.560193e+28
1.180  8.339655e+03  2.573618e+28
1.185  8.383199e+03  2.587055e+28
1.190  8.426784e+03  2.600506e+28
1.195  8.470412e+03  2.613969e+28
1.200  8.514082e+03  2.627446e+28
1.205  8.557793e+03  2.640935e+28
1.210  8.601546e+03  2.654437e+28
1.215  8.645340e+03  2.667952e+28
1.220  8.689176e+03  2.681480e+28
1.225  8.733052e+03  2.695020e+28
1.230  8.776969e+03  2.708573e+28
1.235  8.820927e+03  2.722138e+28
1.240  8.864925e+03  2.735716e+28
1.245  8.908963e+03  2.749306e+28
1.250  8.953041e+03  2.762908e+28
1.255  8.997159e+03  2.776523e+28
1.260  9.041316e+03  2.790150e+28
1.265  9.085513e+03  2.803789e+28
1.270  9.129750e+03  2.817441e+28
1.275  9.174025e+03  2.831104e+28
1.280  9.218339e+03  2.844779e+28
1.285  9.262692e+03  2.858467e+28
1.290  9.307083e+03  2.872166e+28
1.295  9.351513e+03  2.885877e+28
1.300  9.395981e+03  2.899600e+28
1.305  9.440487e+03  2.913334e+28
1.310  9.485031e+03  2.927081e+28
1.315  9.529613e+03  2.940839e+28
1.320  9.574232e+03  2.954608e+28
1.325  9.618889e+03  2.968389e+28
1.330  9.663583e+03  2.982182e+28
1.335  9.708313e+03  2.995986e+28
1.340  9.753081e+03  3.009801e+28
1.345  9.797885e+03  3.023627e+28
1.350  9.842726e+03  3.037465e+28
1.355  9.887603e+03  3.051314e+28
1.360  9.932517e+03  3.065175e+28
1.365  9.977466e+03  3.079046e+28
1.370  1.002245e+04  3.092929e+28
1.375  1.006747e+04  3.106822e+28
1.380  1.011253e+04  3.120727e+28
1.385  1.015762e+04  3.134642e+28
1.390  1.020275e+04  3.148568e+28
1.395  1.024791e+04  3.162506e+28
1.400  1.029311e+04  3.176454e+28
1.405  1.033834e+04  3.190412e+28
1.410  1.038361e+04  3.204382e+28
1.415  1.042891e+04  3.218362e+28
1.420  1.047425e+04  3.232352e+28
1.425  1.051962e+04  3.246354e+28
1.430  1.056502e+04  3.260366e+28
1.435  1.061046e+04  3.274388e+28
1.440  1.065593e+04  3.288421e+28
1.445  1.070144e+04  3.302464e+28
1.450  1.074698e+04  3.316517e+28
1.455  1.079255e+04  3.330581e+28
1.460  1.083816e+04  3.344655e+28
1.465  1.088380e+04  3.358739e+28
1.470  1.092947e+04  3.372834e+28
1.475  1.097517e+04  3.386938e+28
1.480  1.102091e+04  3.401053e+28
1.485  1.106668e+04  3.415178e+28
1.490  1.111248e+04  3.429312e+28
1.495  1.115832e+04  3.443457e+28
1.500  1.120419e+04  3.457612e+28
1.505  1.125009e+04  3.471776e+28
1.510  1.129602e+04  3.485951e+28
1.515  1.134198e+04  3.500135e+28
1.520  1.138797e+04  3.514329e+28
1.525  1.143400e+04  3.528533e+28
1.530  1.148006e+04  3.542746e+28
1.535  1.152615e+04  3.556969e+28
1.540  1.157227e+04  3.571202e+28
1.545  1.161842e+04  3.585444e+28
1.550  1.166460e+04  3.599696e+28
1.555  1.171081e+04  3.613957e+28
1.560  1.175706e+04  3.628228e+28
1.565  1.180333e+04  3.642508e+28
1.570  1.184964e+04  3.656798e+28
1.575  1.189597e+04  3.671097e+28
1.580  1.194234e+04  3.685405e+28
1.585  1.198873e+04  3.699723e+28
1.590  1.203516e+04  3.714050e+28
1.595  1.208161e+04  3.728386e+28
1.600  1.212810e+04  3.742731e+28
1.605  1.217461e+04  3.757085e+28
1.610  1.222116e+04  3.771449e+28
1.615  1.226773e+04  3.785821e+28
1.620  1.231433e+04  3.800203e+28
1.625  1.236096e+04  3.814594e+28
1.630  1.240763e+04  3.828993e+28
1.635  1.245432e+04  3.843402e+28
1.640  1.250103e+04  3.857819e+28
1.645  1.254778e+04  3.872245e+28
1.650  1.259456e+04  3.886680e+28
1.655  1.264136e+04  3.901124e+28
1.660  1.268820e+04  3.915577e+28
1.665  1.273506e+04  3.930038e+28
1.670  1.278195e+04  3.944509e+28
1.675  1.282886e+04  3.958987e+28
1.680  1.287581e+04  3.973475e+28
1.685  1.292278e+04  3.987971e+28
1.690  1.296978e+04  4.002475e+28
1.695  1.301681e+04  4.016989e+28
1.700  1.306387e+04  4.031510e+28
1.705  1.311095e+04  4.046040e+28
1.710  1.315807e+04  4.060579e+28
1.715  1.320520e+04  4.075126e+28
1.720  1.325237e+04  4.089682e+28
1.725  1.329956e+04  4.104245e+28
1.730  1.334678e+04  4.118817e+28
1.735  1.339403e+04  4.133398e+28
1.740  1.344130e+04  4.147986e+28
1.745  1.348860e+04  4.162583e+28
1.750  1.353593e+04  4.177189e+28
1.755  1.358329e+04  4.191802e+28
1.760  1.363067e+04  4.206423e+28
1.765  1.367807e+04  4.221053e+28
1.770  1.372550e+04  4.235691e+28
1.775  1.377296e+04  4.250336e+28
1.780  1.382045e+04  4.264990e+28
1.785  1.386796e+04  4.279652e+28
1.790  1.391549e+04  4.294322e+28
1.795  1.396306e+04  4.308999e+28
1.800  1.401065e+04  4.323685e+28
1.805  1.405826e+04  4.338379e+28
1.810  1.410590e+04  4.353080e+28
1.815  1.415356e+04  4.367789e+28
1.820  1.420125e+04  4.382507e+28
1.825  1.424897e+04  4.397231e+28
1.830  1.429671e+04  4.411964e+28
1.835  1.434447e+04  4.426704e+28
1.840  1.439226e+04  4.441453e+28
1.845  1.444008e+04  4.456208e+28
1.850  1.448792e+04  4.470972e+28
1.855  1.453578e+04  4.485743e+28
1.860  1.458367e+04  4.500522e+28
1.865  1.463159e+04  4.515308e+28
1.870  1.467953e+04  4.530102e+28
1.875  1.472749e+04  4.544903e+28
1.880  1.477548e+04  4.559712e+28
1.885  1.482349e+04  4.574528e+28
1.890  1.487152e+04  4.589352e+28
1.895  1.491958e+04  4.604183e+28
1.900  1.496767e+04  4.619022e+28
1.905  1.501577e+04  4.633868e+28
1.910  1.506391e+04  4.648721e+28
1.915  1.511206e+04  4.663582e+28
1.920  1.516024e+04  4.678450e+28
1.925  1.520844e+04  4.693325e+28
1.930  1.525667e+04  4.708208e+28
1.935  1.530492e+04  4.723097e+28
1.940  1.535319e+04  4.737994e+28
1.945  1.540149e+04  4.752899e+28
1.950  1.544981e+04  4.767810e+28
1.955  1.549815e+04  4.782728e+28
1.960  1.554651e+04  4.797654e+28
1.965  1.559490e+04  4.812587e+28
1.970  1.564331e+04  4.827526e+28
1.975  1.569175e+04  4.842473e+28
1.980  1.574020e+04  4.857427e+28
1.985  1.578868e+04  4.872388e+28
1.990  1.583719e+04  4.887356e+28
1.995  1.588571e+04  4.902331e+28
2.000  1.593426e+04  4.917312e+28
2.005  1.598283e+04  4.932301e+28
2.010  1.603142e+04  4.947297e+28
2.015  1.608004e+04  4.962299e+28
2.020  1.612867e+04  4.977308e+28
2.025  1.617733e+04  4.992324e+28
2.030  1.622601e+04  5.007347e+28
2.035  1.627472e+04  5.022377e+28
2.040  1.632344e+04  5.037414e+28
2.045  1.637219e+04  5.052457e+28
2.050  1.642096e+04  5.067507e+28
2.055  1.646975e+04  5.082563e+28
2.060  1.651856e+04  5.097627e+28
2.065  1.656739e+04  5.112697e+28
2.070  1.661625e+04  5.127773e+28
2.075  1.666512e+04  5.142857e+28
2.080  1.671402e+04  5.157947e+28
2.085  1.676294e+04  5.173043e+28
2.090  1.681188e+04  5.188146e+28
2.095  1.686084e+04  5.203256e+28
2.100  1.690982e+04  5.218372e+28
2.105  1.695883e+04  5.233494e+28
2.110  1.700785e+04  5.248623e+28
2.115  1.705690e+04  5.263759e+28
2.120  1.710597e+04  5.278901e+28
2.125  1.715505e+04  5.294049e+28
2.130  1.720416e+04  5.309204e+28
2.135  1.725329e+04  5.324366e+28
2.140  1.730244e+04  5.339533e+28
2.145  1.735161e+04  5.354707e+28
2.150  1.740080e+04  5.369887e+28
2.155  1.745001e+04  5.385074e+28
2.160  1.749924e+04  5.400267e+28
2.165  1.754850e+04  5.415466e+28
2.170  1.759777e+04  5.430671e+28
2.175  1.764706e+04  5.445883e+28
2.180  1.769637e+04  5.461101e+28
2.185  1.774571e+04  5.476325e+28
2.190  1.779506e+04  5.491555e+28
2.195  1.784443e+04  5.506792e+28
2.200  1.789382e+04  5.522034e+28
2.205  1.794324e+04  5.537283e+28
2.210  1.799267e+04  5.552538e+28
2.215  1.804212e+04  5.567799e+28
2.220  1.809159e+04  5.583065e+28
2.225  1.814108e+04  5.598338e+28
2.230  1.819059e+04  5.613618e+28
2.235  1.824013e+04  5.628903e+28
2.240  1.828968e+04  5.644194e+28
2.245  1.833924e+04  5.659491e+28
2.250  1.838883e+04  5.674794e+28
2.255  1.843844e+04  5.690103e+28
2.260  1.848807e+04  5.705418e+28
2.265  1.853771e+04  5.720739e+28
2.270  1.858738e+04  5.736066e+28
2.275  1.863707e+04  5.751398e+28
2.280  1.868677e+04  5.766737e+28
2.285  1.873649e+04  5.782081e+28
2.290  1.878623e+04  5.797431e+28
2.295  1.883599e+04  5.812788e+28
2.300  1.888577e+04  5.828149e+28
2.305  1.893557e+04  5.843517e+28
2.310  1.898539e+04  5.858891e+28
2.315  1.903522e+04  5.874270e+28
2.320  1.908508e+04  5.889655e+28
2.325  1.913495e+04  5.905045e+28
2.330  1.918484e+04  5.920442e+28
2.335  1.923475e+04  5.935844e+28
2.340  1.928468e+04  5.951252e+28
2.345  1.933462e+04  5.966665e+28
2.350  1.938459e+04  5.982084e+28
2.355  1.943457e+04  5.997509e+28
2.360  1.948457e+04  6.012939e+28
2.365  1.953459e+04  6.028375e+28
2.370  1.958463e+04  6.043817e+28
2.375  1.963469e+04  6.059264e+28
2.380  1.968476e+04  6.074717e+28
2.385  1.973485e+04  6.090175e+28
2.390  1.978496e+04  6.105639e+28
2.395  1.983509e+04  6.121108e+28
2.400  1.988523e+04  6.136583e+28
2.405  1.993540e+04  6.152063e+28
2.410  1.998558e+04  6.167549e+28
2.415  2.003577e+04  6.183040e+28
2.420  2.008599e+04  6.198537e+28
2.425  2.013622e+04  6.214039e+28
2.430  2.018648e+04  6.229546e+28
2.435  2.023674e+04  6.245059e+28
2.440  2.028703e+04  6.260577e+28
2.445  2.033733e+04  6.276101e+28
2.450  2.038765e+04  6.291630e+28
2.455  2.043799e+04  6.307164e+28
2.460  2.048835e+04  6.322704e+28
2.465  2.053872e+04  6.338249e+28
2.470  2.058911e+04  6.353799e+28
2.475  2.063952e+04  6.369355e+28
2.480  2.068994e+04  6.384916e+28
2.485  2.074038e+04  6.400482e+28
2.490  2.079084e+04  6.416053e+28
2.495  2.084131e+04  6.431630e+28
2.500  2.089181e+04  6.447212e+28
2.505  2.094232e+04  6.462799e+28
2.510  2.099284e+04  6.478391e+28
2.515  2.104338e+04  6.493988e+28
2.520  2.109394e+04  6.509591e+28
2.525  2.114452e+04  6.525199e+28
2.530  2.119511e+04  6.540811e+28
2.535  2.124572e+04  6.556429e+28
2.540  2.129635e+04  6.572052e+28
2.545  2.134699e+04  6.587681e+28
2.550  2.139765e+04  6.603314e+28
2.555  2.144832e+04  6.618952e+28
2.560  2.149901e+04  6.634596e+28
2.565  2.154972e+04  6.650244e+28
2.570  2.160045e+04  6.665898e+28
2.575  2.165119e+04  6.681556e+28
2.580  2.170194e+04  6.697220e+28
2.585  2.175272e+04  6.712889e+28
2.590  2.180351e+04  6.728562e+28
2.595  2.185431e+04  6.744241e+28
2.600  2.190513e+04  6.759924e+28
2.605  2.195597e+04  6.775613e+28
2.610  2.200682e+04  6.791306e+28
2.615  2.205769e+04  6.807004e+28
2.620  2.210858e+04  6.822708e+28
2.625  2.215948e+04  6.838416e+28
2.630  2.221040e+04  6.854129e+28
2.635  2.226133e+04  6.869847e+28
2.640  2.231228e+04  6.885569e+28
2.645  2.236324e+04  6.901297e+28
2.650  2.241422e+04  6.917030e+28
2.655  2.246522e+04  6.932767e+28
2.660  2.251623e+04  6.948509e+28
2.665  2.256726e+04  6.964256e+28
2.670  2.261830e+04  6.980008e+28
2.675  2.266936e+04  6.995764e+28
2.680  2.272043e+04  7.011526e+28
2.685  2.277152e+04  7.027292e+28
2.690  2.282263e+04  7.043063e+28
2.695  2.287375e+04  7.058838e+28
2.700  2.292488e+04  7.074618e+28
2.705  2.297603e+04  7.090403e+28
2.710  2.302720e+04  7.106193e+28
2.715  2.307838e+04  7.121988e+28
2.720  2.312957e+04  7.137787e+28
2.725  2.318079e+04  7.153591e+28
2.730  2.323201e+04  7.169399e+28
2.735  2.328325e+04  7.185212e+28
2.740  2.333451e+04  7.201030e+28
2.745  2.338578e+04  7.216852e+28
2.750  2.343707e+04  7.232679e+28
2.755  2.348837e+04  7.248511e+28
2.760  2.353969e+04  7.264347e+28
2.765  2.359102e+04  7.280188e+28
2.770  2.364236e+04  7.296033e+28
2.775  2.369372e+04  7.311883e+28
2.780  2.374510e+04  7.327738e+28
2.785  2.379649e+04  7.343597e+28
2.790  2.384789e+04  7.359460e+28
2.795  2.389931e+04  7.375328e+28
2.800  2.395075e+04  7.391201e+28
2.805  2.400220e+04  7.407078e+28
2.810  2.405366e+04  7.422960e+28
2.815  2.410514e+04  7.438846e+28
2.820  2.415663e+04  7.454736e+28
2.825  2.420814e+04  7.470631e+28
2.830  2.425966e+04  7.486531e+28
2.835  2.431119e+04  7.502435e+28
2.840  2.436274e+04  7.518343e+28
2.845  2.441431e+04  7.534256e+28
2.850  2.446589e+04  7.550173e+28
2.855  2.451748e+04  7.566095e+28
2.860  2.456909e+04  7.582021e+28
2.865  2.462071e+04  7.597951e+28
2.870  2.467235e+04  7.613886e+28
2.875  2.472399e+04  7.629825e+28
2.880  2.477566e+04  7.645768e+28
2.885  2.482734e+04  7.661716e+28
2.890  2.487903e+04  7.677668e+28
2.895  2.493073e+04  7.693625e+28
2.900  2.498245e+04  7.709585e+28
2.905  2.503419e+04  7.725551e+28
2.910  2.508594e+04  7.741520e+28
2.915  2.513770e+04  7.757494e+28
2.920  2.518947e+04  7.773471e+28
2.925  2.524126e+04  7.789454e+28
2.930  2.529307e+04  7.805440e+28
2.935  2.534488e+04  7.821431e+28
2.940  2.539671e+04  7.837426e+28
2.945  2.544856e+04  7.853425e+28
2.950  2.550042e+04  7.869428e+28
2.955  2.555229e+04  7.885436e+28
2.960  2.560417e+04  7.901448e+28
2.965  2.565607e+04  7.917464e+28
2.970  2.570798e+04  7.933484e+28
2.975  2.575991e+04  7.949508e+28
2.980  2.581185e+04  7.965537e+28
2.985  2.586380e+04  7.981570e+28
2.990  2.591577e+04  7.997607e+28
2.995  2.596775e+04  8.013648e+28
3.000  2.601974e+04  8.029693e+28
3.005  2.607175e+04  8.045742e+28
3.010  2.612377e+04  8.061795e+28
3.015  2.617580e+04  8.077853e+28
3.020  2.622785e+04  8.093914e+28
3.025  2.627991e+04  8.109980e+28
3.030  2.633198e+04  8.126050e+28
3.035  2.638407e+04  8.142123e+28
3.040  2.643617e+04  8.158201e+28
3.045  2.648828e+04  8.174283e+28
3.050  2.654041e+04  8.190369e+28
3.055  2.659254e+04  8.206459e+28
3.060  2.664470e+04  8.222553e+28
3.065  2.669686e+04  8.238651e+28
3.070  2.674904e+04  8.254753e+28
3.075  2.680123e+04  8.270859e+28
3.080  2.685343e+04  8.286969e+28
3.085  2.690565e+04  8.303083e+28
3.090  2.695788e+04  8.319201e+28
3.095  2.701012e+04  8.335323e+28
3.100  2.706238e+04  8.351449e+28
3.105  2.711464e+04  8.367579e+28
3.110  2.716692e+04  8.383713e+28
3.115  2.721922e+04  8.399851e+28
3.120  2.727152e+04  8.415992e+28
3.125  2.732384e+04  8.432138e+28
3.130  2.737617e+04  8.448288e+28
3.135  2.742852e+04  8.464441e+28
3.140  2.748088e+04  8.480598e+28
3.145  2.753325e+04  8.496760e+28
3.150  2.758563e+04  8.512925e+28
3.155  2.763802e+04  8.529094e+28
3.160  2.769043e+04  8.545266e+28
3.165  2.774285e+04  8.561443e+28
3.170  2.779528e+04  8.577624e+28
3.175  2.784773e+04  8.593808e+28
3.180  2.790018e+04  8.609996e+28
3.185  2.795265e+04  8.626188e+28
3.190  2.800513e+04  8.642384e+28
3.195  2.805763e+04  8.658584e+28
3.200  2.811014e+04  8.674788e+28
3.205  2.816265e+04  8.690995e+28
3.210  2.821518e+04  8.707206e+28
3.215  2.826773e+04  8.723421e+28
3.220  2.832028e+04  8.739639e+28
3.225  2.837285e+04  8.755862e+28
3.230  2.842543e+04  8.772088e+28
3.235  2.847802e+04  8.788318e+28
3.240  2.853063e+04  8.804551e+28
3.245  2.858324e+04  8.820789e+28
3.250  2.863587e+04  8.837030e+28
3.255  2.868851e+04  8.853274e+28
3.260  2.874116e+04  8.869523e+28
3.265  2.879383e+04  8.885775e+28
3.270  2.884650e+04  8.902031e+28
3.275  2.889919e+04  8.918291e+28
3.280  2.895189e+04  8.934554e+28
3.285  2.900460e+04  8.950821e+28
3.290  2.905733e+04  8.967091e+28
3.295  2.911006e+04  8.983366e+28
3.300  2.916281e+04  8.999644e+28
3.305  2.921557e+04  9.015925e+28
3.310  2.926834e+04  9.032210e+28
3.315  2.932113e+04  9.048499e+28
3.320  2.937392e+04  9.064792e+28
3.325  2.942673e+04  9.081088e+28
3.330  2.947954e+04  9.097387e+28
3.335  2.953237e+04  9.113691e+28
3.340  2.958522e+04  9.129998e+28
3.345  2.963807e+04  9.146308e+28
3.350  2.969093e+04  9.162622e+28
3.355  2.974381e+04  9.178940e+28
3.360  2.979670e+04  9.195261e+28
3.365  2.984960e+04  9.211586e+28
3.370  2.990251e+04  9.227914e+28
3.375  2.995543e+04  9.244246e+28
3.380  3.000837e+04  9.260582e+28
3.385  3.006131e+04  9.276920e+28
3.390  3.011427e+04  9.293263e+28
3.395  3.016724e+04  9.309609e+28
3.400  3.022022e+04  9.325959e+28
3.405  3.027321e+04  9.342312e+28
3.410  3.032621e+04  9.358668e+28
3.415  3.037922e+04  9.375028e+28
3.420  3.043225e+04  9.391392e+28
3.425  3.048528e+04  9.407759e+28
3.430  3.053833e+04  9.424129e+28
3.435  3.059139e+04  9.440503e+28
3.440  3.064446e+04  9.456881e+28
3.445  3.069754e+04  9.473261e+28
3.450  3.075063e+04  9.489646e+28
3.455  3.080374e+04  9.506034e+28
3.460  3.085685e+04  9.522425e+28
3.465  3.090998e+04  9.538819e+28
3.470  3.096312e+04  9.555217e+28
3.475  3.101626e+04  9.571619e+28
3.480  3.106942e+04  9.588024e+28
3.485  3.112259e+04  9.604432e+28
3.490  3.117577e+04  9.620844e+28
3.495  3.122897e+04  9.637259e+28
3.500  3.128217e+04  9.653677e+28
3.505  3.133538e+04  9.670099e+28
3.510  3.138861e+04  9.686524e+28
3.515  3.144184e+04  9.702953e+28
3.520  3.149509e+04  9.719385e+28
3.525  3.154835e+04  9.735820e+28
3.530  3.160162e+04  9.752259e+28
3.535  3.165490e+04  9.768701e+28
3.540  3.170819e+04  9.785146e+28
3.545  3.176149e+04  9.801595e+28
3.550  3.181480e+04  9.818047e+28
3.555  3.186812e+04  9.834502e+28
3.560  3.192145e+04  9.850961e+28
3.565  3.197480e+04  9.867423e+28
3.570  3.202815e+04  9.883888e+28
3.575  3.208152e+04  9.900357e+28
3.580  3.213489e+04  9.916829e+28
3.585  3.218828e+04  9.933304e+28
3.590  3.224168e+04  9.949782e+28
3.595  3.229509e+04  9.966264e+28
3.600  3.234850e+04  9.982749e+28
3.605  3.240193e+04  9.999237e+28
3.610  3.245537e+04  1.001573e+29
3.615  3.250882e+04  1.003222e+29
3.620  3.256228e+04  1.004872e+29
3.625  3.261576e+04  1.006522e+29
3.630  3.266924e+04  1.008173e+29
3.635  3.272273e+04  1.009823e+29
3.640  3.277623e+04  1.011474e+29
3.645  3.282974e+04  1.013126e+29
3.650  3.288327e+04  1.014778e+29
3.655  3.293680e+04  1.016430e+29
3.660  3.299034e+04  1.018082e+29
3.665  3.304390e+04  1.019735e+29
3.670  3.309746e+04  1.021388e+29
3.675  3.315104e+04  1.023041e+29
3.680  3.320462e+04  1.024695e+29
3.685  3.325822e+04  1.026349e+29
3.690  3.331182e+04  1.028003e+29
3.695  3.336544e+04  1.029657e+29
3.700  3.341907e+04  1.031312e+29
3.705  3.347270e+04  1.032968e+29
3.710  3.352635e+04  1.034623e+29
3.715  3.358001e+04  1.036279e+29
3.720  3.363367e+04  1.037935e+29
3.725  3.368735e+04  1.039592e+29
3.730  3.374104e+04  1.041248e+29
3.735  3.379473e+04  1.042905e+29
3.740  3.384844e+04  1.044563e+29
3.745  3.390216e+04  1.046221e+29
3.750  3.395589e+04  1.047879e+29
3.755  3.400962e+04  1.049537e+29
3.760  3.406337e+04  1.051196e+29
3.765  3.411713e+04  1.052855e+29
3.770  3.417090e+04  1.054514e+29
3.775  3.422467e+04  1.056173e+29
3.780  3.427846e+04  1.057833e+29
3.785  3.433226e+04  1.059493e+29
3.790  3.438606e+04  1.061154e+29
3.795  3.443988e+04  1.062815e+29
3.800  3.449371e+04  1.064476e+29
3.805  3.454754e+04  1.066137e+29
3.810  3.460139e+04  1.067799e+29
3.815  3.465525e+04  1.069461e+29
3.820  3.470911e+04  1.071123e+29
3.825  3.476299e+04  1.072786e+29
3.830  3.481687e+04  1.074449e+29
3.835  3.487077e+04  1.076112e+29
3.840  3.492467e+04  1.077775e+29
3.845  3.497859e+04  1.079439e+29
3.850  3.503251e+04  1.081103e+29
3.855  3.508645e+04  1.082768e+29
3.860  3.514039e+04  1.084432e+29
3.865  3.519435e+04  1.086097e+29
3.870  3.524831e+04  1.087763e+29
3.875  3.530228e+04  1.089428e+29
3.880  3.535626e+04  1.091094e+29
3.885  3.541026e+04  1.092760e+29
3.890  3.546426e+04  1.094427e+29
3.895  3.551827e+04  1.096094e+29
3.900  3.557229e+04  1.097761e+29
3.905  3.562632e+04  1.099428e+29
3.910  3.568036e+04  1.101096e+29
3.915  3.573441e+04  1.102764e+29
3.920  3.578847e+04  1.104432e+29
3.925  3.584253e+04  1.106101e+29
3.930  3.589661e+04  1.107769e+29
3.935  3.595070e+04  1.109439e+29
3.940  3.600480e+04  1.111108e+29
3.945  3.605890e+04  1.112778e+29
3.950  3.611302e+04  1.114448e+29
3.955  3.616714e+04  1.116118e+29
3.960  3.622127e+04  1.117789e+29
3.965  3.627542e+04  1.119459e+29
3.970  3.632957e+04  1.121131e+29
3.975  3.638373e+04  1.122802e+29
3.980  3.643790e+04  1.124474e+29
3.985  3.649208e+04  1.126146e+29
3.990  3.654627e+04  1.127818e+29
3.995  3.660047e+04  1.129491e+29
4.000  3.665468e+04  1.131163e+29
4.005  3.670890e+04  1.132837e+29
4.010  3.676312e+04  1.134510e+29
4.015  3.681736e+04  1.136184e+29
4.020  3.687161e+04  1.137858e+29
4.025  3.692586e+04  1.139532e+29
4.030  3.698012e+04  1.141207e+29
4.035  3.703439e+04  1.142881e+29
4.040  3.708868e+04  1.144557e+29
4.045  3.714297e+04  1.146232e+29
4.050  3.719727e+04  1.147908e+29
4.055  3.725158e+04  1.149584e+29
4.060  3.730589e+04  1.151260e+29
4.065  3.736022e+04  1.152936e+29
4.070  3.741456e+04  1.154613e+29
4.075  3.746890e+04  1.156290e+29
4.080  3.752325e+04  1.157968e+29
4.085  3.757762e+04  1.159645e+29
4.090  3.763199e+04  1.161323e+29
4.095  3.768637e+04  1.163001e+29
4.100  3.774076e+04  1.164680e+29
4.105  3.779516e+04  1.166359e+29
4.110  3.784957e+04  1.168038e+29
4.115  3.790398e+04  1.169717e+29
4.120  3.795841e+04  1.171396e+29
4.125  3.801284e+04  1.173076e+29
4.130  3.806728e+04  1.174756e+29
4.135  3.812174e+04  1.176437e+29
4.140  3.817620e+04  1.178117e+29
4.145  3.823067e+04  1.179798e+29
4.150  3.828515e+04  1.181480e+29
4.155  3.833963e+04  1.183161e+29
4.160  3.839413e+04  1.184843e+29
4.165  3.844863e+04  1.186525e+29
4.170  3.850315e+04  1.188207e+29
4.175  3.855767e+04  1.189890e+29
4.180  3.861220e+04  1.191572e+29
4.185  3.866674e+04  1.193256e+29
4.190  3.872129e+04  1.194939e+29
4.195  3.877584e+04  1.196623e+29
4.200  3.883041e+04  1.198306e+29
4.205  3.888498e+04  1.199991e+29
4.210  3.893957e+04  1.201675e+29
4.215  3.899416e+04  1.203360e+29
4.220  3.904876e+04  1.205045e+29
4.225  3.910337e+04  1.206730e+29
4.230  3.915798e+04  1.208415e+29
4.235  3.921261e+04  1.210101e+29
4.240  3.926724e+04  1.211787e+29
4.245  3.932189e+04  1.213473e+29
4.250  3.937654e+04  1.215160e+29
4.255  3.943120e+04  1.216847e+29
4.260  3.948587e+04  1.218534e+29
4.265  3.954054e+04  1.220221e+29
4.270  3.959523e+04  1.221909e+29
4.275  3.964992e+04  1.223597e+29
4.280  3.970463e+04  1.225285e+29
4.285  3.975934e+04  1.226973e+29
4.290  3.981406e+04  1.228662e+29
4.295  3.986878e+04  1.230351e+29
4.300  3.992352e+04  1.232040e+29
4.305  3.997827e+04  1.233729e+29
4.310  4.003302e+04  1.235419e+29
4.315  4.008778e+04  1.237109e+29
4.320  4.014255e+04  1.238799e+29
4.325  4.019733e+04  1.240490e+29
4.330  4.025211e+04  1.242180e+29
4.335  4.030691e+04  1.243871e+29
4.340  4.036171e+04  1.245562e+29
4.345  4.041652e+04  1.247254e+29
4.350  4.047134e+04  1.248946e+29
4.355  4.052617e+04  1.250638e+29
4.360  4.058101e+04  1.252330e+29
4.365  4.063585e+04  1.254022e+29
4.370  4.069070e+04  1.255715e+29
4.375  4.074556e+04  1.257408e+29
4.380  4.080043e+04  1.259101e+29
4.385  4.085531e+04  1.260795e+29
4.390  4.091019e+04  1.262489e+29
4.395  4.096509e+04  1.264183e+29
4.400  4.101999e+04  1.265877e+29
4.405  4.107490e+04  1.267571e+29
4.410  4.112982e+04  1.269266e+29
4.415  4.118474e+04  1.270961e+29
4.420  4.123968e+04  1.272656e+29
4.425  4.129462e+04  1.274352e+29
4.430  4.134957e+04  1.276048e+29
4.435  4.140453e+04  1.277744e+29
4.440  4.145949e+04  1.279440e+29
4.445  4.151447e+04  1.281136e+29
4.450  4.156945e+04  1.282833e+29
4.455  4.162444e+04  1.284530e+29
4.460  4.167944e+04  1.286228e+29
4.465  4.173445e+04  1.287925e+29
4.470  4.178946e+04  1.289623e+29
4.475  4.184448e+04  1.291321e+29
4.480  4.189951e+04  1.293019e+29
4.485  4.195456e+04  1.294718e+29
4.490  4.200960e+04  1.296416e+29
4.495  4.206466e+04  1.298115e+29
4.500  4.211972e+04  1.299815e+29
4.505  4.217479e+04  1.301514e+29
4.510  4.222987e+04  1.303214e+29
4.515  4.228495e+04  1.304914e+29
4.520  4.234005e+04  1.306614e+29
4.525  4.239515e+04  1.308314e+29
4.530  4.245026e+04  1.310015e+29
4.535  4.250537e+04  1.311716e+29
4.540  4.256050e+04  1.313417e+29
4.545  4.261563e+04  1.315118e+29
4.550  4.267077e+04  1.316820e+29
4.555  4.272592e+04  1.318522e+29
4.560  4.278108e+04  1.320224e+29
4.565  4.283624e+04  1.321926e+29
4.570  4.289141e+04  1.323629e+29
4.575  4.294659e+04  1.325332e+29
4.580  4.300178e+04  1.327035e+29
4.585  4.305698e+04  1.328738e+29
4.590  4.311218e+04  1.330442e+29
4.595  4.316739e+04  1.332146e+29
4.600  4.322261e+04  1.333850e+29
4.605  4.327783e+04  1.335554e+29
4.610  4.333307e+04  1.337258e+29
4.615  4.338831e+04  1.338963e+29
4.620  4.344356e+04  1.340668e+29
4.625  4.349882e+04  1.342373e+29
4.630  4.355408e+04  1.344079e+29
4.635  4.360935e+04  1.345785e+29
4.640  4.366463e+04  1.347490e+29
4.645  4.371992e+04  1.349197e+29
4.650  4.377521e+04  1.350903e+29
4.655  4.383051e+04  1.352610e+29
4.660  4.388582e+04  1.354317e+29
4.665  4.394114e+04  1.356024e+29
4.670  4.399647e+04  1.357731e+29
4.675  4.405180e+04  1.359439e+29
4.680  4.410714e+04  1.361146e+29
4.685  4.416249e+04  1.362854e+29
4.690  4.421784e+04  1.364563e+29
4.695  4.427320e+04  1.366271e+29
4.700  4.432857e+04  1.367980e+29
4.705  4.438395e+04  1.369689e+29
4.710  4.443934e+04  1.371398e+29
4.715  4.449473e+04  1.373107e+29
4.720  4.455013e+04  1.374817e+29
4.725  4.460553e+04  1.376527e+29
4.730  4.466095e+04  1.378237e+29
4.735  4.471637e+04  1.379947e+29
4.740  4.477180e+04  1.381658e+29
4.745  4.482724e+04  1.383369e+29
4.750  4.488268e+04  1.385080e+29
4.755  4.493813e+04  1.386791e+29
4.760  4.499359e+04  1.388502e+29
4.765  4.504906e+04  1.390214e+29
4.770  4.510453e+04  1.391926e+29
4.775  4.516001e+04  1.393638e+29
4.780  4.521550e+04  1.395350e+29
4.785  4.527100e+04  1.397063e+29
4.790  4.532650e+04  1.398776e+29
4.795  4.538201e+04  1.400489e+29
4.800  4.543753e+04  1.402202e+29
4.805  4.549305e+04  1.403916e+29
4.810  4.554858e+04  1.405629e+29
4.815  4.560412e+04  1.407343e+29
4.820  4.565967e+04  1.409057e+29
4.825  4.571522e+04  1.410772e+29
4.830  4.577078e+04  1.412486e+29
4.835  4.582635e+04  1.414201e+29
4.840  4.588193e+04  1.415916e+29
4.845  4.593751e+04  1.417632e+29
4.850  4.599310e+04  1.419347e+29
4.855  4.604870e+04  1.421063e+29
4.860  4.610430e+04  1.422779e+29
4.865  4.615991e+04  1.424495e+29
4.870  4.621553e+04  1.426211e+29
4.875  4.627116e+04  1.427928e+29
4.880  4.632679e+04  1.429645e+29
4.885  4.638243e+04  1.431362e+29
4.890  4.643807e+04  1.433079e+29
4.895  4.649373e+04  1.434796e+29
4.900  4.654939e+04  1.436514e+29
4.905  4.660506e+04  1.438232e+29
4.910  4.666073e+04  1.439950e+29
4.915  4.671642e+04  1.441669e+29
4.920  4.677210e+04  1.443387e+29
4.925  4.682780e+04  1.445106e+29
4.930  4.688350e+04  1.446825e+29
4.935  4.693921e+04  1.448544e+29
4.940  4.699493e+04  1.450264e+29
4.945  4.705066e+04  1.451983e+29
4.950  4.710639e+04  1.453703e+29
4.955  4.716213e+04  1.455423e+29
4.960  4.721787e+04  1.457143e+29
4.965  4.727362e+04  1.458864e+29
4.970  4.732938e+04  1.460585e+29
4.975  4.738515e+04  1.462306e+29
4.980  4.744092e+04  1.464027e+29
4.985  4.749670e+04  1.465748e+29
4.990  4.755249e+04  1.467470e+29
4.995  4.760828e+04  1.469192e+29
5.000  4.766408e+04  1.470914e+29
5.005  4.771989e+04  1.472636e+29
5.010  4.777570e+04  1.474358e+29
5.015  4.783153e+04  1.476081e+29
5.020  4.788735e+04  1.477804e+29
5.025  4.794319e+04  1.479527e+29
5.030  4.799903e+04  1.481250e+29
5.035  4.805488e+04  1.482974e+29
5.040  4.811074e+04  1.484697e+29
5.045  4.816660e+04  1.486421e+29
5.050  4.822247e+04  1.488145e+29
5.055  4.827834e+04  1.489870e+29
5.060  4.833423e+04  1.491594e+29
5.065  4.839012e+04  1.493319e+29
5.070  4.844601e+04  1.495044e+29
5.075  4.850192e+04  1.496769e+29
5.080  4.855783e+04  1.498494e+29
5.085  4.861374e+04  1.500220e+29
5.090  4.866967e+04  1.501946e+29
5.095  4.872560e+04  1.503672e+29
5.100  4.878153e+04  1.505398e+29
5.105  4.883748e+04  1.507124e+29
5.110  4.889343e+04  1.508851e+29
5.115  4.894938e+04  1.510578e+29
5.120  4.900535e+04  1.512305e+29
5.125  4.906132e+04  1.514032e+29
5.130  4.911729e+04  1.515760e+29
5.135  4.917328e+04  1.517487e+29
5.140  4.922927e+04  1.519215e+29
5.145  4.928526e+04  1.520943e+29
5.150  4.934127e+04  1.522672e+29
5.155  4.939728e+04  1.524400e+29
5.160  4.945330e+04  1.526129e+29
5.165  4.950932e+04  1.527858e+29
5.170  4.956535e+04  1.529587e+29
5.175  4.962139e+04  1.531316e+29
5.180  4.967743e+04  1.533045e+29
5.185  4.973348e+04  1.534775e+29
5.190  4.978954e+04  1.536505e+29
5.195  4.984560e+04  1.538235e+29
5.200  4.990167e+04  1.539965e+29
5.205  4.995774e+04  1.541696e+29
5.210  5.001383e+04  1.543427e+29
5.215  5.006992e+04  1.545158e+29
5.220  5.012601e+04  1.546889e+29
5.225  5.018211e+04  1.548620e+29
5.230  5.023822e+04  1.550352e+29
5.235  5.029434e+04  1.552083e+29
5.240  5.035046e+04  1.553815e+29
5.245  5.040659e+04  1.555547e+29
5.250  5.046272e+04  1.557280e+29
5.255  5.051886e+04  1.559012e+29
5.260  5.057501e+04  1.560745e+29
5.265  5.063116e+04  1.562478e+29
5.270  5.068732e+04  1.564211e+29
5.275  5.074349e+04  1.565944e+29
5.280  5.079966e+04  1.567678e+29
5.285  5.085584e+04  1.569411e+29
5.290  5.091203e+04  1.571145e+29
5.295  5.096822e+04  1.572879e+29
5.300  5.102442e+04  1.574614e+29
5.305  5.108063e+04  1.576348e+29
5.310  5.113684e+04  1.578083e+29
5.315  5.119306e+04  1.579818e+29
5.320  5.124928e+04  1.581553e+29
5.325  5.130551e+04  1.583288e+29
5.330  5.136175e+04  1.585024e+29
5.335  5.141799e+04  1.586759e+29
5.340  5.147424e+04  1.588495e+29
5.345  5.153050e+04  1.590231e+29
5.350  5.158676e+04  1.591967e+29
5.355  5.164303e+04  1.593704e+29
5.360  5.169930e+04  1.595440e+29
5.365  5.175558e+04  1.597177e+29
5.370  5.181187e+04  1.598914e+29
5.375  5.186817e+04  1.600652e+29
5.380  5.192447e+04  1.602389e+29
5.385  5.198077e+04  1.604127e+29
5.390  5.203708e+04  1.605864e+29
5.395  5.209340e+04  1.607602e+29
5.400  5.214973e+04  1.609341e+29
5.405  5.220606e+04  1.611079e+29
5.410  5.226240e+04  1.612818e+29
5.415  5.231874e+04  1.614556e+29
5.420  5.237509e+04  1.616295e+29
5.425  5.243145e+04  1.618034e+29
5.430  5.248781e+04  1.619774e+29
5.435  5.254418e+04  1.621513e+29
5.440  5.260055e+04  1.623253e+29
5.445  5.265693e+04  1.624993e+29
5.450  5.271332e+04  1.626733e+29
5.455  5.276971e+04  1.628473e+29
5.460  5.282611e+04  1.630214e+29
5.465  5.288252e+04  1.631955e+29
5.470  5.293893e+04  1.633695e+29
5.475  5.299535e+04  1.635436e+29
5.480  5.305177e+04  1.637178e+29
5.485  5.310820e+04  1.638919e+29
5.490  5.316464e+04  1.640661e+29
5.495  5.322108e+04  1.642402e+29
5.500  5.327753e+04  1.644144e+29
5.505  5.333398e+04  1.645887e+29
5.510  5.339044e+04  1.647629e+29
5.515  5.344691e+04  1.649372e+29
5.520  5.350338e+04  1.651114e+29
5.525  5.355986e+04  1.652857e+29
5.530  5.361634e+04  1.654600e+29
5.535  5.367283e+04  1.656344e+29
5.540  5.372933e+04  1.658087e+29
5.545  5.378583e+04  1.659831e+29
5.550  5.384234e+04  1.661575e+29
5.555  5.389886e+04  1.663319e+29
5.560  5.395538e+04  1.665063e+29
5.565  5.401190e+04  1.666807e+29
5.570  5.406844e+04  1.668552e+29
5.575  5.412497e+04  1.670297e+29
5.580  5.418152e+04  1.672042e+29
5.585  5.423807e+04  1.673787e+29
5.590  5.429463e+04  1.675532e+29
5.595  5.435119e+04  1.677278e+29
5.600  5.440776e+04  1.679023e+29
5.605  5.446433e+04  1.680769e+29
5.610  5.452091e+04  1.682515e+29
5.615  5.457750e+04  1.684262e+29
5.620  5.463409e+04  1.686008e+29
5.625  5.469069e+04  1.687755e+29
5.630  5.474729e+04  1.689501e+29
5.635  5.480390e+04  1.691248e+29
5.640  5.486052e+04  1.692996e+29
5.645  5.491714e+04  1.694743e+29
5.650  5.497377e+04  1.696490e+29
5.655  5.503040e+04  1.698238e+29
5.660  5.508704e+04  1.699986e+29
5.665  5.514368e+04  1.701734e+29
5.670  5.520033e+04  1.703482e+29
5.675  5.525699e+04  1.705231e+29
5.680  5.531365e+04  1.706979e+29
5.685  5.537032e+04  1.708728e+29
5.690  5.542700e+04  1.710477e+29
5.695  5.548368e+04  1.712226e+29
5.700  5.554036e+04  1.713976e+29
5.705  5.559705e+04  1.715725e+29
5.710  5.565375e+04  1.717475e+29
5.715  5.571045e+04  1.719225e+29
5.720  5.576716e+04  1.720975e+29
5.725  5.582388e+04  1.722725e+29
5.730  5.588060e+04  1.724475e+29
5.735  5.593732e+04  1.726226e+29
5.740  5.599406e+04  1.727977e+29
5.745  5.605079e+04  1.729728e+29
5.750  5.610754e+04  1.731479e+29
5.755  5.616429e+04  1.733230e+29
5.760  5.622104e+04  1.734981e+29
5.765  5.627780e+04  1.736733e+29
5.770  5.633457e+04  1.738485e+29
5.775  5.639134e+04  1.740237e+29
5.780  5.644812e+04  1.741989e+29
5.785  5.650490e+04  1.743741e+29
5.790  5.656169e+04  1.745494e+29
5.795  5.661849e+04  1.747246e+29
5.800  5.667529e+04  1.748999e+29
5.805  5.673209e+04  1.750752e+29
5.810  5.678891e+04  1.752506e+29
5.815  5.684572e+04  1.754259e+29
5.820  5.690255e+04  1.756013e+29
5.825  5.695937e+04  1.757766e+29
5.830  5.701621e+04  1.759520e+29
5.835  5.707305e+04  1.761274e+29
5.840  5.712989e+04  1.763029e+29
5.845  5.718675e+04  1.764783e+29
5.850  5.724360e+04  1.766538e+29
5.855  5.730047e+04  1.768292e+29
5.860  5.735733e+04  1.770047e+29
5.865  5.741421e+04  1.771802e+29
5.870  5.747109e+04  1.773558e+29
5.875  5.752797e+04  1.775313e+29
5.880  5.758486e+04  1.777069e+29
5.885  5.764176e+04  1.778825e+29
5.890  5.769866e+04  1.780581e+29
5.895  5.775557e+04  1.782337e+29
5.900  5.781248e+04  1.784093e+29
5.905  5.786940e+04  1.785850e+29
5.910  5.792632e+04  1.787606e+29
5.915  5.798325e+04  1.789363e+29
5.920  5.804018e+04  1.791120e+29
5.925  5.809712e+04  1.792877e+29
5.930  5.815407e+04  1.794635e+29
5.935  5.821102e+04  1.796392e+29
5.940  5.826798e+04  1.798150e+29
5.945  5.832494e+04  1.799908e+29
5.950  5.838191e+04  1.801666e+29
5.955  5.843888e+04  1.803424e+29
5.960  5.849586e+04  1.805182e+29
5.965  5.855284e+04  1.806941e+29
5.970  5.860983e+04  1.808699e+29
5.975  5.866683e+04  1.810458e+29
5.980  5.872383e+04  1.812217e+29
5.985  5.878084e+04  1.813977e+29
5.990  5.883785e+04  1.815736e+29
5.995  5.889486e+04  1.817496e+29
6.000  5.895189e+04  1.819255e+29
