      0.00000
      0.00000
      0.00000
      0.00000
      0.00000
      0.00000
      0.00000
      0.00000
      0.00000
      0.00000
      0.00000
      0.00000
      0.00000
      0.00000
      0.00000
      0.00000
      0.00000
      0.00000
  0.000460889
   0.00247980
   0.00556777
   0.00909605
    0.0118965
    0.0148980
    0.0200012
    0.0244259
    0.0298013
    0.0365273
    0.0526242
    0.0752883
     0.109947
     0.145887
     0.196468
     0.253985
     0.328239
     0.407354
     0.486024
     0.545350
     0.564209
     0.537132
     0.473498
     0.401294
     0.326487
     0.267070
     0.206618
     0.157480
     0.110421
    0.0778934
    0.0526140
    0.0346736
    0.0201432
    0.0102461
   0.00343528
  0.000465153
  8.36393e-10
  8.36393e-10
  8.36393e-10
  8.36393e-10
  8.36393e-10
  8.36393e-10
  8.36393e-10
  8.36393e-10
  8.36393e-10
  8.36393e-10
  8.36393e-10
  8.36393e-10
  8.36393e-10
  8.36393e-10
  8.36393e-10
  8.36393e-10
  8.36393e-10
  8.36393e-10
  8.36393e-10
  8.36393e-10
      0.00000
