      0.00000
      0.00000
      0.00000
      0.00000
      0.00000
      0.00000
      0.00000
      0.00000
      0.00000
      0.00000
      0.00000
      0.00000
      0.00000
      0.00000
      0.00000
      0.00000
      0.00000
      0.00000
      0.00000
      0.00000
      0.00000
      0.00000
      0.00000
      0.00000
      0.00000
      0.00000
      0.00000
  5.50690e-05
  0.000123405
  0.000259782
  0.000351670
  0.000476396
  0.000677691
  0.000904681
   0.00112960
   0.00125471
   0.00172290
   0.00255022
   0.00368358
   0.00516710
   0.00903914
    0.0217732
    0.0487153
     0.125598
     0.219792
     0.240034
     0.177410
    0.0773162
    0.0305544
    0.0127200
   0.00561365
   0.00387666
   0.00291564
   0.00194785
   0.00121778
  0.000974938
  0.000826179
  0.000692090
  0.000395599
  0.000188348
  4.18842e-05
 -2.48531e-09
 -2.48531e-09
 -2.48531e-09
 -2.48531e-09
 -2.48531e-09
 -2.48531e-09
 -2.48531e-09
 -2.48531e-09
 -2.48531e-09
 -2.48531e-09
 -2.48531e-09
 -2.48531e-09
 -2.48531e-09
 -2.48531e-09
 -2.48531e-09
 -2.48531e-09
 -2.48531e-09
 -2.48531e-09
 -2.48531e-09
 -2.48531e-09
 -2.48531e-09
 -2.48531e-09
 -2.48531e-09
 -2.48531e-09
 -2.48531e-09
 -2.48531e-09
 -2.48531e-09
 -2.48531e-09
      0.00000
