      0.00000
      0.00000
      0.00000
      0.00000
      0.00000
      0.00000
      0.00000
      0.00000
      0.00000
      0.00000
   0.00101303
   0.00181709
    0.0100069
    0.0184601
    0.0297757
    0.0349184
    0.0433008
    0.0523579
    0.0616293
    0.0690023
    0.0821194
     0.101438
     0.124604
     0.125453
     0.102696
    0.0650918
    0.0368004
    0.0216874
    0.0118614
   0.00500989
  0.000957321
  1.88080e-09
  1.88080e-09
  1.88080e-09
  1.88080e-09
  1.88080e-09
  1.88080e-09
  1.88080e-09
  1.88080e-09
  1.88080e-09
  1.88080e-09
  1.88080e-09
      0.00000
