      0.00000
      0.00000
      0.00000
      0.00000
      0.00000
      0.00000
      0.00000
      0.00000
      0.00000
      0.00000
      0.00000
      0.00000
      0.00000
  5.41088e-05
   0.00389260
    0.0162869
    0.0284559
    0.0427089
    0.0482565
    0.0595952
    0.0861500
     0.113102
     0.121821
    0.0985511
    0.0739289
    0.0600872
    0.0477491
    0.0356653
    0.0242895
    0.0192222
    0.0180240
    0.0152557
    0.0212008
    0.0209861
    0.0221265
    0.0138586
   0.00708350
   0.00164863
 -5.09488e-09
 -5.09488e-09
 -5.09488e-09
 -5.09488e-09
 -5.09488e-09
 -5.09488e-09
 -5.09488e-09
 -5.09488e-09
      0.00000
