      0.00000
      0.00000
      0.00000
      0.00000
      0.00000
      0.00000
      0.00000
      0.00000
      0.00000
      0.00000
      0.00000
   0.00545765
    0.0252838
    0.0697812
     0.136833
     0.219808
     0.300486
     0.376409
     0.412619
     0.393399
     0.319478
     0.234798
     0.180987
     0.134845
    0.0935220
    0.0493869
    0.0269301
    0.0139689
   0.00596008
  4.68051e-05
  4.76577e-09
  4.76577e-09
  4.76577e-09
  4.76577e-09
  4.76577e-09
  4.76577e-09
  4.76577e-09
  4.76577e-09
      0.00000
