      0.00000
      0.00000
      0.00000
      0.00000
      0.00000
      0.00000
      0.00000
      0.00000
      0.00000
      0.00000
      0.00000
      0.00000
   0.00190086
    0.0138198
    0.0409718
    0.0679237
    0.0955081
    0.0956566
     0.101617
    0.0877152
    0.0919736
    0.0892955
    0.0957189
    0.0881061
    0.0714014
    0.0405713
    0.0166251
   0.00119532
  6.30063e-09
  6.30063e-09
  6.30063e-09
  6.30063e-09
  6.30063e-09
  6.30063e-09
  6.30063e-09
  6.30063e-09
  6.30063e-09
  6.30063e-09
      0.00000
