      0.00000
      0.00000
      0.00000
      0.00000
      0.00000
      0.00000
      0.00000
      0.00000
      0.00000
      0.00000
      0.00000
      0.00000
      0.00000
      0.00000
      0.00000
      0.00000
      0.00000
      0.00000
      0.00000
      0.00000
      0.00000
 -2.39724e-05
  0.000592142
   0.00394940
   0.00926074
    0.0227595
    0.0463336
    0.0804803
     0.120560
     0.160400
     0.192617
     0.216961
     0.235218
     0.253888
     0.278260
     0.303945
     0.328994
     0.338922
     0.326525
     0.286145
     0.232105
     0.174953
     0.130091
    0.0911456
    0.0621146
    0.0408633
    0.0259478
    0.0168585
   0.00938202
   0.00560409
   0.00303297
   0.00163600
  0.000476408
  4.96905e-06
  2.95859e-09
  2.95859e-09
  2.95859e-09
  2.95859e-09
  2.95859e-09
  2.95859e-09
  2.95859e-09
  2.95859e-09
  2.95859e-09
  2.95859e-09
  2.95859e-09
  2.95859e-09
  2.95859e-09
  2.95859e-09
  2.95859e-09
  2.95859e-09
  2.95859e-09
      0.00000
