      0.00000
      0.00000
      0.00000
      0.00000
      0.00000
      0.00000
      0.00000
      0.00000
      0.00000
      0.00000
      0.00000
      0.00000
      0.00000
      0.00000
   0.00121698
    0.0108822
    0.0256377
    0.0422260
    0.0534795
    0.0646182
    0.0919942
     0.119014
     0.129628
     0.107957
    0.0819616
    0.0649178
    0.0521092
    0.0350534
    0.0207977
    0.0130159
    0.0141195
    0.0142063
    0.0193023
    0.0175436
    0.0135218
   0.00551155
   0.00127984
  5.63093e-06
  2.41094e-09
  2.41094e-09
  2.41094e-09
  2.41094e-09
  2.41094e-09
  2.41094e-09
  2.41094e-09
  2.41094e-09
      0.00000
