      0.00000
      0.00000
      0.00000
      0.00000
      0.00000
      0.00000
      0.00000
      0.00000
      0.00000
      0.00000
      0.00000
      0.00000
      0.00000
      0.00000
      0.00000
      0.00000
      0.00000
      0.00000
      0.00000
      0.00000
      0.00000
  0.000352668
   0.00113251
   0.00289703
    0.0115952
    0.0216455
    0.0359504
    0.0460971
    0.0540199
    0.0630006
    0.0702711
    0.0823650
    0.0886851
    0.0850518
    0.0717538
    0.0591462
    0.0527673
    0.0499096
    0.0465142
    0.0420118
    0.0394593
    0.0285526
    0.0184208
   0.00750099
   0.00515098
   0.00553994
   0.00554683
   0.00343616
   0.00122574
 -8.75680e-12
 -8.75680e-12
 -8.75680e-12
 -8.75680e-12
 -8.75680e-12
 -8.75680e-12
 -8.75680e-12
 -8.75680e-12
 -8.75680e-12
 -8.75680e-12
 -8.75680e-12
 -8.75680e-12
 -8.75680e-12
 -8.75680e-12
 -8.75680e-12
 -8.75680e-12
 -8.75680e-12
      0.00000
