      0.00000
      0.00000
      0.00000
      0.00000
      0.00000
      0.00000
      0.00000
      0.00000
      0.00000
      0.00000
      0.00000
      0.00000
      0.00000
      0.00000
      0.00000
      0.00000
      0.00000
      0.00000
      0.00000
      0.00000
  7.92023e-06
   0.00216706
   0.00916732
    0.0211531
    0.0375244
    0.0629926
     0.104136
     0.149841
     0.174354
     0.159385
     0.118517
    0.0768314
    0.0460907
    0.0253009
   0.00998831
   0.00256143
 -1.75434e-05
 -3.14296e-10
 -3.14296e-10
 -3.14296e-10
 -3.14296e-10
 -3.14296e-10
 -3.14296e-10
 -3.14296e-10
 -3.14296e-10
 -3.14296e-10
 -3.14296e-10
 -3.14296e-10
 -3.14296e-10
 -3.14296e-10
 -3.14296e-10
 -3.14296e-10
 -3.14296e-10
 -3.14296e-10
 -3.14296e-10
 -3.14296e-10
      0.00000
