      0.00000
      0.00000
      0.00000
      0.00000
      0.00000
      0.00000
      0.00000
      0.00000
      0.00000
      0.00000
      0.00000
      0.00000
      0.00000
      0.00000
      0.00000
      0.00000
      0.00000
      0.00000
  1.71936e-05
  6.77248e-05
  0.000123808
  0.000170135
  0.000423603
   0.00167785
   0.00461137
    0.0106121
    0.0193304
    0.0314662
    0.0502735
    0.0851903
     0.150374
     0.264417
     0.421670
     0.525067
     0.502855
     0.368588
     0.223849
     0.129891
    0.0772437
    0.0481096
    0.0324451
    0.0218528
    0.0141797
   0.00818256
   0.00404038
   0.00215563
  0.000832520
  0.000282506
  8.74652e-09
  8.74652e-09
  8.74652e-09
  8.74652e-09
  8.74652e-09
  8.74652e-09
  8.74652e-09
  8.74652e-09
  8.74652e-09
  8.74652e-09
  8.74652e-09
  8.74652e-09
  8.74652e-09
  8.74652e-09
  8.74652e-09
  8.74652e-09
  8.74652e-09
  8.74652e-09
  8.74652e-09
      0.00000
