      0.00000
      0.00000
      0.00000
      0.00000
      0.00000
      0.00000
      0.00000
      0.00000
      0.00000
      0.00000
      0.00000
      0.00000
      0.00000
      0.00000
      0.00000
      0.00000
      0.00000
  0.000230856
   0.00419031
   0.00992195
    0.0165064
    0.0218260
    0.0287409
    0.0378161
    0.0482911
    0.0581939
    0.0680901
    0.0778561
    0.0849065
    0.0840909
    0.0786091
    0.0691586
    0.0629604
    0.0549148
    0.0476735
    0.0388386
    0.0312757
    0.0243345
    0.0208049
    0.0153696
    0.0104035
   0.00399516
   0.00100057
 -1.57838e-09
 -1.57838e-09
 -1.57838e-09
 -1.57838e-09
 -1.57838e-09
 -1.57838e-09
 -1.57838e-09
 -1.57838e-09
 -1.57838e-09
 -1.57838e-09
 -1.57838e-09
 -1.57838e-09
 -1.57838e-09
 -1.57838e-09
 -1.57838e-09
 -1.57838e-09
      0.00000
