      0.00000
      0.00000
      0.00000
      0.00000
      0.00000
      0.00000
      0.00000
      0.00000
      0.00000
      0.00000
      0.00000
      0.00000
      0.00000
      0.00000
      0.00000
      0.00000
      0.00000
      0.00000
      0.00000
      0.00000
      0.00000
      0.00000
      0.00000
      0.00000
      0.00000
      0.00000
      0.00000
      0.00000
      0.00000
 -3.42479e-05
   0.00122067
   0.00250209
   0.00449008
   0.00554048
   0.00651171
   0.00652545
   0.00605359
   0.00553640
   0.00491930
   0.00528640
   0.00511242
   0.00622099
   0.00673399
   0.00874911
    0.0108888
    0.0135064
    0.0164074
    0.0184057
    0.0218235
    0.0269794
    0.0329207
    0.0399712
    0.0468080
    0.0561734
    0.0660569
    0.0739750
    0.0759556
    0.0735347
    0.0666684
    0.0593619
    0.0496667
    0.0418728
    0.0350100
    0.0295567
    0.0237812
    0.0188897
    0.0135747
   0.00842927
   0.00360592
  0.000807468
  3.62918e-10
  3.62918e-10
  3.62918e-10
  3.62918e-10
  3.62918e-10
  3.62918e-10
  3.62918e-10
  3.62918e-10
  3.62918e-10
  3.62918e-10
  3.62918e-10
  3.62918e-10
  3.62918e-10
  3.62918e-10
  3.62918e-10
  3.62918e-10
  3.62918e-10
  3.62918e-10
  3.62918e-10
  3.62918e-10
  3.62918e-10
  3.62918e-10
  3.62918e-10
  3.62918e-10
  3.62918e-10
  3.62918e-10
  3.62918e-10
  3.62918e-10
  3.62918e-10
  3.62918e-10
  3.62918e-10
  3.62918e-10
  3.62918e-10
  3.62918e-10
  3.62918e-10
  3.62918e-10
  3.62918e-10
  3.62918e-10
  3.62918e-10
  3.62918e-10
      0.00000
