      0.00000
      0.00000
      0.00000
      0.00000
      0.00000
      0.00000
      0.00000
      0.00000
      0.00000
      0.00000
      0.00000
      0.00000
      0.00000
      0.00000
      0.00000
      0.00000
      0.00000
      0.00000
      0.00000
      0.00000
      0.00000
      0.00000
   0.00183980
   0.00539192
    0.0123192
    0.0198935
    0.0330059
    0.0472272
    0.0577123
    0.0632543
    0.0620446
    0.0597612
    0.0568243
    0.0576984
    0.0620531
    0.0673188
    0.0697733
    0.0686179
    0.0610880
    0.0533190
    0.0445427
    0.0350072
    0.0250834
    0.0163121
    0.0112201
   0.00586823
   0.00260071
  0.000222776
  3.20675e-10
  3.20675e-10
  3.20675e-10
  3.20675e-10
  3.20675e-10
  3.20675e-10
  3.20675e-10
  3.20675e-10
  3.20675e-10
  3.20675e-10
  3.20675e-10
  3.20675e-10
  3.20675e-10
  3.20675e-10
  3.20675e-10
  3.20675e-10
  3.20675e-10
  3.20675e-10
      0.00000
