      0.00000
      0.00000
      0.00000
      0.00000
      0.00000
      0.00000
      0.00000
      0.00000
      0.00000
      0.00000
      0.00000
      0.00000
      0.00000
      0.00000
      0.00000
      0.00000
      0.00000
      0.00000
      0.00000
   0.00165695
   0.00347813
   0.00496118
   0.00617158
   0.00972934
    0.0138053
    0.0223742
    0.0300393
    0.0433937
    0.0527367
    0.0631266
    0.0722253
    0.0817894
    0.0844162
    0.0826339
    0.0734594
    0.0628303
    0.0512781
    0.0415892
    0.0332793
    0.0255165
    0.0215171
    0.0213896
    0.0232987
    0.0220612
    0.0197906
    0.0145550
   0.00997755
   0.00525410
   0.00166577
 -4.50713e-10
 -4.50713e-10
 -4.50713e-10
 -4.50713e-10
 -4.50713e-10
 -4.50713e-10
 -4.50713e-10
 -4.50713e-10
 -4.50713e-10
 -4.50713e-10
 -4.50713e-10
 -4.50713e-10
 -4.50713e-10
 -4.50713e-10
 -4.50713e-10
 -4.50713e-10
 -4.50713e-10
      0.00000
