      0.00000
      0.00000
      0.00000
      0.00000
      0.00000
      0.00000
      0.00000
      0.00000
      0.00000
      0.00000
      0.00000
      0.00000
      0.00000
  0.000259525
   0.00152698
   0.00253737
   0.00374059
   0.00745565
    0.0101281
    0.0152018
    0.0193770
    0.0234579
    0.0302045
    0.0373033
    0.0505301
    0.0594694
    0.0658997
    0.0697646
    0.0718637
    0.0718973
    0.0688927
    0.0659815
    0.0587160
    0.0492256
    0.0409340
    0.0355058
    0.0334700
    0.0289829
    0.0271065
    0.0221932
    0.0157119
   0.00839430
   0.00313379
  0.000983433
  0.000150900
  2.04623e-09
  2.04623e-09
  2.04623e-09
  2.04623e-09
  2.04623e-09
  2.04623e-09
  2.04623e-09
  2.04623e-09
  2.04623e-09
  2.04623e-09
  2.04623e-09
  2.04623e-09
  2.04623e-09
  2.04623e-09
      0.00000
