      0.00000
      0.00000
      0.00000
      0.00000
      0.00000
      0.00000
      0.00000
      0.00000
      0.00000
      0.00000
      0.00000
      0.00000
      0.00000
      0.00000
      0.00000
      0.00000
      0.00000
      0.00000
      0.00000
      0.00000
      0.00000
      0.00000
      0.00000
      0.00000
      0.00000
      0.00000
      0.00000
      0.00000
      0.00000
      0.00000
      0.00000
      0.00000
  0.000171157
  0.000926729
   0.00133300
   0.00252203
   0.00318751
   0.00463622
   0.00529706
   0.00618919
   0.00750939
   0.00856122
    0.0104579
    0.0132077
    0.0154148
    0.0162939
    0.0171168
    0.0187607
    0.0218035
    0.0240326
    0.0305209
    0.0377983
    0.0469325
    0.0566148
    0.0686645
    0.0799075
    0.0830494
    0.0769085
    0.0660456
    0.0564088
    0.0463275
    0.0382263
    0.0311087
    0.0275669
    0.0234352
    0.0176615
    0.0144303
    0.0101355
   0.00714823
   0.00277854
  0.000814811
  9.41074e-05
 -1.03693e-09
 -1.03693e-09
 -1.03693e-09
 -1.03693e-09
 -1.03693e-09
 -1.03693e-09
 -1.03693e-09
 -1.03693e-09
 -1.03693e-09
 -1.03693e-09
 -1.03693e-09
 -1.03693e-09
 -1.03693e-09
 -1.03693e-09
 -1.03693e-09
 -1.03693e-09
 -1.03693e-09
 -1.03693e-09
 -1.03693e-09
 -1.03693e-09
 -1.03693e-09
 -1.03693e-09
 -1.03693e-09
 -1.03693e-09
 -1.03693e-09
 -1.03693e-09
 -1.03693e-09
 -1.03693e-09
 -1.03693e-09
 -1.03693e-09
 -1.03693e-09
 -1.03693e-09
 -1.03693e-09
 -1.03693e-09
 -1.03693e-09
 -1.03693e-09
 -1.03693e-09
 -1.03693e-09
      0.00000
