      0.00000
      0.00000
      0.00000
      0.00000
      0.00000
      0.00000
      0.00000
      0.00000
      0.00000
      0.00000
      0.00000
  0.000218942
    0.0276781
    0.0934922
     0.233718
     0.425353
     0.705128
     0.981232
      1.08767
     0.958166
     0.663857
     0.412789
     0.233776
     0.120118
    0.0465076
   0.00943792
  0.000855959
  1.29905e-08
  1.29905e-08
  1.29905e-08
  1.29905e-08
  1.29905e-08
  1.29905e-08
  1.29905e-08
  1.29905e-08
  1.29905e-08
      0.00000
