      0.00000
      0.00000
      0.00000
      0.00000
      0.00000
      0.00000
      0.00000
      0.00000
      0.00000
      0.00000
      0.00000
      0.00000
      0.00000
      0.00000
      0.00000
      0.00000
      0.00000
      0.00000
      0.00000
      0.00000
      0.00000
      0.00000
 -2.86365e-05
  0.000242609
  0.000320674
   0.00130062
   0.00623515
    0.0124237
    0.0225735
    0.0347130
    0.0459426
    0.0540146
    0.0597700
    0.0672702
    0.0762501
    0.0857896
    0.0930003
    0.0959132
    0.0911063
    0.0794998
    0.0639649
    0.0454166
    0.0300019
    0.0190205
    0.0100028
   0.00487410
  0.000324654
  5.72758e-05
  1.11443e-09
  1.11443e-09
  1.11443e-09
  1.11443e-09
  1.11443e-09
  1.11443e-09
  1.11443e-09
  1.11443e-09
  1.11443e-09
  1.11443e-09
  1.11443e-09
  1.11443e-09
  1.11443e-09
  1.11443e-09
  1.11443e-09
  1.11443e-09
  1.11443e-09
  1.11443e-09
  1.11443e-09
  1.11443e-09
  1.11443e-09
  1.11443e-09
  1.11443e-09
      0.00000
