      0.00000
      0.00000
      0.00000
      0.00000
      0.00000
      0.00000
      0.00000
      0.00000
      0.00000
      0.00000
      0.00000
      0.00000
      0.00000
      0.00000
      0.00000
      0.00000
      0.00000
      0.00000
      0.00000
      0.00000
  0.000454790
   0.00325374
    0.0120436
    0.0230799
    0.0409474
    0.0673146
     0.107259
     0.144083
     0.162641
     0.148723
     0.116555
    0.0800943
    0.0499685
    0.0282012
    0.0112394
   0.00384889
  0.000293381
  1.21406e-09
  1.21406e-09
  1.21406e-09
  1.21406e-09
  1.21406e-09
  1.21406e-09
  1.21406e-09
  1.21406e-09
  1.21406e-09
  1.21406e-09
  1.21406e-09
  1.21406e-09
  1.21406e-09
  1.21406e-09
  1.21406e-09
  1.21406e-09
  1.21406e-09
  1.21406e-09
  1.21406e-09
      0.00000
