      0.00000
      0.00000
      0.00000
      0.00000
      0.00000
      0.00000
      0.00000
      0.00000
      0.00000
      0.00000
  4.58778e-05
   0.00228007
   0.00890828
    0.0178941
    0.0283687
    0.0325624
    0.0414285
    0.0495868
    0.0645260
    0.0767764
    0.0928948
     0.111876
     0.125782
     0.121024
    0.0937036
    0.0598960
    0.0347679
    0.0217287
    0.0115106
   0.00441075
  2.87512e-05
  3.55452e-10
  3.55452e-10
  3.55452e-10
  3.55452e-10
  3.55452e-10
  3.55452e-10
  3.55452e-10
  3.55452e-10
  3.55452e-10
  3.55452e-10
  3.55452e-10
      0.00000
