      0.00000
      0.00000
      0.00000
      0.00000
      0.00000
      0.00000
      0.00000
      0.00000
      0.00000
      0.00000
      0.00000
      0.00000
   0.00303390
    0.0121453
    0.0367214
    0.0710631
     0.125526
     0.179021
     0.194037
     0.160715
     0.104022
    0.0615609
    0.0344266
    0.0135696
   0.00363880
  0.000521113
 -9.93343e-09
 -9.93343e-09
 -9.93343e-09
 -9.93343e-09
 -9.93343e-09
 -9.93343e-09
 -9.93343e-09
 -9.93343e-09
 -9.93343e-09
 -9.93343e-09
      0.00000
