      0.00000
      0.00000
      0.00000
      0.00000
      0.00000
      0.00000
      0.00000
      0.00000
      0.00000
      0.00000
      0.00000
      0.00000
      0.00000
   0.00160602
    0.0128834
    0.0450493
    0.0852480
     0.135553
     0.184835
     0.252569
     0.368032
     0.491203
     0.534447
     0.465657
     0.353496
     0.275250
     0.211772
     0.147690
    0.0919669
    0.0612369
    0.0509292
    0.0463902
    0.0521485
    0.0484984
    0.0441858
    0.0260512
    0.0116315
   0.00167081
  6.80102e-10
  6.80102e-10
  6.80102e-10
  6.80102e-10
  6.80102e-10
  6.80102e-10
  6.80102e-10
  6.80102e-10
      0.00000
