      0.00000
      0.00000
      0.00000
      0.00000
      0.00000
      0.00000
      0.00000
      0.00000
      0.00000
      0.00000
      0.00000
      0.00000
      0.00000
      0.00000
      0.00000
      0.00000
      0.00000
      0.00000
  1.71936e-05
  6.77248e-05
  0.000123808
  0.000170135
  0.000397310
  0.000982095
   0.00164715
   0.00358128
   0.00691792
    0.0126216
    0.0205655
    0.0324186
    0.0517994
    0.0832968
     0.125689
     0.159256
     0.159329
     0.124954
    0.0801745
    0.0476432
    0.0298839
    0.0191923
    0.0129989
   0.00898092
   0.00655119
   0.00464163
   0.00310064
   0.00190427
  0.000812302
  0.000282498
  7.17128e-10
  7.17128e-10
  7.17128e-10
  7.17128e-10
  7.17128e-10
  7.17128e-10
  7.17128e-10
  7.17128e-10
  7.17128e-10
  7.17128e-10
  7.17128e-10
  7.17128e-10
  7.17128e-10
  7.17128e-10
  7.17128e-10
  7.17128e-10
  7.17128e-10
  7.17128e-10
  7.17128e-10
      0.00000
