      0.00000
      0.00000
      0.00000
      0.00000
      0.00000
      0.00000
      0.00000
      0.00000
   0.00214420
   0.00822718
    0.0181877
    0.0317353
    0.0471536
    0.0618158
    0.0779904
    0.0873726
    0.0884917
    0.0823964
    0.0789272
    0.0851150
    0.0889940
    0.0803562
    0.0644248
    0.0398215
    0.0289234
    0.0152984
    0.0102516
   0.00237308
 -3.06760e-09
 -3.06760e-09
 -3.06760e-09
 -3.06760e-09
 -3.06760e-09
 -3.06760e-09
 -3.06760e-09
 -3.06760e-09
      0.00000
