      0.00000
      0.00000
      0.00000
      0.00000
      0.00000
      0.00000
      0.00000
      0.00000
      0.00000
      0.00000
      0.00000
      0.00000
      0.00000
  0.000290045
   0.00103742
   0.00299706
   0.00453395
   0.00651629
   0.00952636
    0.0153864
    0.0215902
    0.0277579
    0.0347311
    0.0416063
    0.0491556
    0.0562659
    0.0619401
    0.0651524
    0.0650941
    0.0668687
    0.0644394
    0.0635881
    0.0545357
    0.0478638
    0.0384365
    0.0347058
    0.0324491
    0.0303635
    0.0282984
    0.0246722
    0.0195164
    0.0141047
   0.00877807
   0.00512724
   0.00212972
  0.000541348
 -3.82416e-09
 -3.82416e-09
 -3.82416e-09
 -3.82416e-09
 -3.82416e-09
 -3.82416e-09
 -3.82416e-09
 -3.82416e-09
 -3.82416e-09
 -3.82416e-09
 -3.82416e-09
 -3.82416e-09
 -3.82416e-09
      0.00000
