      0.00000
      0.00000
      0.00000
      0.00000
      0.00000
      0.00000
      0.00000
      0.00000
      0.00000
      0.00000
   0.00287478
    0.0125854
    0.0515539
     0.103334
     0.163190
     0.196651
     0.227923
     0.251289
     0.288912
     0.333332
     0.410038
     0.517041
     0.630824
     0.633263
     0.511659
     0.321188
     0.178404
    0.0978624
    0.0471906
    0.0178974
   0.00298726
  1.00355e-08
  1.00355e-08
  1.00355e-08
  1.00355e-08
  1.00355e-08
  1.00355e-08
  1.00355e-08
  1.00355e-08
  1.00355e-08
  1.00355e-08
  1.00355e-08
      0.00000
