      0.00000
      0.00000
      0.00000
      0.00000
      0.00000
      0.00000
      0.00000
      0.00000
      0.00000
      0.00000
      0.00000
      0.00000
      0.00000
      0.00000
      0.00000
      0.00000
      0.00000
      0.00000
  0.000159830
   0.00106281
   0.00341424
   0.00885702
    0.0132860
    0.0181213
    0.0231197
    0.0367253
    0.0597948
    0.0899981
     0.113979
     0.117812
     0.103116
    0.0796432
    0.0619697
    0.0518190
    0.0483150
    0.0452047
    0.0406151
    0.0311498
    0.0224434
    0.0133440
   0.00775163
   0.00375110
   0.00200591
   0.00142081
  0.000822487
  0.000298376
  2.46277e-10
  2.46277e-10
  2.46277e-10
  2.46277e-10
  2.46277e-10
  2.46277e-10
  2.46277e-10
  2.46277e-10
  2.46277e-10
  2.46277e-10
  2.46277e-10
  2.46277e-10
  2.46277e-10
  2.46277e-10
      0.00000
