      0.00000
      0.00000
      0.00000
      0.00000
      0.00000
      0.00000
      0.00000
      0.00000
      0.00000
      0.00000
      0.00000
      0.00000
      0.00000
      0.00000
  0.000344089
   0.00336986
   0.00857904
    0.0151120
    0.0235779
    0.0311381
    0.0384265
    0.0423573
    0.0467467
    0.0500408
    0.0524622
    0.0541428
    0.0549278
    0.0563890
    0.0558956
    0.0568531
    0.0537666
    0.0509074
    0.0464672
    0.0441394
    0.0418430
    0.0392260
    0.0352260
    0.0287111
    0.0219711
    0.0171203
    0.0130909
   0.00965748
   0.00492482
   0.00227868
  0.000307389
 -1.65152e-09
 -1.65152e-09
 -1.65152e-09
 -1.65152e-09
 -1.65152e-09
 -1.65152e-09
 -1.65152e-09
 -1.65152e-09
 -1.65152e-09
 -1.65152e-09
 -1.65152e-09
      0.00000
