      0.00000
      0.00000
      0.00000
      0.00000
      0.00000
      0.00000
      0.00000
      0.00000
      0.00000
      0.00000
      0.00000
      0.00000
      0.00000
      0.00000
      0.00000
      0.00000
      0.00000
      0.00000
      0.00000
      0.00000
      0.00000
      0.00000
      0.00000
      0.00000
      0.00000
      0.00000
      0.00000
      0.00000
  0.000542114
   0.00159397
   0.00481128
   0.00804125
    0.0123128
    0.0155598
    0.0180736
    0.0202298
    0.0219538
    0.0243628
    0.0223329
    0.0241182
    0.0283678
    0.0371673
    0.0460786
    0.0557266
    0.0696904
    0.0795767
    0.0905112
     0.100525
     0.116419
     0.135595
     0.161363
     0.193595
     0.233119
     0.278134
     0.326964
     0.365035
     0.375890
     0.353856
     0.314939
     0.275215
     0.237839
     0.203753
     0.173047
     0.148584
     0.123195
    0.0959244
    0.0746662
    0.0544055
    0.0375047
    0.0205313
    0.0103211
   0.00561777
   0.00211360
  0.000679232
  0.000118574
 -2.62414e-09
 -2.62414e-09
 -2.62414e-09
 -2.62414e-09
 -2.62414e-09
 -2.62414e-09
 -2.62414e-09
 -2.62414e-09
 -2.62414e-09
 -2.62414e-09
 -2.62414e-09
 -2.62414e-09
 -2.62414e-09
 -2.62414e-09
 -2.62414e-09
 -2.62414e-09
 -2.62414e-09
 -2.62414e-09
 -2.62414e-09
 -2.62414e-09
 -2.62414e-09
 -2.62414e-09
 -2.62414e-09
 -2.62414e-09
 -2.62414e-09
 -2.62414e-09
 -2.62414e-09
 -2.62414e-09
 -2.62414e-09
 -2.62414e-09
 -2.62414e-09
 -2.62414e-09
 -2.62414e-09
 -2.62414e-09
 -2.62414e-09
      0.00000
