      0.00000
      0.00000
      0.00000
      0.00000
      0.00000
      0.00000
      0.00000
      0.00000
      0.00000
      0.00000
      0.00000
      0.00000
      0.00000
      0.00000
      0.00000
      0.00000
      0.00000
      0.00000
      0.00000
      0.00000
      0.00000
      0.00000
      0.00000
      0.00000
      0.00000
      0.00000
      0.00000
      0.00000
  0.000542114
   0.00162822
   0.00359061
   0.00553916
   0.00723256
   0.00698650
   0.00605074
   0.00461132
   0.00396951
   0.00359949
   0.00239609
   0.00182178
   0.00249918
   0.00459349
   0.00766827
   0.00957805
    0.0131529
    0.0160380
    0.0204769
    0.0251126
    0.0290287
    0.0331101
    0.0348791
    0.0380034
    0.0424328
    0.0484131
    0.0560588
    0.0596454
    0.0605581
    0.0562829
    0.0531855
    0.0497741
    0.0494713
    0.0471509
    0.0436698
    0.0361199
    0.0287107
    0.0214178
    0.0179245
    0.0139599
    0.0122572
   0.00958330
   0.00685248
   0.00363686
  0.000785911
 -1.77668e-09
 -1.77668e-09
 -1.77668e-09
 -1.77668e-09
 -1.77668e-09
 -1.77668e-09
 -1.77668e-09
 -1.77668e-09
 -1.77668e-09
 -1.77668e-09
 -1.77668e-09
 -1.77668e-09
 -1.77668e-09
 -1.77668e-09
 -1.77668e-09
 -1.77668e-09
 -1.77668e-09
 -1.77668e-09
 -1.77668e-09
 -1.77668e-09
 -1.77668e-09
 -1.77668e-09
 -1.77668e-09
 -1.77668e-09
 -1.77668e-09
 -1.77668e-09
 -1.77668e-09
 -1.77668e-09
 -1.77668e-09
 -1.77668e-09
 -1.77668e-09
 -1.77668e-09
 -1.77668e-09
 -1.77668e-09
 -1.77668e-09
 -1.77668e-09
 -1.77668e-09
      0.00000
