      0.00000
      0.00000
      0.00000
      0.00000
      0.00000
      0.00000
      0.00000
      0.00000
      0.00000
      0.00000
      0.00000
      0.00000
   0.00581556
    0.0192668
    0.0424650
    0.0736748
     0.102972
     0.132674
     0.142261
     0.133930
     0.104137
    0.0737387
    0.0546904
    0.0421520
    0.0332747
    0.0210814
    0.0119059
   0.00456824
   0.00139259
  1.10468e-09
  1.10468e-09
  1.10468e-09
  1.10468e-09
  1.10468e-09
  1.10468e-09
  1.10468e-09
  1.10468e-09
  1.10468e-09
      0.00000
