      0.00000
      0.00000
      0.00000
      0.00000
      0.00000
      0.00000
      0.00000
      0.00000
      0.00000
      0.00000
      0.00000
      0.00000
      0.00000
      0.00000
      0.00000
      0.00000
  0.000650858
   0.00203709
   0.00495944
   0.00938616
    0.0175364
    0.0292540
    0.0430812
    0.0543803
    0.0649951
    0.0734780
    0.0807101
    0.0859725
    0.0865642
    0.0826235
    0.0747779
    0.0686134
    0.0619512
    0.0528060
    0.0399056
    0.0282562
    0.0183695
    0.0110934
   0.00583860
   0.00219891
  0.000560606
 -1.53274e-09
 -1.53274e-09
 -1.53274e-09
 -1.53274e-09
 -1.53274e-09
 -1.53274e-09
 -1.53274e-09
 -1.53274e-09
 -1.53274e-09
 -1.53274e-09
 -1.53274e-09
 -1.53274e-09
 -1.53274e-09
 -1.53274e-09
 -1.53274e-09
      0.00000
