      0.00000
      0.00000
      0.00000
      0.00000
      0.00000
      0.00000
      0.00000
      0.00000
      0.00000
      0.00000
      0.00000
   0.00429660
    0.0101251
    0.0283140
    0.0484796
    0.0750715
    0.0980788
     0.124933
     0.138812
     0.133573
     0.105910
    0.0791997
    0.0638638
    0.0490824
    0.0301253
   0.00950341
  0.000631317
 -1.40982e-09
 -1.40982e-09
 -1.40982e-09
 -1.40982e-09
 -1.40982e-09
 -1.40982e-09
 -1.40982e-09
 -1.40982e-09
 -1.40982e-09
 -1.40982e-09
 -1.40982e-09
      0.00000
