      0.00000
      0.00000
      0.00000
      0.00000
      0.00000
      0.00000
      0.00000
      0.00000
      0.00000
      0.00000
      0.00000
      0.00000
      0.00000
      0.00000
      0.00000
      0.00000
      0.00000
      0.00000
      0.00000
      0.00000
      0.00000
      0.00000
      0.00000
  0.000502980
   0.00427056
    0.0156439
    0.0341389
    0.0505192
    0.0617672
    0.0655263
    0.0709681
    0.0739689
    0.0792762
    0.0766920
    0.0713920
    0.0629392
    0.0581513
    0.0554851
    0.0543821
    0.0518399
    0.0428967
    0.0288514
    0.0156726
   0.00926708
   0.00652611
   0.00521792
   0.00291242
   0.00119013
  1.79486e-06
 -1.84976e-09
 -1.84976e-09
 -1.84976e-09
 -1.84976e-09
 -1.84976e-09
 -1.84976e-09
 -1.84976e-09
 -1.84976e-09
 -1.84976e-09
 -1.84976e-09
 -1.84976e-09
 -1.84976e-09
 -1.84976e-09
 -1.84976e-09
 -1.84976e-09
 -1.84976e-09
 -1.84976e-09
      0.00000
