      0.00000
      0.00000
      0.00000
      0.00000
      0.00000
      0.00000
      0.00000
      0.00000
      0.00000
      0.00000
      0.00000
      0.00000
      0.00000
      0.00000
      0.00000
      0.00000
      0.00000
      0.00000
      0.00000
      0.00000
      0.00000
      0.00000
      0.00000
      0.00000
      0.00000
      0.00000
      0.00000
      0.00000
      0.00000
  0.000996565
   0.00687362
    0.0155385
    0.0290534
    0.0423457
    0.0625345
    0.0900127
     0.122422
     0.143719
     0.142277
     0.116639
    0.0847300
    0.0579551
    0.0407055
    0.0265010
    0.0130381
   0.00434826
  0.000310079
 -1.80833e-09
 -1.80833e-09
 -1.80833e-09
 -1.80833e-09
 -1.80833e-09
 -1.80833e-09
 -1.80833e-09
 -1.80833e-09
 -1.80833e-09
 -1.80833e-09
 -1.80833e-09
 -1.80833e-09
 -1.80833e-09
 -1.80833e-09
 -1.80833e-09
 -1.80833e-09
 -1.80833e-09
 -1.80833e-09
 -1.80833e-09
 -1.80833e-09
 -1.80833e-09
 -1.80833e-09
 -1.80833e-09
 -1.80833e-09
 -1.80833e-09
 -1.80833e-09
 -1.80833e-09
      0.00000
