      0.00000
      0.00000
      0.00000
      0.00000
      0.00000
      0.00000
      0.00000
      0.00000
      0.00000
      0.00000
      0.00000
      0.00000
      0.00000
      0.00000
      0.00000
      0.00000
      0.00000
      0.00000
      0.00000
      0.00000
      0.00000
      0.00000
      0.00000
      0.00000
      0.00000
      0.00000
      0.00000
      0.00000
      0.00000
      0.00000
  0.000612060
   0.00222394
   0.00482081
   0.00742672
    0.0108343
    0.0137706
    0.0166270
    0.0184440
    0.0200344
    0.0216049
    0.0250494
    0.0307123
    0.0389062
    0.0472599
    0.0549224
    0.0623011
    0.0677560
    0.0711861
    0.0699859
    0.0657551
    0.0597281
    0.0527558
    0.0451987
    0.0380564
    0.0321545
    0.0270850
    0.0214875
    0.0168086
    0.0132655
    0.0113286
   0.00913875
   0.00730560
   0.00586730
   0.00460446
   0.00307000
   0.00141883
  0.000407384
  8.59412e-05
 -1.66097e-09
 -1.66097e-09
 -1.66097e-09
 -1.66097e-09
 -1.66097e-09
 -1.66097e-09
 -1.66097e-09
 -1.66097e-09
 -1.66097e-09
 -1.66097e-09
 -1.66097e-09
 -1.66097e-09
 -1.66097e-09
 -1.66097e-09
 -1.66097e-09
 -1.66097e-09
 -1.66097e-09
 -1.66097e-09
 -1.66097e-09
 -1.66097e-09
 -1.66097e-09
 -1.66097e-09
 -1.66097e-09
 -1.66097e-09
 -1.66097e-09
 -1.66097e-09
      0.00000
