      0.00000
      0.00000
      0.00000
      0.00000
      0.00000
      0.00000
      0.00000
      0.00000
      0.00000
      0.00000
      0.00000
   0.00214352
   0.00878745
    0.0211938
    0.0349426
    0.0455217
    0.0507166
    0.0515316
    0.0543249
    0.0601207
    0.0742721
    0.0960695
     0.124729
     0.130446
     0.108736
    0.0681873
    0.0369919
    0.0192634
   0.00838600
   0.00300621
  0.000629946
  3.66300e-10
  3.66300e-10
  3.66300e-10
  3.66300e-10
  3.66300e-10
  3.66300e-10
  3.66300e-10
  3.66300e-10
  3.66300e-10
  3.66300e-10
  3.66300e-10
      0.00000
