      0.00000
      0.00000
      0.00000
      0.00000
      0.00000
      0.00000
      0.00000
      0.00000
      0.00000
      0.00000
      0.00000
      0.00000
      0.00000
      0.00000
      0.00000
      0.00000
      0.00000
      0.00000
  0.000460889
   0.00178593
   0.00354774
   0.00525323
   0.00674388
   0.00800453
    0.0108092
    0.0128262
    0.0156344
    0.0183384
    0.0233228
    0.0277556
    0.0324713
    0.0326603
    0.0329785
    0.0317783
    0.0321743
    0.0329276
    0.0337459
    0.0376542
    0.0427345
    0.0504627
    0.0565700
    0.0614261
    0.0627096
    0.0628873
    0.0601111
    0.0543149
    0.0463030
    0.0367546
    0.0271579
    0.0182023
    0.0109973
   0.00583087
   0.00220309
  0.000461465
  3.36561e-10
  3.36561e-10
  3.36561e-10
  3.36561e-10
  3.36561e-10
  3.36561e-10
  3.36561e-10
  3.36561e-10
  3.36561e-10
  3.36561e-10
  3.36561e-10
  3.36561e-10
  3.36561e-10
  3.36561e-10
  3.36561e-10
  3.36561e-10
  3.36561e-10
  3.36561e-10
  3.36561e-10
  3.36561e-10
      0.00000
