      0.00000
      0.00000
      0.00000
      0.00000
      0.00000
      0.00000
      0.00000
      0.00000
      0.00000
      0.00000
      0.00000
      0.00000
      0.00000
      0.00000
      0.00000
      0.00000
      0.00000
      0.00000
      0.00000
      0.00000
      0.00000
      0.00000
      0.00000
      0.00000
      0.00000
      0.00000
      0.00000
      0.00000
  4.52353e-05
  0.000604183
   0.00198726
   0.00433562
   0.00797723
    0.0126180
    0.0175067
    0.0215989
    0.0244118
    0.0265589
    0.0286486
    0.0312952
    0.0339277
    0.0362941
    0.0384195
    0.0425193
    0.0486472
    0.0558434
    0.0603522
    0.0591819
    0.0545839
    0.0477900
    0.0418807
    0.0360092
    0.0310881
    0.0272230
    0.0249078
    0.0232152
    0.0219773
    0.0202953
    0.0185460
    0.0165573
    0.0151420
    0.0140225
    0.0134604
    0.0120668
    0.0102494
   0.00819072
   0.00564335
   0.00317665
   0.00109184
  0.000109847
 -3.46891e-10
 -3.46891e-10
 -3.46891e-10
 -3.46891e-10
 -3.46891e-10
 -3.46891e-10
 -3.46891e-10
 -3.46891e-10
 -3.46891e-10
 -3.46891e-10
 -3.46891e-10
 -3.46891e-10
 -3.46891e-10
 -3.46891e-10
 -3.46891e-10
 -3.46891e-10
 -3.46891e-10
 -3.46891e-10
 -3.46891e-10
 -3.46891e-10
 -3.46891e-10
 -3.46891e-10
 -3.46891e-10
 -3.46891e-10
      0.00000
