      0.00000
      0.00000
      0.00000
      0.00000
      0.00000
      0.00000
      0.00000
      0.00000
      0.00000
      0.00000
      0.00000
      0.00000
   0.00241609
    0.0156535
    0.0463464
    0.0868893
     0.140221
     0.176358
     0.185283
     0.150376
    0.0982925
    0.0549867
    0.0251692
    0.0114804
   0.00375847
   0.00191339
  0.000855954
  7.71848e-09
  7.71848e-09
  7.71848e-09
  7.71848e-09
  7.71848e-09
  7.71848e-09
  7.71848e-09
  7.71848e-09
  7.71848e-09
      0.00000
