      0.00000
      0.00000
      0.00000
      0.00000
      0.00000
      0.00000
      0.00000
      0.00000
      0.00000
  0.000428367
   0.00180941
    0.0201582
    0.0342892
    0.0499405
    0.0529957
    0.0711238
    0.0853715
    0.0775085
    0.0659609
    0.0469773
    0.0603767
    0.0712724
    0.0812615
    0.0765555
    0.0688552
    0.0648616
    0.0457388
    0.0214034
   0.00311141
 -8.60253e-09
 -8.60253e-09
 -8.60253e-09
 -8.60253e-09
 -8.60253e-09
 -8.60253e-09
 -8.60253e-09
 -8.60253e-09
 -8.60253e-09
      0.00000
