      0.00000
      0.00000
      0.00000
      0.00000
      0.00000
      0.00000
      0.00000
      0.00000
      0.00000
      0.00000
      0.00000
      0.00000
      0.00000
      0.00000
      0.00000
      0.00000
      0.00000
      0.00000
      0.00000
      0.00000
      0.00000
      0.00000
      0.00000
  2.86936e-05
  0.000719626
   0.00224345
   0.00464630
   0.00783486
    0.0127767
    0.0238520
    0.0464003
    0.0890934
     0.151781
     0.191639
     0.180937
     0.126326
    0.0711236
    0.0387040
    0.0210509
    0.0126405
   0.00857149
   0.00564550
   0.00297498
   0.00100719
  2.81024e-06
  4.14392e-09
  4.14392e-09
  4.14392e-09
  4.14392e-09
  4.14392e-09
  4.14392e-09
  4.14392e-09
  4.14392e-09
  4.14392e-09
  4.14392e-09
  4.14392e-09
  4.14392e-09
  4.14392e-09
  4.14392e-09
  4.14392e-09
  4.14392e-09
  4.14392e-09
  4.14392e-09
  4.14392e-09
  4.14392e-09
  4.14392e-09
  4.14392e-09
      0.00000
