      0.00000
      0.00000
      0.00000
      0.00000
      0.00000
      0.00000
      0.00000
      0.00000
      0.00000
      0.00000
   0.00131180
   0.00436886
    0.0144698
    0.0271923
    0.0395201
    0.0452459
    0.0454659
    0.0461557
    0.0508084
    0.0634389
    0.0824302
     0.108286
     0.130492
     0.127782
    0.0998998
    0.0615859
    0.0325706
    0.0146234
   0.00384632
  0.000506160
  3.06737e-09
  3.06737e-09
  3.06737e-09
  3.06737e-09
  3.06737e-09
  3.06737e-09
  3.06737e-09
  3.06737e-09
  3.06737e-09
  3.06737e-09
  3.06737e-09
  3.06737e-09
      0.00000
