      0.00000
      0.00000
      0.00000
      0.00000
      0.00000
      0.00000
      0.00000
      0.00000
      0.00000
      0.00000
      0.00000
      0.00000
      0.00000
      0.00000
      0.00000
      0.00000
      0.00000
      0.00000
      0.00000
      0.00000
      0.00000
      0.00000
      0.00000
      0.00000
      0.00000
      0.00000
      0.00000
  0.000131419
  0.000527243
   0.00160723
   0.00295260
   0.00442697
   0.00665964
    0.0107865
    0.0159030
    0.0197750
    0.0230534
    0.0252834
    0.0283132
    0.0309952
    0.0348434
    0.0382655
    0.0409627
    0.0434283
    0.0477013
    0.0524739
    0.0558980
    0.0562881
    0.0543960
    0.0503347
    0.0446577
    0.0391396
    0.0340552
    0.0300121
    0.0262891
    0.0245329
    0.0227630
    0.0208996
    0.0182284
    0.0163388
    0.0149592
    0.0134465
    0.0121063
    0.0102593
   0.00858493
   0.00635455
   0.00462634
   0.00316367
   0.00238028
   0.00140862
  0.000676807
  0.000110748
  2.92125e-09
  2.92125e-09
  2.92125e-09
  2.92125e-09
  2.92125e-09
  2.92125e-09
  2.92125e-09
  2.92125e-09
  2.92125e-09
  2.92125e-09
  2.92125e-09
  2.92125e-09
  2.92125e-09
  2.92125e-09
  2.92125e-09
  2.92125e-09
  2.92125e-09
  2.92125e-09
  2.92125e-09
  2.92125e-09
  2.92125e-09
  2.92125e-09
      0.00000
