      0.00000
      0.00000
      0.00000
      0.00000
      0.00000
      0.00000
      0.00000
      0.00000
      0.00000
      0.00000
  0.000504073
   0.00197586
   0.00938148
    0.0185940
    0.0305829
    0.0384025
    0.0470112
    0.0516568
    0.0576237
    0.0639936
    0.0783218
    0.0993715
     0.125217
     0.128559
     0.106623
    0.0664271
    0.0372729
    0.0205595
    0.0115864
   0.00496435
   0.00137124
  4.36563e-09
  4.36563e-09
  4.36563e-09
  4.36563e-09
  4.36563e-09
  4.36563e-09
  4.36563e-09
  4.36563e-09
  4.36563e-09
  4.36563e-09
  4.36563e-09
      0.00000
