      0.00000
      0.00000
      0.00000
      0.00000
      0.00000
      0.00000
      0.00000
      0.00000
      0.00000
      0.00000
      0.00000
      0.00000
      0.00000
      0.00000
      0.00000
      0.00000
      0.00000
      0.00000
      0.00000
      0.00000
      0.00000
      0.00000
      0.00000
      0.00000
      0.00000
      0.00000
      0.00000
  9.49217e-07
  2.91481e-06
  4.27556e-06
  4.14655e-05
  0.000167569
  0.000344905
  0.000590534
  0.000900866
   0.00120420
   0.00184811
   0.00265583
   0.00373013
   0.00500024
   0.00883619
    0.0216372
    0.0494011
     0.132916
     0.224528
     0.239598
     0.170406
    0.0727707
    0.0308849
    0.0132036
   0.00622385
   0.00415888
   0.00302294
   0.00202218
   0.00128771
  0.000920020
  0.000784743
  0.000523906
  0.000301469
  8.36330e-05
 -2.39933e-06
 -3.99324e-09
 -3.99324e-09
 -3.99324e-09
 -3.99324e-09
 -3.99324e-09
 -3.99324e-09
 -3.99324e-09
 -3.99324e-09
 -3.99324e-09
 -3.99324e-09
 -3.99324e-09
 -3.99324e-09
 -3.99324e-09
 -3.99324e-09
 -3.99324e-09
 -3.99324e-09
 -3.99324e-09
 -3.99324e-09
 -3.99324e-09
 -3.99324e-09
 -3.99324e-09
 -3.99324e-09
 -3.99324e-09
 -3.99324e-09
 -3.99324e-09
 -3.99324e-09
 -3.99324e-09
 -3.99324e-09
      0.00000
