      0.00000
      0.00000
      0.00000
      0.00000
      0.00000
      0.00000
      0.00000
      0.00000
      0.00000
      0.00000
      0.00000
      0.00000
      0.00000
      0.00000
      0.00000
      0.00000
      0.00000
      0.00000
      0.00000
      0.00000
  0.000159255
   0.00218336
   0.00501644
    0.0100301
    0.0172143
    0.0291608
    0.0466537
    0.0711383
    0.0986547
     0.120960
     0.137238
     0.136537
     0.118426
    0.0831333
    0.0516305
    0.0305992
    0.0209306
    0.0121299
   0.00650460
   0.00149575
  0.000203542
 -7.28380e-10
 -7.28380e-10
 -7.28380e-10
 -7.28380e-10
 -7.28380e-10
 -7.28380e-10
 -7.28380e-10
 -7.28380e-10
 -7.28380e-10
 -7.28380e-10
 -7.28380e-10
 -7.28380e-10
 -7.28380e-10
 -7.28380e-10
 -7.28380e-10
 -7.28380e-10
 -7.28380e-10
 -7.28380e-10
 -7.28380e-10
      0.00000
