      0.00000
      0.00000
      0.00000
      0.00000
      0.00000
      0.00000
      0.00000
      0.00000
      0.00000
      0.00000
      0.00000
      0.00000
      0.00000
      0.00000
      0.00000
      0.00000
      0.00000
      0.00000
      0.00000
      0.00000
      0.00000
      0.00000
      0.00000
 -2.94702e-05
  0.000159187
   0.00236900
   0.00569789
    0.0113081
    0.0201065
    0.0310154
    0.0456744
    0.0595211
    0.0723098
    0.0797714
    0.0860674
    0.0889659
    0.0923649
    0.0891375
    0.0836140
    0.0703859
    0.0565650
    0.0418327
    0.0303676
    0.0185596
   0.00991588
   0.00330190
   0.00100729
  1.12024e-05
 -2.13455e-10
 -2.13455e-10
 -2.13455e-10
 -2.13455e-10
 -2.13455e-10
 -2.13455e-10
 -2.13455e-10
 -2.13455e-10
 -2.13455e-10
 -2.13455e-10
 -2.13455e-10
 -2.13455e-10
 -2.13455e-10
 -2.13455e-10
 -2.13455e-10
 -2.13455e-10
 -2.13455e-10
 -2.13455e-10
 -2.13455e-10
 -2.13455e-10
 -2.13455e-10
 -2.13455e-10
 -2.13455e-10
      0.00000
