      0.00000
      0.00000
      0.00000
      0.00000
      0.00000
      0.00000
      0.00000
      0.00000
      0.00000
      0.00000
      0.00000
      0.00000
      0.00000
      0.00000
      0.00000
      0.00000
      0.00000
      0.00000
      0.00000
      0.00000
      0.00000
      0.00000
   0.00244134
   0.00594156
    0.0149066
    0.0257522
    0.0468666
    0.0773640
     0.117202
     0.150539
     0.152367
     0.128096
    0.0923346
    0.0671525
    0.0489076
    0.0337959
    0.0210263
    0.0109334
   0.00385531
  0.000517417
  1.37750e-09
  1.37750e-09
  1.37750e-09
  1.37750e-09
  1.37750e-09
  1.37750e-09
  1.37750e-09
  1.37750e-09
  1.37750e-09
  1.37750e-09
  1.37750e-09
  1.37750e-09
  1.37750e-09
  1.37750e-09
  1.37750e-09
  1.37750e-09
  1.37750e-09
  1.37750e-09
  1.37750e-09
  1.37750e-09
      0.00000
