      0.00000
      0.00000
      0.00000
      0.00000
      0.00000
      0.00000
      0.00000
      0.00000
      0.00000
      0.00000
      0.00000
      0.00000
      0.00000
      0.00000
      0.00000
      0.00000
      0.00000
      0.00000
      0.00000
      0.00000
      0.00000
      0.00000
      0.00000
      0.00000
      0.00000
      0.00000
      0.00000
  0.000131419
  0.000572478
   0.00221141
   0.00555192
    0.0109865
    0.0194577
    0.0308312
    0.0442440
    0.0551445
    0.0640922
    0.0702863
    0.0769962
    0.0838953
    0.0938205
     0.105272
     0.118288
     0.133207
     0.151271
     0.170618
     0.184006
     0.186656
     0.178966
     0.163880
     0.146266
     0.127905
     0.110342
    0.0952915
    0.0833514
    0.0748330
    0.0662278
    0.0580035
    0.0500398
    0.0442247
    0.0392399
    0.0347745
    0.0314340
    0.0269305
    0.0219043
    0.0159641
    0.0106771
   0.00642626
   0.00347212
   0.00151846
  0.000676805
  0.000110746
  9.13389e-10
  9.13389e-10
  9.13389e-10
  9.13389e-10
  9.13389e-10
  9.13389e-10
  9.13389e-10
  9.13389e-10
  9.13389e-10
  9.13389e-10
  9.13389e-10
  9.13389e-10
  9.13389e-10
  9.13389e-10
  9.13389e-10
  9.13389e-10
  9.13389e-10
  9.13389e-10
  9.13389e-10
  9.13389e-10
  9.13389e-10
  9.13389e-10
      0.00000
