      0.00000
      0.00000
      0.00000
      0.00000
      0.00000
      0.00000
      0.00000
      0.00000
      0.00000
      0.00000
      0.00000
  1.52711e-05
   0.00793292
    0.0196843
    0.0400586
    0.0645544
    0.0979684
     0.137551
     0.163718
     0.162107
     0.124964
    0.0826295
    0.0511155
    0.0307448
    0.0144984
   0.00245809
  2.30565e-09
  2.30565e-09
  2.30565e-09
  2.30565e-09
  2.30565e-09
  2.30565e-09
  2.30565e-09
  2.30565e-09
  2.30565e-09
  2.30565e-09
      0.00000
