      0.00000
      0.00000
      0.00000
      0.00000
      0.00000
      0.00000
      0.00000
      0.00000
      0.00000
      0.00000
      0.00000
      0.00000
      0.00000
  0.000790012
   0.00198421
   0.00389695
   0.00539023
   0.00747098
    0.0100464
    0.0150440
    0.0202479
    0.0267007
    0.0328909
    0.0410765
    0.0492896
    0.0580809
    0.0634708
    0.0655616
    0.0671692
    0.0682148
    0.0673669
    0.0641348
    0.0550203
    0.0463910
    0.0377124
    0.0345926
    0.0327231
    0.0308345
    0.0279060
    0.0244524
    0.0182208
    0.0123052
   0.00688837
   0.00306563
   0.00104407
  1.63080e-05
 -4.24098e-09
 -4.24098e-09
 -4.24098e-09
 -4.24098e-09
 -4.24098e-09
 -4.24098e-09
 -4.24098e-09
 -4.24098e-09
 -4.24098e-09
 -4.24098e-09
 -4.24098e-09
 -4.24098e-09
 -4.24098e-09
      0.00000
