      0.00000
      0.00000
      0.00000
      0.00000
      0.00000
      0.00000
      0.00000
      0.00000
      0.00000
      0.00000
      0.00000
      0.00000
      0.00000
      0.00000
      0.00000
      0.00000
      0.00000
      0.00000
      0.00000
      0.00000
      0.00000
      0.00000
      0.00000
      0.00000
      0.00000
      0.00000
      0.00000
      0.00000
      0.00000
  0.000942670
   0.00468826
    0.0151089
    0.0280657
    0.0464191
    0.0625198
    0.0847463
     0.106497
     0.125538
     0.128065
     0.117855
    0.0940554
    0.0706591
    0.0464189
    0.0330934
    0.0208865
    0.0114549
   0.00301738
 -3.16268e-05
  2.26066e-09
  2.26066e-09
  2.26066e-09
  2.26066e-09
  2.26066e-09
  2.26066e-09
  2.26066e-09
  2.26066e-09
  2.26066e-09
  2.26066e-09
  2.26066e-09
  2.26066e-09
  2.26066e-09
  2.26066e-09
  2.26066e-09
  2.26066e-09
  2.26066e-09
  2.26066e-09
  2.26066e-09
  2.26066e-09
  2.26066e-09
  2.26066e-09
  2.26066e-09
  2.26066e-09
  2.26066e-09
  2.26066e-09
      0.00000
