      0.00000
      0.00000
      0.00000
      0.00000
      0.00000
      0.00000
      0.00000
      0.00000
      0.00000
      0.00000
   0.00326584
    0.0167200
    0.0328887
    0.0453966
    0.0535691
    0.0698460
    0.0783274
    0.0798141
    0.0705095
    0.0645148
    0.0608867
    0.0682603
    0.0730374
    0.0734418
    0.0624601
    0.0535568
    0.0447010
    0.0293687
    0.0152344
   0.00420059
  1.18942e-09
  1.18942e-09
  1.18942e-09
  1.18942e-09
  1.18942e-09
  1.18942e-09
  1.18942e-09
  1.18942e-09
      0.00000
