      0.00000
      0.00000
      0.00000
      0.00000
      0.00000
      0.00000
      0.00000
      0.00000
      0.00000
      0.00000
      0.00000
      0.00000
      0.00000
      0.00000
      0.00000
      0.00000
      0.00000
      0.00000
      0.00000
      0.00000
      0.00000
      0.00000
      0.00000
      0.00000
      0.00000
      0.00000
      0.00000
  5.60776e-05
  0.000130259
  0.000331599
  0.000617499
   0.00110877
   0.00172470
   0.00234691
   0.00295567
   0.00353311
   0.00511002
   0.00766889
    0.0108964
    0.0151970
    0.0265882
    0.0648479
     0.146746
     0.385410
     0.665926
     0.719765
     0.524431
     0.226437
    0.0926448
    0.0390853
    0.0177003
    0.0120532
   0.00898943
   0.00607302
   0.00381279
   0.00274177
   0.00221172
   0.00159085
  0.000889911
  0.000318286
  5.94020e-05
  7.63622e-07
 -1.96803e-09
 -1.96803e-09
 -1.96803e-09
 -1.96803e-09
 -1.96803e-09
 -1.96803e-09
 -1.96803e-09
 -1.96803e-09
 -1.96803e-09
 -1.96803e-09
 -1.96803e-09
 -1.96803e-09
 -1.96803e-09
 -1.96803e-09
 -1.96803e-09
 -1.96803e-09
 -1.96803e-09
 -1.96803e-09
 -1.96803e-09
 -1.96803e-09
 -1.96803e-09
 -1.96803e-09
 -1.96803e-09
 -1.96803e-09
 -1.96803e-09
 -1.96803e-09
 -1.96803e-09
      0.00000
