      0.00000
      0.00000
      0.00000
      0.00000
      0.00000
      0.00000
      0.00000
      0.00000
      0.00000
      0.00000
      0.00000
      0.00000
      0.00000
      0.00000
      0.00000
      0.00000
      0.00000
      0.00000
      0.00000
  0.000693875
   0.00202003
   0.00384283
   0.00515263
   0.00689347
   0.00919201
    0.0115960
    0.0135741
    0.0168263
    0.0224747
    0.0268890
    0.0318396
    0.0308253
    0.0322407
    0.0304092
    0.0325793
    0.0330176
    0.0363949
    0.0412573
    0.0472563
    0.0535756
    0.0600146
    0.0667687
    0.0682272
    0.0670211
    0.0614148
    0.0535995
    0.0440152
    0.0341089
    0.0250111
    0.0164713
   0.00914594
   0.00441520
   0.00123219
  3.68945e-06
  1.58446e-09
  1.58446e-09
  1.58446e-09
  1.58446e-09
  1.58446e-09
  1.58446e-09
  1.58446e-09
  1.58446e-09
  1.58446e-09
  1.58446e-09
  1.58446e-09
  1.58446e-09
  1.58446e-09
  1.58446e-09
  1.58446e-09
  1.58446e-09
  1.58446e-09
  1.58446e-09
  1.58446e-09
  1.58446e-09
      0.00000
