      0.00000
      0.00000
      0.00000
      0.00000
      0.00000
      0.00000
      0.00000
      0.00000
      0.00000
      0.00000
      0.00000
      0.00000
      0.00000
      0.00000
      0.00000
      0.00000
      0.00000
      0.00000
      0.00000
      0.00000
      0.00000
 -2.40486e-05
  0.000204622
   0.00130523
   0.00322056
   0.00706405
    0.0128037
    0.0238733
    0.0356759
    0.0451063
    0.0463837
    0.0433665
    0.0389251
    0.0382253
    0.0453363
    0.0597929
    0.0787003
    0.0940491
    0.0977015
    0.0886213
    0.0708084
    0.0531422
    0.0389406
    0.0276328
    0.0191349
    0.0129061
   0.00867461
   0.00542168
   0.00248632
  0.000521017
  3.35571e-10
  3.35571e-10
  3.35571e-10
  3.35571e-10
  3.35571e-10
  3.35571e-10
  3.35571e-10
  3.35571e-10
  3.35571e-10
  3.35571e-10
  3.35571e-10
  3.35571e-10
  3.35571e-10
  3.35571e-10
  3.35571e-10
  3.35571e-10
  3.35571e-10
  3.35571e-10
  3.35571e-10
  3.35571e-10
  3.35571e-10
      0.00000
