      0.00000
      0.00000
      0.00000
      0.00000
      0.00000
      0.00000
      0.00000
      0.00000
      0.00000
      0.00000
      0.00000
      0.00000
   0.00155409
    0.0127321
    0.0381601
    0.0772828
     0.131428
     0.180370
     0.190391
     0.157213
     0.102706
    0.0612305
    0.0319215
    0.0120966
   0.00287452
  3.87770e-05
 -2.17134e-09
 -2.17134e-09
 -2.17134e-09
 -2.17134e-09
 -2.17134e-09
 -2.17134e-09
 -2.17134e-09
 -2.17134e-09
 -2.17134e-09
 -2.17134e-09
      0.00000
