      0.00000
      0.00000
      0.00000
      0.00000
      0.00000
      0.00000
      0.00000
      0.00000
      0.00000
      0.00000
      0.00000
      0.00000
      0.00000
      0.00000
      0.00000
      0.00000
      0.00000
      0.00000
   0.00395655
   0.00921377
    0.0158391
    0.0197360
    0.0271666
    0.0356651
    0.0483126
    0.0588744
    0.0697429
    0.0790970
    0.0860272
    0.0863880
    0.0804095
    0.0712455
    0.0641694
    0.0567781
    0.0486610
    0.0386288
    0.0306170
    0.0241773
    0.0206884
    0.0141735
   0.00796756
   0.00221160
  0.000252973
  1.01916e-09
  1.01916e-09
  1.01916e-09
  1.01916e-09
  1.01916e-09
  1.01916e-09
  1.01916e-09
  1.01916e-09
  1.01916e-09
  1.01916e-09
  1.01916e-09
  1.01916e-09
  1.01916e-09
  1.01916e-09
  1.01916e-09
  1.01916e-09
      0.00000
