      0.00000
      0.00000
      0.00000
      0.00000
      0.00000
      0.00000
      0.00000
      0.00000
      0.00000
      0.00000
      0.00000
      0.00000
      0.00000
   0.00155191
   0.00777380
    0.0174347
    0.0247557
    0.0331881
    0.0430983
    0.0620419
    0.0897248
     0.124277
     0.131729
     0.117135
    0.0835065
    0.0657018
    0.0505348
    0.0390580
    0.0252229
    0.0179865
    0.0132567
    0.0137758
    0.0103095
   0.00943381
   0.00853744
   0.00668105
   0.00326819
  1.65498e-05
 -1.13000e-09
 -1.13000e-09
 -1.13000e-09
 -1.13000e-09
 -1.13000e-09
 -1.13000e-09
 -1.13000e-09
 -1.13000e-09
      0.00000
