      0.00000
      0.00000
      0.00000
      0.00000
      0.00000
      0.00000
      0.00000
      0.00000
      0.00000
      0.00000
      0.00000
      0.00000
      0.00000
      0.00000
      0.00000
      0.00000
      0.00000
      0.00000
      0.00000
      0.00000
      0.00000
  7.62194e-08
  0.000416156
   0.00243103
   0.00556033
    0.0120258
    0.0215968
    0.0328753
    0.0422039
    0.0495649
    0.0546165
    0.0600589
    0.0642128
    0.0686208
    0.0706060
    0.0693963
    0.0649281
    0.0598226
    0.0541029
    0.0476384
    0.0407664
    0.0345612
    0.0307809
    0.0259327
    0.0230611
    0.0197812
    0.0159412
    0.0113684
   0.00689570
   0.00508307
   0.00303297
   0.00163600
  0.000476407
  4.96782e-06
  1.72204e-09
  1.72204e-09
  1.72204e-09
  1.72204e-09
  1.72204e-09
  1.72204e-09
  1.72204e-09
  1.72204e-09
  1.72204e-09
  1.72204e-09
  1.72204e-09
  1.72204e-09
  1.72204e-09
  1.72204e-09
  1.72204e-09
  1.72204e-09
  1.72204e-09
      0.00000
