      0.00000
      0.00000
      0.00000
      0.00000
      0.00000
      0.00000
      0.00000
      0.00000
      0.00000
      0.00000
      0.00000
      0.00000
      0.00000
      0.00000
      0.00000
      0.00000
      0.00000
  8.11742e-05
  0.000496766
   0.00212249
   0.00451213
    0.0101538
    0.0143297
    0.0190230
    0.0234403
    0.0374536
    0.0614130
    0.0908941
     0.111736
     0.112675
    0.0974305
    0.0763183
    0.0609921
    0.0513149
    0.0475899
    0.0445046
    0.0409604
    0.0324173
    0.0238271
    0.0154187
   0.00966849
   0.00502531
   0.00259205
   0.00162757
   0.00128008
  0.000631930
  6.98659e-05
  3.21873e-09
  3.21873e-09
  3.21873e-09
  3.21873e-09
  3.21873e-09
  3.21873e-09
  3.21873e-09
  3.21873e-09
  3.21873e-09
  3.21873e-09
  3.21873e-09
  3.21873e-09
  3.21873e-09
      0.00000
