      0.00000
      0.00000
      0.00000
      0.00000
      0.00000
      0.00000
      0.00000
      0.00000
      0.00000
      0.00000
      0.00000
  0.000166795
   0.00739117
    0.0191052
    0.0388876
    0.0638123
    0.0965970
     0.135016
     0.161147
     0.161853
     0.128408
    0.0876485
    0.0537385
    0.0308558
    0.0133345
   0.00204012
  7.81362e-09
  7.81362e-09
  7.81362e-09
  7.81362e-09
  7.81362e-09
  7.81362e-09
  7.81362e-09
  7.81362e-09
  7.81362e-09
  7.81362e-09
      0.00000
