      0.00000
      0.00000
      0.00000
      0.00000
      0.00000
      0.00000
      0.00000
      0.00000
      0.00000
      0.00000
      0.00000
      0.00000
      0.00000
      0.00000
      0.00000
      0.00000
      0.00000
      0.00000
      0.00000
   0.00165695
   0.00446585
   0.00745456
    0.0130792
    0.0289977
    0.0665144
     0.122805
     0.200435
     0.276380
     0.337949
     0.380662
     0.411298
     0.441755
     0.458022
     0.449221
     0.417340
     0.380931
     0.353764
     0.326092
     0.294504
     0.258877
     0.225652
     0.176069
     0.128449
    0.0846183
    0.0617327
    0.0437003
    0.0289970
    0.0141810
   0.00434157
  5.57929e-05
  1.03127e-09
  1.03127e-09
  1.03127e-09
  1.03127e-09
  1.03127e-09
  1.03127e-09
  1.03127e-09
  1.03127e-09
  1.03127e-09
  1.03127e-09
  1.03127e-09
  1.03127e-09
  1.03127e-09
  1.03127e-09
  1.03127e-09
  1.03127e-09
      0.00000
