      0.00000
      0.00000
      0.00000
      0.00000
      0.00000
      0.00000
      0.00000
      0.00000
      0.00000
      0.00000
      0.00000
   0.00234462
    0.0143682
    0.0285724
    0.0547851
    0.0747298
    0.0866922
    0.0898930
    0.0807088
    0.0739895
    0.0682916
    0.0804073
    0.0903943
    0.0919828
    0.0748846
    0.0536911
    0.0260361
   0.00823468
 -6.25839e-06
  1.32923e-09
  1.32923e-09
  1.32923e-09
  1.32923e-09
  1.32923e-09
  1.32923e-09
  1.32923e-09
  1.32923e-09
  1.32923e-09
      0.00000
