      0.00000
      0.00000
      0.00000
      0.00000
      0.00000
      0.00000
      0.00000
      0.00000
      0.00000
      0.00000
      0.00000
      0.00000
      0.00000
      0.00000
      0.00000
      0.00000
      0.00000
      0.00000
      0.00000
      0.00000
      0.00000
      0.00000
  0.000504451
   0.00367381
    0.0105487
    0.0196501
    0.0335894
    0.0468525
    0.0594685
    0.0650406
    0.0653726
    0.0611078
    0.0586724
    0.0592962
    0.0637355
    0.0674051
    0.0698128
    0.0660826
    0.0594166
    0.0516960
    0.0450150
    0.0355059
    0.0244867
    0.0158133
   0.00988841
   0.00526793
   0.00195618
  0.000141124
  1.74248e-09
  1.74248e-09
  1.74248e-09
  1.74248e-09
  1.74248e-09
  1.74248e-09
  1.74248e-09
  1.74248e-09
  1.74248e-09
  1.74248e-09
  1.74248e-09
  1.74248e-09
  1.74248e-09
  1.74248e-09
  1.74248e-09
  1.74248e-09
  1.74248e-09
  1.74248e-09
      0.00000
