      0.00000
      0.00000
      0.00000
      0.00000
      0.00000
      0.00000
      0.00000
      0.00000
      0.00000
      0.00000
      0.00000
      0.00000
      0.00000
      0.00000
      0.00000
      0.00000
      0.00000
      0.00000
      0.00000
      0.00000
      0.00000
      0.00000
      0.00000
      0.00000
      0.00000
  3.66681e-06
  0.000592759
   0.00136259
   0.00428835
   0.00985893
    0.0173066
    0.0239181
    0.0344392
    0.0441214
    0.0571416
    0.0642165
    0.0719637
    0.0810111
    0.0938837
     0.101396
    0.0981302
    0.0856087
    0.0683082
    0.0525736
    0.0376719
    0.0284302
    0.0162666
   0.00706162
  0.000445037
 -1.33257e-09
 -1.33257e-09
 -1.33257e-09
 -1.33257e-09
 -1.33257e-09
 -1.33257e-09
 -1.33257e-09
 -1.33257e-09
 -1.33257e-09
 -1.33257e-09
 -1.33257e-09
 -1.33257e-09
 -1.33257e-09
 -1.33257e-09
 -1.33257e-09
 -1.33257e-09
 -1.33257e-09
 -1.33257e-09
 -1.33257e-09
 -1.33257e-09
 -1.33257e-09
 -1.33257e-09
 -1.33257e-09
 -1.33257e-09
 -1.33257e-09
      0.00000
