      0.00000
      0.00000
      0.00000
      0.00000
      0.00000
      0.00000
      0.00000
      0.00000
      0.00000
      0.00000
      0.00000
      0.00000
      0.00000
      0.00000
      0.00000
      0.00000
      0.00000
      0.00000
      0.00000
      0.00000
      0.00000
      0.00000
  2.62926e-05
  0.000667060
   0.00224460
   0.00478737
   0.00776620
    0.0110098
    0.0169313
    0.0289197
    0.0521740
    0.0920271
     0.144200
     0.174172
     0.162589
     0.117308
    0.0725514
    0.0435436
    0.0263090
    0.0162767
    0.0108747
   0.00722642
   0.00465357
   0.00253373
  0.000936935
  0.000251360
  2.02130e-05
  3.88548e-09
  3.88548e-09
  3.88548e-09
  3.88548e-09
  3.88548e-09
  3.88548e-09
  3.88548e-09
  3.88548e-09
  3.88548e-09
  3.88548e-09
  3.88548e-09
  3.88548e-09
  3.88548e-09
  3.88548e-09
  3.88548e-09
  3.88548e-09
  3.88548e-09
  3.88548e-09
  3.88548e-09
  3.88548e-09
      0.00000
