      0.00000
      0.00000
      0.00000
      0.00000
      0.00000
      0.00000
      0.00000
      0.00000
      0.00000
      0.00000
      0.00000
      0.00000
      0.00000
      0.00000
      0.00000
      0.00000
      0.00000
      0.00000
      0.00000
      0.00000
      0.00000
      0.00000
      0.00000
      0.00000
      0.00000
      0.00000
      0.00000
      0.00000
   0.00253841
   0.00884542
    0.0167678
    0.0278356
    0.0396901
    0.0589113
    0.0812897
     0.102433
     0.115001
     0.116169
     0.109993
    0.0972040
    0.0799979
    0.0588765
    0.0401173
    0.0249933
    0.0134952
   0.00533202
  0.000508995
 -2.04385e-10
 -2.04385e-10
 -2.04385e-10
 -2.04385e-10
 -2.04385e-10
 -2.04385e-10
 -2.04385e-10
 -2.04385e-10
 -2.04385e-10
 -2.04385e-10
 -2.04385e-10
 -2.04385e-10
 -2.04385e-10
 -2.04385e-10
 -2.04385e-10
 -2.04385e-10
 -2.04385e-10
 -2.04385e-10
 -2.04385e-10
 -2.04385e-10
 -2.04385e-10
 -2.04385e-10
 -2.04385e-10
 -2.04385e-10
 -2.04385e-10
 -2.04385e-10
 -2.04385e-10
      0.00000
