      0.00000
      0.00000
      0.00000
      0.00000
      0.00000
      0.00000
      0.00000
      0.00000
      0.00000
      0.00000
      0.00000
      0.00000
      0.00000
      0.00000
      0.00000
      0.00000
      0.00000
  8.11742e-05
  0.000656596
   0.00318530
   0.00808563
    0.0212290
    0.0382337
    0.0657432
     0.107600
     0.179318
     0.299391
     0.468435
     0.650433
     0.785355
     0.813118
     0.725324
     0.564315
     0.397999
     0.280891
     0.203592
     0.153899
     0.101872
    0.0625579
    0.0315348
    0.0176237
   0.00877642
   0.00459797
   0.00304839
   0.00210258
  0.000930317
  6.98778e-05
  1.51444e-08
  1.51444e-08
  1.51444e-08
  1.51444e-08
  1.51444e-08
  1.51444e-08
  1.51444e-08
  1.51444e-08
  1.51444e-08
  1.51444e-08
  1.51444e-08
  1.51444e-08
  1.51444e-08
      0.00000
