      0.00000
      0.00000
      0.00000
      0.00000
      0.00000
      0.00000
      0.00000
      0.00000
      0.00000
      0.00000
      0.00000
      0.00000
      0.00000
      0.00000
      0.00000
  0.000445437
   0.00639869
    0.0174297
    0.0400011
    0.0663133
     0.100163
     0.134810
     0.151269
     0.142014
     0.114099
    0.0845432
    0.0613791
    0.0379136
    0.0216568
    0.0110122
   0.00552895
   0.00315243
   0.00133588
  0.000534987
  2.89176e-08
  4.49404e-09
  4.49404e-09
  4.49404e-09
  4.49404e-09
  4.49404e-09
  4.49404e-09
  4.49404e-09
  4.49404e-09
  4.49404e-09
  4.49404e-09
  4.49404e-09
      0.00000
