      0.00000
      0.00000
      0.00000
      0.00000
      0.00000
      0.00000
      0.00000
      0.00000
      0.00000
      0.00000
      0.00000
      0.00000
      0.00000
      0.00000
      0.00000
      0.00000
      0.00000
      0.00000
      0.00000
      0.00000
      0.00000
      0.00000
   0.00105194
   0.00617252
    0.0134829
    0.0247413
    0.0424578
    0.0707127
     0.106493
     0.145324
     0.162774
     0.152333
     0.111786
    0.0711291
    0.0413388
    0.0246661
    0.0149832
   0.00737525
   0.00292764
  0.000251491
  5.10930e-09
  5.10930e-09
  5.10930e-09
  5.10930e-09
  5.10930e-09
  5.10930e-09
  5.10930e-09
  5.10930e-09
  5.10930e-09
  5.10930e-09
  5.10930e-09
  5.10930e-09
  5.10930e-09
  5.10930e-09
  5.10930e-09
  5.10930e-09
  5.10930e-09
  5.10930e-09
  5.10930e-09
  5.10930e-09
      0.00000
