      0.00000
      0.00000
      0.00000
      0.00000
      0.00000
      0.00000
      0.00000
      0.00000
      0.00000
      0.00000
      0.00000
   0.00116106
   0.00934314
    0.0222005
    0.0458882
    0.0710617
    0.0994351
     0.118802
     0.131546
     0.125896
     0.109431
    0.0818596
    0.0624324
    0.0436109
    0.0301221
    0.0188021
    0.0143929
   0.00940064
   0.00456750
  4.68054e-05
  5.07092e-09
  5.07092e-09
  5.07092e-09
  5.07092e-09
  5.07092e-09
  5.07092e-09
  5.07092e-09
  5.07092e-09
      0.00000
