      0.00000
      0.00000
      0.00000
      0.00000
      0.00000
      0.00000
      0.00000
      0.00000
      0.00000
      0.00000
      0.00000
  3.68756e-05
   0.00534991
    0.0141719
    0.0335435
    0.0617515
     0.113388
     0.172917
     0.193097
     0.165902
     0.105465
    0.0647324
    0.0374051
    0.0213713
   0.00840286
   0.00246642
  7.25748e-09
  7.25748e-09
  7.25748e-09
  7.25748e-09
  7.25748e-09
  7.25748e-09
  7.25748e-09
  7.25748e-09
  7.25748e-09
  7.25748e-09
      0.00000
