      0.00000
      0.00000
      0.00000
      0.00000
      0.00000
      0.00000
      0.00000
      0.00000
      0.00000
      0.00000
      0.00000
      0.00000
      0.00000
      0.00000
  4.97355e-06
   0.00167901
   0.00572070
    0.0106972
    0.0174845
    0.0247965
    0.0336932
    0.0396254
    0.0465283
    0.0521990
    0.0580675
    0.0605732
    0.0637166
    0.0654279
    0.0659230
    0.0651144
    0.0610244
    0.0562796
    0.0504287
    0.0475964
    0.0430566
    0.0372261
    0.0298183
    0.0230622
    0.0163962
    0.0112768
   0.00714833
   0.00385700
   0.00133316
  0.000244918
  3.15734e-09
  3.15734e-09
  3.15734e-09
  3.15734e-09
  3.15734e-09
  3.15734e-09
  3.15734e-09
  3.15734e-09
  3.15734e-09
  3.15734e-09
  3.15734e-09
  3.15734e-09
      0.00000
