      0.00000
      0.00000
      0.00000
      0.00000
      0.00000
      0.00000
      0.00000
      0.00000
      0.00000
      0.00000
      0.00000
      0.00000
      0.00000
      0.00000
      0.00000
      0.00000
      0.00000
      0.00000
      0.00000
      0.00000
  0.000987716
   0.00214071
   0.00343083
   0.00680265
    0.0139755
    0.0235982
    0.0337107
    0.0422900
    0.0522443
    0.0607134
    0.0704162
    0.0827625
    0.0901480
    0.0878491
    0.0749462
    0.0612912
    0.0519809
    0.0444072
    0.0398235
    0.0344943
    0.0322213
    0.0267629
    0.0214871
    0.0136638
   0.00915657
   0.00725130
   0.00600327
   0.00393675
   0.00144828
  5.57932e-05
  1.27735e-09
  1.27735e-09
  1.27735e-09
  1.27735e-09
  1.27735e-09
  1.27735e-09
  1.27735e-09
  1.27735e-09
  1.27735e-09
  1.27735e-09
  1.27735e-09
  1.27735e-09
  1.27735e-09
  1.27735e-09
  1.27735e-09
  1.27735e-09
      0.00000
