      0.00000
      0.00000
      0.00000
      0.00000
      0.00000
      0.00000
      0.00000
      0.00000
      0.00000
      0.00000
      0.00000
      0.00000
      0.00000
      0.00000
      0.00000
      0.00000
      0.00000
      0.00000
      0.00000
      0.00000
      0.00000
      0.00000
      0.00000
      0.00000
      0.00000
      0.00000
      0.00000
      0.00000
      0.00000
      0.00000
      0.00000
      0.00000
  0.000353616
   0.00116230
   0.00159889
   0.00215567
   0.00261474
   0.00306561
   0.00272568
   0.00392435
   0.00626505
   0.00984154
    0.0129751
    0.0150656
    0.0175166
    0.0173839
    0.0186814
    0.0200952
    0.0241531
    0.0284636
    0.0334354
    0.0407948
    0.0494553
    0.0603142
    0.0683390
    0.0740662
    0.0732247
    0.0679021
    0.0594770
    0.0520860
    0.0447153
    0.0380216
    0.0304915
    0.0261342
    0.0227059
    0.0194209
    0.0159704
    0.0131465
   0.00966685
   0.00593651
   0.00264165
   0.00188680
   0.00132769
  0.000679236
  0.000118577
  1.08450e-09
  1.08450e-09
  1.08450e-09
  1.08450e-09
  1.08450e-09
  1.08450e-09
  1.08450e-09
  1.08450e-09
  1.08450e-09
  1.08450e-09
  1.08450e-09
  1.08450e-09
  1.08450e-09
  1.08450e-09
  1.08450e-09
  1.08450e-09
  1.08450e-09
  1.08450e-09
  1.08450e-09
  1.08450e-09
  1.08450e-09
  1.08450e-09
  1.08450e-09
  1.08450e-09
  1.08450e-09
  1.08450e-09
  1.08450e-09
  1.08450e-09
  1.08450e-09
  1.08450e-09
  1.08450e-09
  1.08450e-09
  1.08450e-09
  1.08450e-09
  1.08450e-09
      0.00000
