      0.00000
      0.00000
      0.00000
      0.00000
      0.00000
      0.00000
      0.00000
      0.00000
      0.00000
      0.00000
      0.00000
      0.00000
      0.00000
      0.00000
      0.00000
      0.00000
      0.00000
      0.00000
      0.00000
      0.00000
      0.00000
      0.00000
      0.00000
      0.00000
      0.00000
      0.00000
      0.00000
      0.00000
      0.00000
      0.00000
      0.00000
      0.00000
  6.54007e-05
  0.000943818
   0.00257922
   0.00441536
   0.00612849
   0.00752506
   0.00699481
   0.00689654
   0.00698176
   0.00795001
   0.00824338
   0.00912618
    0.0127173
    0.0163545
    0.0178287
    0.0181512
    0.0196103
    0.0230094
    0.0296069
    0.0370272
    0.0474907
    0.0566185
    0.0678448
    0.0774408
    0.0831019
    0.0792281
    0.0695620
    0.0575842
    0.0476584
    0.0384814
    0.0327668
    0.0292059
    0.0245617
    0.0185344
    0.0127663
   0.00873428
   0.00482650
   0.00142548
  1.21391e-05
 -1.25795e-09
 -1.25795e-09
 -1.25795e-09
 -1.25795e-09
 -1.25795e-09
 -1.25795e-09
 -1.25795e-09
 -1.25795e-09
 -1.25795e-09
 -1.25795e-09
 -1.25795e-09
 -1.25795e-09
 -1.25795e-09
 -1.25795e-09
 -1.25795e-09
 -1.25795e-09
 -1.25795e-09
 -1.25795e-09
 -1.25795e-09
 -1.25795e-09
 -1.25795e-09
 -1.25795e-09
 -1.25795e-09
 -1.25795e-09
 -1.25795e-09
 -1.25795e-09
 -1.25795e-09
 -1.25795e-09
 -1.25795e-09
 -1.25795e-09
 -1.25795e-09
 -1.25795e-09
 -1.25795e-09
 -1.25795e-09
 -1.25795e-09
 -1.25795e-09
 -1.25795e-09
 -1.25795e-09
 -1.25795e-09
      0.00000
