      0.00000
      0.00000
      0.00000
      0.00000
      0.00000
      0.00000
      0.00000
      0.00000
      0.00000
      0.00000
      0.00000
      0.00000
      0.00000
      0.00000
      0.00000
  0.000711440
   0.00325447
   0.00664238
    0.0123323
    0.0189294
    0.0293515
    0.0379948
    0.0485614
    0.0542462
    0.0614175
    0.0640048
    0.0701591
    0.0714653
    0.0726289
    0.0688105
    0.0658318
    0.0598901
    0.0538609
    0.0487572
    0.0431821
    0.0358201
    0.0265619
    0.0185155
    0.0125227
   0.00778538
   0.00436658
   0.00191997
  0.000475684
 -1.64763e-10
 -1.64763e-10
 -1.64763e-10
 -1.64763e-10
 -1.64763e-10
 -1.64763e-10
 -1.64763e-10
 -1.64763e-10
 -1.64763e-10
 -1.64763e-10
 -1.64763e-10
 -1.64763e-10
 -1.64763e-10
      0.00000
