      0.00000
      0.00000
      0.00000
      0.00000
      0.00000
      0.00000
      0.00000
      0.00000
      0.00000
  0.000428367
   0.00507526
    0.0392228
    0.0834470
     0.137729
     0.202322
     0.283623
     0.345899
     0.342872
     0.318796
     0.273197
     0.281529
     0.309235
     0.340412
     0.330086
     0.277601
     0.212681
     0.133101
    0.0602021
    0.0183396
   0.00420059
  2.16750e-10
  2.16750e-10
  2.16750e-10
  2.16750e-10
  2.16750e-10
  2.16750e-10
  2.16750e-10
  2.16750e-10
      0.00000
