      0.00000
      0.00000
      0.00000
      0.00000
      0.00000
      0.00000
      0.00000
      0.00000
      0.00000
      0.00000
      0.00000
      0.00000
      0.00000
      0.00000
  4.09873e-05
  0.000687569
   0.00208637
   0.00363715
   0.00794725
    0.0154786
    0.0221273
    0.0302279
    0.0358348
    0.0434315
    0.0489145
    0.0563821
    0.0621427
    0.0655528
    0.0672848
    0.0673832
    0.0680711
    0.0629908
    0.0568334
    0.0475701
    0.0390089
    0.0342393
    0.0297262
    0.0285035
    0.0271071
    0.0239722
    0.0193185
    0.0133699
   0.00969772
   0.00644498
   0.00302065
  0.000965920
 -2.56501e-09
 -2.56501e-09
 -2.56501e-09
 -2.56501e-09
 -2.56501e-09
 -2.56501e-09
 -2.56501e-09
 -2.56501e-09
 -2.56501e-09
 -2.56501e-09
 -2.56501e-09
 -2.56501e-09
 -2.56501e-09
      0.00000
