      0.00000
      0.00000
      0.00000
      0.00000
      0.00000
      0.00000
      0.00000
      0.00000
      0.00000
      0.00000
      0.00000
      0.00000
      0.00000
   0.00133958
   0.00458960
    0.0101190
    0.0157511
    0.0253109
    0.0457950
    0.0802465
     0.115688
     0.149706
     0.189569
     0.236899
     0.294493
     0.347267
     0.391286
     0.422985
     0.442346
     0.444843
     0.427789
     0.397099
     0.352235
     0.302743
     0.252426
     0.216511
     0.190261
     0.167196
     0.151911
     0.124833
    0.0911386
    0.0543808
    0.0297515
    0.0156213
   0.00634533
   0.00152358
 -9.14314e-09
 -9.14314e-09
 -9.14314e-09
 -9.14314e-09
 -9.14314e-09
 -9.14314e-09
 -9.14314e-09
 -9.14314e-09
 -9.14314e-09
 -9.14314e-09
 -9.14314e-09
 -9.14314e-09
 -9.14314e-09
      0.00000
