      0.00000
      0.00000
      0.00000
      0.00000
      0.00000
      0.00000
      0.00000
      0.00000
      0.00000
      0.00000
      0.00000
      0.00000
      0.00000
      0.00000
  0.000349062
   0.00576031
    0.0182051
    0.0344887
    0.0583541
    0.0842501
     0.119470
     0.154652
     0.206129
     0.255099
     0.315414
     0.382506
     0.480908
     0.573178
     0.618006
     0.581509
     0.490473
     0.392616
     0.308767
     0.246801
     0.189215
     0.146939
     0.110252
    0.0813822
    0.0567286
    0.0383813
    0.0251664
    0.0154344
   0.00673366
   0.00252360
  0.000307392
  7.08092e-10
  7.08092e-10
  7.08092e-10
  7.08092e-10
  7.08092e-10
  7.08092e-10
  7.08092e-10
  7.08092e-10
  7.08092e-10
  7.08092e-10
  7.08092e-10
      0.00000
