      0.00000
      0.00000
      0.00000
      0.00000
      0.00000
      0.00000
      0.00000
      0.00000
      0.00000
      0.00000
      0.00000
      0.00000
      0.00000
      0.00000
      0.00000
      0.00000
      0.00000
      0.00000
      0.00000
      0.00000
      0.00000
  3.47883e-05
   0.00210834
   0.00645461
    0.0154366
    0.0254852
    0.0422050
    0.0683278
     0.102368
     0.138045
     0.160192
     0.152396
     0.118807
    0.0734507
    0.0431095
    0.0248219
    0.0153837
   0.00786632
   0.00299991
  0.000507462
  5.92098e-09
  5.92098e-09
  5.92098e-09
  5.92098e-09
  5.92098e-09
  5.92098e-09
  5.92098e-09
  5.92098e-09
  5.92098e-09
  5.92098e-09
  5.92098e-09
  5.92098e-09
  5.92098e-09
  5.92098e-09
  5.92098e-09
  5.92098e-09
  5.92098e-09
  5.92098e-09
  5.92098e-09
  5.92098e-09
      0.00000
