      0.00000
      0.00000
      0.00000
      0.00000
      0.00000
      0.00000
      0.00000
      0.00000
      0.00000
      0.00000
      0.00000
      0.00000
      0.00000
      0.00000
      0.00000
      0.00000
      0.00000
      0.00000
      0.00000
      0.00000
      0.00000
      0.00000
      0.00000
      0.00000
      0.00000
      0.00000
      0.00000
  5.94265e-08
  3.93907e-06
  6.75416e-05
  0.000224363
  0.000464805
  0.000702108
  0.000851698
  0.000925202
   0.00107420
   0.00153901
   0.00246284
   0.00348267
   0.00502963
   0.00871289
    0.0214375
    0.0486297
     0.126896
     0.221606
     0.240134
     0.176615
    0.0763500
    0.0312055
    0.0131618
   0.00586281
   0.00401762
   0.00305085
   0.00210299
   0.00130730
  0.000846809
  0.000600798
  0.000374852
  0.000192843
  4.63044e-05
  1.99171e-05
  7.70101e-07
  4.51051e-09
  4.51051e-09
  4.51051e-09
  4.51051e-09
  4.51051e-09
  4.51051e-09
  4.51051e-09
  4.51051e-09
  4.51051e-09
  4.51051e-09
  4.51051e-09
  4.51051e-09
  4.51051e-09
  4.51051e-09
  4.51051e-09
  4.51051e-09
  4.51051e-09
  4.51051e-09
  4.51051e-09
  4.51051e-09
  4.51051e-09
  4.51051e-09
  4.51051e-09
  4.51051e-09
  4.51051e-09
  4.51051e-09
  4.51051e-09
      0.00000
