      0.00000
      0.00000
      0.00000
      0.00000
      0.00000
      0.00000
      0.00000
      0.00000
      0.00000
      0.00000
      0.00000
      0.00000
      0.00000
      0.00000
      0.00000
   0.00140564
   0.00663927
    0.0160364
    0.0286155
    0.0425659
    0.0557746
    0.0767189
     0.103395
     0.126360
     0.129054
     0.118176
    0.0949784
    0.0708977
    0.0513376
    0.0385721
    0.0263178
    0.0112188
   0.00161199
  0.000323549
 -3.28928e-09
 -3.28928e-09
 -3.28928e-09
 -3.28928e-09
 -3.28928e-09
 -3.28928e-09
 -3.28928e-09
 -3.28928e-09
 -3.28928e-09
 -3.28928e-09
 -3.28928e-09
 -3.28928e-09
 -3.28928e-09
      0.00000
