      0.00000
      0.00000
      0.00000
      0.00000
      0.00000
      0.00000
      0.00000
      0.00000
      0.00000
      0.00000
      0.00000
      0.00000
      0.00000
      0.00000
  0.000857183
   0.00444129
   0.00880791
    0.0154703
    0.0216809
    0.0343342
    0.0500079
    0.0676834
    0.0792831
    0.0880147
    0.0919846
    0.0918008
    0.0872628
    0.0797556
    0.0701555
    0.0574073
    0.0444075
    0.0339851
    0.0238350
    0.0169623
    0.0127095
    0.0104781
   0.00641760
   0.00225718
 -4.92026e-10
 -4.92026e-10
 -4.92026e-10
 -4.92026e-10
 -4.92026e-10
 -4.92026e-10
 -4.92026e-10
 -4.92026e-10
 -4.92026e-10
 -4.92026e-10
 -4.92026e-10
 -4.92026e-10
 -4.92026e-10
      0.00000
