      0.00000
      0.00000
      0.00000
      0.00000
      0.00000
      0.00000
      0.00000
      0.00000
      0.00000
      0.00000
      0.00000
      0.00000
      0.00000
      0.00000
      0.00000
  0.000392042
   0.00263084
   0.00948384
    0.0169452
    0.0240486
    0.0315629
    0.0471408
    0.0783872
     0.130440
     0.172864
     0.179027
     0.135371
    0.0888175
    0.0474004
    0.0264750
   0.00717410
   0.00183935
 -3.85800e-09
 -3.85800e-09
 -3.85800e-09
 -3.85800e-09
 -3.85800e-09
 -3.85800e-09
 -3.85800e-09
 -3.85800e-09
 -3.85800e-09
 -3.85800e-09
 -3.85800e-09
 -3.85800e-09
 -3.85800e-09
 -3.85800e-09
 -3.85800e-09
      0.00000
