      0.00000
      0.00000
      0.00000
      0.00000
      0.00000
      0.00000
      0.00000
      0.00000
      0.00000
      0.00000
      0.00000
   0.00274600
    0.0131103
    0.0285424
    0.0439264
    0.0597807
    0.0807661
     0.106852
     0.142994
     0.183088
     0.225498
     0.260714
     0.280879
     0.291302
     0.280667
     0.259714
     0.219740
     0.175358
     0.131295
    0.0939480
    0.0614721
    0.0350394
    0.0159871
   0.00590340
  0.000675856
 -5.11309e-09
 -5.11309e-09
 -5.11309e-09
 -5.11309e-09
 -5.11309e-09
 -5.11309e-09
 -5.11309e-09
 -5.11309e-09
 -5.11309e-09
 -5.11309e-09
 -5.11309e-09
      0.00000
