      0.00000
      0.00000
      0.00000
      0.00000
      0.00000
      0.00000
      0.00000
      0.00000
      0.00000
      0.00000
      0.00000
      0.00000
      0.00000
      0.00000
      0.00000
      0.00000
      0.00000
      0.00000
      0.00000
      0.00000
      0.00000
      0.00000
      0.00000
      0.00000
      0.00000
      0.00000
      0.00000
      0.00000
      0.00000
      0.00000
      0.00000
      0.00000
      0.00000
      0.00000
      0.00000
      0.00000
  6.17143e-07
  6.46121e-05
  0.000122963
  0.000154221
  0.000147377
  0.000158836
  0.000233205
  0.000262452
  0.000306837
  0.000382592
  0.000521105
  0.000639236
  0.000757585
   0.00107073
   0.00174547
   0.00252957
   0.00357728
   0.00552917
    0.0129203
    0.0307189
    0.0871267
     0.196936
     0.248656
     0.214409
     0.108717
    0.0415120
    0.0183768
   0.00706640
   0.00427650
   0.00312135
   0.00223700
   0.00141649
  0.000940371
  0.000757423
  0.000660818
  0.000529058
  0.000434683
  0.000339959
  0.000295630
  0.000198920
  0.000105901
  3.07246e-05
  7.12664e-06
  3.23860e-06
  1.25379e-06
  7.50186e-09
  6.81853e-09
  6.81853e-09
  6.81853e-09
  6.81853e-09
  6.81853e-09
  6.81853e-09
  6.81853e-09
  6.81853e-09
  6.81853e-09
  6.81853e-09
  6.81853e-09
  6.81853e-09
  6.81853e-09
  6.81853e-09
  6.81853e-09
  6.81853e-09
  6.81853e-09
  6.81853e-09
  6.81853e-09
  6.81853e-09
  6.81853e-09
  6.81853e-09
  6.81853e-09
  6.81853e-09
  6.81853e-09
  6.81853e-09
  6.81853e-09
  6.81853e-09
  6.81853e-09
  6.81853e-09
  6.81853e-09
  6.81853e-09
  6.81853e-09
  6.81853e-09
  6.81853e-09
      0.00000
