      0.00000
      0.00000
      0.00000
      0.00000
      0.00000
      0.00000
      0.00000
      0.00000
      0.00000
      0.00000
  3.52112e-06
   0.00441665
   0.00864890
    0.0129464
    0.0139289
    0.0193209
    0.0251622
    0.0315587
    0.0363321
    0.0429577
    0.0552294
    0.0695284
    0.0801094
    0.0855516
    0.0835843
    0.0805242
    0.0735788
    0.0666860
    0.0576966
    0.0472914
    0.0384867
    0.0302417
    0.0203984
    0.0107460
   0.00369144
   0.00137966
 -1.39518e-09
 -1.39518e-09
 -1.39518e-09
 -1.39518e-09
 -1.39518e-09
 -1.39518e-09
 -1.39518e-09
 -1.39518e-09
 -1.39518e-09
 -1.39518e-09
 -1.39518e-09
      0.00000
