      0.00000
      0.00000
      0.00000
      0.00000
      0.00000
      0.00000
      0.00000
      0.00000
      0.00000
      0.00000
      0.00000
      0.00000
   0.00543507
    0.0233001
    0.0495968
    0.0841118
     0.133684
     0.161572
     0.165214
     0.133755
    0.0971622
    0.0696712
    0.0421308
    0.0250023
   0.00890131
  0.000463203
 -7.86691e-09
 -7.86691e-09
 -7.86691e-09
 -7.86691e-09
 -7.86691e-09
 -7.86691e-09
 -7.86691e-09
 -7.86691e-09
 -7.86691e-09
 -7.86691e-09
      0.00000
