      0.00000
      0.00000
      0.00000
      0.00000
      0.00000
      0.00000
      0.00000
      0.00000
      0.00000
      0.00000
      0.00000
      0.00000
      0.00000
      0.00000
  0.000955063
   0.00721311
    0.0197725
    0.0383298
    0.0618707
     0.104953
     0.164887
     0.240279
     0.313343
     0.385483
     0.438653
     0.452787
     0.423273
     0.359435
     0.287250
     0.217593
     0.160310
     0.114720
    0.0797702
    0.0543196
    0.0376936
    0.0230427
    0.0112527
   0.00281447
  8.95203e-09
  8.95203e-09
  8.95203e-09
  8.95203e-09
  8.95203e-09
  8.95203e-09
  8.95203e-09
  8.95203e-09
  8.95203e-09
  8.95203e-09
  8.95203e-09
  8.95203e-09
  8.95203e-09
      0.00000
