      0.00000
      0.00000
      0.00000
      0.00000
      0.00000
      0.00000
      0.00000
      0.00000
      0.00000
      0.00000
      0.00000
      0.00000
      0.00000
      0.00000
      0.00000
  0.000479856
   0.00448207
    0.0122912
    0.0230338
    0.0333724
    0.0435441
    0.0532857
    0.0649456
    0.0747574
    0.0819674
    0.0865666
    0.0958798
     0.112056
     0.140602
     0.172933
     0.192181
     0.183447
     0.150911
     0.113583
    0.0869579
    0.0690513
    0.0564872
    0.0441241
    0.0317175
    0.0255803
    0.0186351
    0.0148009
   0.00801270
   0.00353420
  0.000781262
  5.19161e-09
  5.19161e-09
  5.19161e-09
  5.19161e-09
  5.19161e-09
  5.19161e-09
  5.19161e-09
  5.19161e-09
  5.19161e-09
  5.19161e-09
  5.19161e-09
  5.19161e-09
  5.19161e-09
      0.00000
