      0.00000
      0.00000
      0.00000
      0.00000
      0.00000
      0.00000
      0.00000
      0.00000
      0.00000
      0.00000
      0.00000
      0.00000
      0.00000
      0.00000
      0.00000
      0.00000
      0.00000
      0.00000
      0.00000
      0.00000
      0.00000
      0.00000
      0.00000
      0.00000
      0.00000
      0.00000
      0.00000
  3.04716e-05
  0.000181901
  0.000483757
   0.00124132
   0.00275079
   0.00424333
   0.00627398
   0.00895396
    0.0131751
    0.0182838
    0.0241173
    0.0326392
    0.0445772
    0.0617369
    0.0822382
     0.105158
     0.120486
     0.117872
    0.0980991
    0.0724574
    0.0528574
    0.0386663
    0.0274893
    0.0196116
    0.0140113
    0.0111053
   0.00831483
   0.00608443
   0.00374663
   0.00175821
  0.000907363
  0.000307592
  0.000139469
 -2.22857e-10
 -2.22857e-10
 -2.22857e-10
 -2.22857e-10
 -2.22857e-10
 -2.22857e-10
 -2.22857e-10
 -2.22857e-10
 -2.22857e-10
 -2.22857e-10
 -2.22857e-10
 -2.22857e-10
 -2.22857e-10
 -2.22857e-10
 -2.22857e-10
 -2.22857e-10
 -2.22857e-10
 -2.22857e-10
 -2.22857e-10
 -2.22857e-10
 -2.22857e-10
 -2.22857e-10
 -2.22857e-10
 -2.22857e-10
 -2.22857e-10
 -2.22857e-10
      0.00000
