      0.00000
      0.00000
      0.00000
      0.00000
      0.00000
      0.00000
      0.00000
      0.00000
      0.00000
      0.00000
  0.000272573
    0.0112216
    0.0258423
    0.0539715
    0.0792217
     0.104807
     0.108385
     0.113229
     0.112588
     0.135657
     0.179879
     0.257420
     0.385602
     0.555801
     0.718462
     0.803276
     0.778856
     0.669973
     0.476729
     0.275545
     0.110908
    0.0361075
   0.00624674
  7.38356e-09
  7.38356e-09
  7.38356e-09
  7.38356e-09
  7.38356e-09
  7.38356e-09
  7.38356e-09
  7.38356e-09
  7.38356e-09
  7.38356e-09
  7.38356e-09
  7.38356e-09
  7.38356e-09
  7.38356e-09
      0.00000
