      0.00000
      0.00000
      0.00000
      0.00000
      0.00000
      0.00000
      0.00000
      0.00000
      0.00000
      0.00000
      0.00000
  0.000179354
    0.0100603
    0.0234663
    0.0397405
    0.0615580
     0.104154
     0.145221
     0.159185
     0.138142
     0.107518
    0.0815101
    0.0607951
    0.0398616
    0.0210195
   0.00677524
  0.000812786
 -7.70460e-09
 -7.70460e-09
 -7.70460e-09
 -7.70460e-09
 -7.70460e-09
 -7.70460e-09
 -7.70460e-09
 -7.70460e-09
 -7.70460e-09
 -7.70460e-09
 -7.70460e-09
      0.00000
