      0.00000
      0.00000
      0.00000
      0.00000
      0.00000
      0.00000
      0.00000
      0.00000
      0.00000
      0.00000
      0.00000
      0.00000
      0.00000
      0.00000
      0.00000
      0.00000
      0.00000
      0.00000
  0.000153287
   0.00131017
   0.00268474
   0.00523582
   0.00868437
    0.0151722
    0.0258164
    0.0417879
    0.0673602
     0.101419
     0.127343
     0.131810
     0.117699
    0.0976468
    0.0789017
    0.0583814
    0.0389547
    0.0252120
    0.0157903
    0.0117267
   0.00911138
   0.00780700
   0.00567064
   0.00297671
   0.00103126
  0.000209421
  0.000104133
 -3.48410e-09
 -3.48410e-09
 -3.48410e-09
 -3.48410e-09
 -3.48410e-09
 -3.48410e-09
 -3.48410e-09
 -3.48410e-09
 -3.48410e-09
 -3.48410e-09
 -3.48410e-09
 -3.48410e-09
 -3.48410e-09
 -3.48410e-09
 -3.48410e-09
      0.00000
