      0.00000
      0.00000
      0.00000
      0.00000
      0.00000
      0.00000
      0.00000
      0.00000
      0.00000
      0.00000
  0.000175421
   0.00532083
    0.0120597
    0.0238714
    0.0335172
    0.0390793
    0.0325874
    0.0268044
    0.0214047
    0.0247688
    0.0297098
    0.0336700
    0.0379946
    0.0391713
    0.0516002
    0.0750919
     0.116143
     0.139441
     0.124868
    0.0805191
    0.0360789
    0.0139755
   0.00214721
  1.32304e-09
  1.32304e-09
  1.32304e-09
  1.32304e-09
  1.32304e-09
  1.32304e-09
  1.32304e-09
  1.32304e-09
  1.32304e-09
  1.32304e-09
  1.32304e-09
  1.32304e-09
  1.32304e-09
  1.32304e-09
      0.00000
