      0.00000
      0.00000
      0.00000
      0.00000
      0.00000
      0.00000
      0.00000
      0.00000
      0.00000
      0.00000
      0.00000
  0.000722166
   0.00542693
    0.0121866
    0.0176528
    0.0209666
    0.0274752
    0.0358425
    0.0472936
    0.0595398
    0.0728027
    0.0851955
    0.0920558
    0.0949312
    0.0918475
    0.0849851
    0.0730320
    0.0588105
    0.0441363
    0.0331244
    0.0220347
    0.0129546
   0.00522547
   0.00175801
 -4.85604e-09
 -4.85604e-09
 -4.85604e-09
 -4.85604e-09
 -4.85604e-09
 -4.85604e-09
 -4.85604e-09
 -4.85604e-09
 -4.85604e-09
 -4.85604e-09
 -4.85604e-09
 -4.85604e-09
      0.00000
