      0.00000
      0.00000
      0.00000
      0.00000
      0.00000
      0.00000
      0.00000
      0.00000
      0.00000
      0.00000
      0.00000
      0.00000
      0.00000
      0.00000
      0.00000
      0.00000
      0.00000
      0.00000
      0.00000
      0.00000
  0.000401905
   0.00179801
   0.00404530
   0.00905363
    0.0178798
    0.0325271
    0.0582955
     0.100284
     0.146944
     0.168663
     0.152614
     0.112490
    0.0741259
    0.0457666
    0.0293797
    0.0191851
    0.0142399
   0.00773819
   0.00360774
  0.000751141
  0.000209318
 -7.13041e-09
 -7.13041e-09
 -7.13041e-09
 -7.13041e-09
 -7.13041e-09
 -7.13041e-09
 -7.13041e-09
 -7.13041e-09
 -7.13041e-09
 -7.13041e-09
 -7.13041e-09
 -7.13041e-09
 -7.13041e-09
 -7.13041e-09
 -7.13041e-09
 -7.13041e-09
 -7.13041e-09
 -7.13041e-09
 -7.13041e-09
      0.00000
