      0.00000
      0.00000
      0.00000
      0.00000
      0.00000
      0.00000
      0.00000
      0.00000
      0.00000
      0.00000
      0.00000
      0.00000
      0.00000
      0.00000
      0.00000
      0.00000
      0.00000
      0.00000
      0.00000
      0.00000
      0.00000
      0.00000
      0.00000
      0.00000
  4.15772e-05
  0.000206980
  0.000563810
   0.00132115
   0.00282068
   0.00466791
   0.00721029
    0.0110939
    0.0165803
    0.0243037
    0.0335389
    0.0452744
    0.0574795
    0.0721556
    0.0907851
     0.118166
     0.157801
     0.210303
     0.272433
     0.326975
     0.343554
     0.312338
     0.249484
     0.187371
     0.138036
    0.0989068
    0.0692802
    0.0478821
    0.0338900
    0.0236730
    0.0158977
    0.0102518
   0.00596386
   0.00349589
   0.00205702
   0.00174531
   0.00139586
  0.000817395
  0.000238330
  2.38088e-09
  2.38088e-09
  2.38088e-09
  2.38088e-09
  2.38088e-09
  2.38088e-09
  2.38088e-09
  2.38088e-09
  2.38088e-09
  2.38088e-09
  2.38088e-09
  2.38088e-09
  2.38088e-09
  2.38088e-09
  2.38088e-09
  2.38088e-09
  2.38088e-09
  2.38088e-09
  2.38088e-09
  2.38088e-09
  2.38088e-09
  2.38088e-09
  2.38088e-09
      0.00000
