      0.00000
      0.00000
      0.00000
      0.00000
      0.00000
      0.00000
      0.00000
      0.00000
      0.00000
  0.000559420
   0.00972922
    0.0259531
    0.0586436
    0.0836356
     0.119964
     0.168871
     0.291544
     0.451945
     0.605456
     0.656054
     0.583478
     0.440301
     0.276679
     0.149576
    0.0595026
    0.0156912
   0.00241709
 -6.57484e-09
 -6.57484e-09
 -6.57484e-09
 -6.57484e-09
 -6.57484e-09
 -6.57484e-09
 -6.57484e-09
 -6.57484e-09
 -6.57484e-09
 -6.57484e-09
 -6.57484e-09
      0.00000
