      0.00000
      0.00000
      0.00000
      0.00000
      0.00000
      0.00000
      0.00000
      0.00000
      0.00000
      0.00000
      0.00000
      0.00000
      0.00000
      0.00000
      0.00000
      0.00000
      0.00000
      0.00000
      0.00000
  0.000231346
   0.00212919
   0.00330520
   0.00635194
   0.00901376
    0.0173340
    0.0297653
    0.0531176
    0.0907504
     0.138582
     0.165534
     0.155847
     0.116755
    0.0759217
    0.0483252
    0.0309734
    0.0208450
    0.0135167
   0.00909087
   0.00677182
   0.00425520
   0.00158287
  4.45003e-09
  4.45003e-09
  4.45003e-09
  4.45003e-09
  4.45003e-09
  4.45003e-09
  4.45003e-09
  4.45003e-09
  4.45003e-09
  4.45003e-09
  4.45003e-09
  4.45003e-09
  4.45003e-09
  4.45003e-09
  4.45003e-09
  4.45003e-09
  4.45003e-09
  4.45003e-09
  4.45003e-09
      0.00000
