      0.00000
      0.00000
      0.00000
      0.00000
      0.00000
      0.00000
      0.00000
      0.00000
      0.00000
      0.00000
  0.000484526
   0.00994799
    0.0219758
    0.0383711
    0.0521510
    0.0742358
    0.0973888
     0.121990
     0.130309
     0.125187
     0.107200
    0.0859826
    0.0601704
    0.0387708
    0.0208300
    0.0117312
   0.00327370
  4.08828e-09
  4.08828e-09
  4.08828e-09
  4.08828e-09
  4.08828e-09
  4.08828e-09
  4.08828e-09
  4.08828e-09
  4.08828e-09
      0.00000
