      0.00000
      0.00000
      0.00000
      0.00000
      0.00000
      0.00000
      0.00000
      0.00000
      0.00000
      0.00000
      0.00000
      0.00000
      0.00000
      0.00000
  6.15116e-06
   0.00127863
   0.00395779
   0.00778985
    0.0133296
    0.0233012
    0.0361465
    0.0520585
    0.0695942
    0.0932510
     0.118600
     0.132498
     0.126165
     0.101722
    0.0741475
    0.0517419
    0.0375037
    0.0250935
    0.0164684
   0.00794548
   0.00474153
   0.00176453
  0.000895160
  4.89480e-09
  4.89480e-09
  4.89480e-09
  4.89480e-09
  4.89480e-09
  4.89480e-09
  4.89480e-09
  4.89480e-09
  4.89480e-09
  4.89480e-09
  4.89480e-09
  4.89480e-09
  4.89480e-09
  4.89480e-09
      0.00000
