      0.00000
      0.00000
      0.00000
      0.00000
      0.00000
      0.00000
      0.00000
      0.00000
      0.00000
  0.000559420
   0.00675604
    0.0149346
    0.0269120
    0.0284446
    0.0327786
    0.0325200
    0.0500802
    0.0778842
     0.124111
     0.156253
     0.160302
     0.127161
    0.0843907
    0.0458302
    0.0220698
   0.00740873
   0.00160430
  6.22527e-10
  6.22527e-10
  6.22527e-10
  6.22527e-10
  6.22527e-10
  6.22527e-10
  6.22527e-10
  6.22527e-10
  6.22527e-10
  6.22527e-10
  6.22527e-10
      0.00000
