      0.00000
      0.00000
      0.00000
      0.00000
      0.00000
      0.00000
      0.00000
      0.00000
      0.00000
      0.00000
      0.00000
   0.00531995
    0.0209621
    0.0396257
    0.0636958
    0.0885070
     0.123766
     0.137503
     0.137079
     0.109256
    0.0891875
    0.0635353
    0.0484109
    0.0329260
    0.0232501
    0.0122750
   0.00470131
  4.34172e-09
  4.34172e-09
  4.34172e-09
  4.34172e-09
  4.34172e-09
  4.34172e-09
  4.34172e-09
  4.34172e-09
  4.34172e-09
      0.00000
