      0.00000
      0.00000
      0.00000
      0.00000
      0.00000
      0.00000
      0.00000
      0.00000
      0.00000
      0.00000
      0.00000
      0.00000
      0.00000
      0.00000
      0.00000
      0.00000
      0.00000
      0.00000
      0.00000
      0.00000
      0.00000
      0.00000
      0.00000
      0.00000
      0.00000
      0.00000
      0.00000
      0.00000
      0.00000
      0.00000
      0.00000
      0.00000
      0.00000
      0.00000
  1.44130e-06
  3.97764e-05
  8.23741e-05
  0.000212080
  0.000333392
  0.000474194
  0.000542095
  0.000698830
  0.000828439
  0.000965007
   0.00108119
   0.00134866
   0.00171569
   0.00206224
   0.00250037
   0.00347579
   0.00548167
   0.00781415
    0.0108680
    0.0166645
    0.0395823
    0.0936883
     0.261521
     0.589930
     0.742289
     0.641477
     0.324720
     0.125343
    0.0553980
    0.0214290
    0.0129632
   0.00952770
   0.00679231
   0.00434837
   0.00290490
   0.00239807
   0.00204367
   0.00167519
   0.00131741
   0.00112240
  0.000962177
  0.000716068
  0.000386043
  0.000155358
  5.83287e-05
  3.22977e-05
  1.54506e-05
  7.91765e-06
  3.34491e-06
  2.36416e-06
  4.98151e-07
  1.38183e-08
  1.38183e-08
  1.38183e-08
  1.38183e-08
  1.38183e-08
  1.38183e-08
  1.38183e-08
  1.38183e-08
  1.38183e-08
  1.38183e-08
  1.38183e-08
  1.38183e-08
  1.38183e-08
  1.38183e-08
  1.38183e-08
  1.38183e-08
  1.38183e-08
  1.38183e-08
  1.38183e-08
  1.38183e-08
  1.38183e-08
  1.38183e-08
  1.38183e-08
  1.38183e-08
  1.38183e-08
  1.38183e-08
  1.38183e-08
  1.38183e-08
  1.38183e-08
  1.38183e-08
  1.38183e-08
  1.38183e-08
      0.00000
