      0.00000
      0.00000
      0.00000
      0.00000
      0.00000
      0.00000
      0.00000
      0.00000
      0.00000
      0.00000
      0.00000
      0.00000
      0.00000
      0.00000
      0.00000
  0.000479856
   0.00187350
   0.00644329
    0.0120653
    0.0182506
    0.0228640
    0.0261537
    0.0295894
    0.0330496
    0.0382263
    0.0421960
    0.0479966
    0.0583756
    0.0750639
    0.0927436
    0.0987184
    0.0901796
    0.0716813
    0.0526280
    0.0408465
    0.0320236
    0.0266930
    0.0210257
    0.0161575
    0.0142430
    0.0114941
   0.00959257
   0.00575025
   0.00281399
  0.000781262
  5.33177e-09
  5.33177e-09
  5.33177e-09
  5.33177e-09
  5.33177e-09
  5.33177e-09
  5.33177e-09
  5.33177e-09
  5.33177e-09
  5.33177e-09
  5.33177e-09
  5.33177e-09
  5.33177e-09
      0.00000
