      0.00000
      0.00000
      0.00000
      0.00000
      0.00000
      0.00000
      0.00000
      0.00000
      0.00000
      0.00000
      0.00000
      0.00000
      0.00000
      0.00000
      0.00000
      0.00000
      0.00000
      0.00000
      0.00000
      0.00000
      0.00000
      0.00000
      0.00000
      0.00000
  4.15772e-05
  0.000206980
  0.000563810
   0.00129068
   0.00263878
   0.00404687
   0.00562601
   0.00722248
   0.00983912
    0.0134695
    0.0172966
    0.0216464
    0.0248546
    0.0290033
    0.0327883
    0.0386511
    0.0448840
    0.0522377
    0.0609163
    0.0731105
    0.0853554
    0.0927141
    0.0894401
    0.0780243
    0.0626727
    0.0469766
    0.0330599
    0.0219739
    0.0141848
   0.00970492
   0.00713843
   0.00580237
   0.00422240
   0.00258852
   0.00174943
   0.00160584
   0.00139585
  0.000817392
  0.000238327
 -5.40170e-10
 -5.40170e-10
 -5.40170e-10
 -5.40170e-10
 -5.40170e-10
 -5.40170e-10
 -5.40170e-10
 -5.40170e-10
 -5.40170e-10
 -5.40170e-10
 -5.40170e-10
 -5.40170e-10
 -5.40170e-10
 -5.40170e-10
 -5.40170e-10
 -5.40170e-10
 -5.40170e-10
 -5.40170e-10
 -5.40170e-10
 -5.40170e-10
 -5.40170e-10
 -5.40170e-10
 -5.40170e-10
      0.00000
