      0.00000
      0.00000
      0.00000
      0.00000
      0.00000
      0.00000
      0.00000
      0.00000
      0.00000
      0.00000
      0.00000
      0.00000
      0.00000
      0.00000
      0.00000
      0.00000
      0.00000
  4.62330e-05
   0.00587820
    0.0201248
    0.0442196
    0.0778586
     0.129398
     0.174986
     0.180866
     0.145154
    0.0932696
    0.0566840
    0.0349575
    0.0206661
    0.0120470
   0.00369943
  0.000146149
 -6.94824e-09
 -6.94824e-09
 -6.94824e-09
 -6.94824e-09
 -6.94824e-09
 -6.94824e-09
 -6.94824e-09
 -6.94824e-09
 -6.94824e-09
 -6.94824e-09
 -6.94824e-09
 -6.94824e-09
 -6.94824e-09
 -6.94824e-09
      0.00000
