      0.00000
      0.00000
      0.00000
      0.00000
      0.00000
      0.00000
      0.00000
      0.00000
      0.00000
      0.00000
      0.00000
      0.00000
      0.00000
      0.00000
      0.00000
  7.95987e-05
   0.00326265
   0.00695769
    0.0125138
    0.0214030
    0.0363753
    0.0569685
    0.0805158
     0.104419
     0.119288
     0.120365
     0.109650
    0.0919694
    0.0719092
    0.0525214
    0.0369178
    0.0265389
    0.0189322
    0.0145453
   0.00933883
   0.00447787
   0.00105075
  5.91662e-09
  5.91662e-09
  5.91662e-09
  5.91662e-09
  5.91662e-09
  5.91662e-09
  5.91662e-09
  5.91662e-09
  5.91662e-09
  5.91662e-09
  5.91662e-09
  5.91662e-09
  5.91662e-09
  5.91662e-09
      0.00000
