      0.00000
      0.00000
      0.00000
      0.00000
      0.00000
      0.00000
      0.00000
      0.00000
      0.00000
      0.00000
  9.71519e-05
   0.00590080
    0.0136491
    0.0265176
    0.0365751
    0.0406044
    0.0332490
    0.0271269
    0.0224122
    0.0260606
    0.0312687
    0.0344346
    0.0372517
    0.0350529
    0.0456450
    0.0667440
     0.109553
     0.138149
     0.127702
    0.0839022
    0.0384392
    0.0157112
   0.00395337
  5.66772e-09
  5.66772e-09
  5.66772e-09
  5.66772e-09
  5.66772e-09
  5.66772e-09
  5.66772e-09
  5.66772e-09
  5.66772e-09
  5.66772e-09
  5.66772e-09
  5.66772e-09
  5.66772e-09
  5.66772e-09
      0.00000
