      0.00000
      0.00000
      0.00000
      0.00000
      0.00000
      0.00000
      0.00000
      0.00000
      0.00000
      0.00000
      0.00000
      0.00000
      0.00000
      0.00000
      0.00000
      0.00000
      0.00000
      0.00000
      0.00000
      0.00000
      0.00000
      0.00000
      0.00000
      0.00000
      0.00000
      0.00000
      0.00000
      0.00000
      0.00000
  0.000137287
  0.000342957
   0.00112067
   0.00249781
   0.00456021
   0.00728830
    0.0104529
    0.0143411
    0.0190350
    0.0253576
    0.0349379
    0.0511804
    0.0758271
     0.106358
     0.133378
     0.140326
     0.121524
    0.0875870
    0.0564895
    0.0366967
    0.0244409
    0.0166087
    0.0118969
   0.00860000
   0.00565325
   0.00267479
  0.000702815
 -1.67530e-05
  3.14390e-09
  3.14390e-09
  3.14390e-09
  3.14390e-09
  3.14390e-09
  3.14390e-09
  3.14390e-09
  3.14390e-09
  3.14390e-09
  3.14390e-09
  3.14390e-09
  3.14390e-09
  3.14390e-09
  3.14390e-09
  3.14390e-09
  3.14390e-09
  3.14390e-09
  3.14390e-09
  3.14390e-09
  3.14390e-09
  3.14390e-09
  3.14390e-09
  3.14390e-09
  3.14390e-09
  3.14390e-09
  3.14390e-09
  3.14390e-09
  3.14390e-09
  3.14390e-09
      0.00000
