      0.00000
      0.00000
      0.00000
      0.00000
      0.00000
      0.00000
      0.00000
      0.00000
      0.00000
      0.00000
  0.000484526
    0.0152679
    0.0483730
     0.101297
     0.165444
     0.246855
     0.354839
     0.421065
     0.432602
     0.368198
     0.293550
     0.219189
     0.150712
    0.0966991
    0.0529814
    0.0244694
   0.00797500
  5.63089e-10
  5.63089e-10
  5.63089e-10
  5.63089e-10
  5.63089e-10
  5.63089e-10
  5.63089e-10
  5.63089e-10
  5.63089e-10
      0.00000
