      0.00000
      0.00000
      0.00000
      0.00000
      0.00000
      0.00000
      0.00000
      0.00000
      0.00000
      0.00000
  3.52112e-06
   0.00462601
    0.0119029
    0.0182939
    0.0218106
    0.0285602
    0.0438805
    0.0711517
    0.0984977
     0.132325
     0.168698
     0.220755
     0.271531
     0.311439
     0.314670
     0.295611
     0.253064
     0.208507
     0.164557
     0.126662
    0.0983602
    0.0681343
    0.0411679
    0.0187475
   0.00566323
   0.00137967
  2.49503e-10
  2.49503e-10
  2.49503e-10
  2.49503e-10
  2.49503e-10
  2.49503e-10
  2.49503e-10
  2.49503e-10
  2.49503e-10
  2.49503e-10
  2.49503e-10
      0.00000
