      0.00000
      0.00000
      0.00000
      0.00000
      0.00000
      0.00000
      0.00000
      0.00000
      0.00000
      0.00000
      0.00000
   0.00202383
   0.00693738
    0.0127656
    0.0184292
    0.0245361
    0.0323328
    0.0382759
    0.0485742
    0.0576058
    0.0714288
    0.0792783
    0.0844452
    0.0858284
    0.0830283
    0.0788562
    0.0696888
    0.0606183
    0.0502108
    0.0383961
    0.0262155
    0.0164410
   0.00926224
   0.00414539
  0.000675857
 -4.50218e-09
 -4.50218e-09
 -4.50218e-09
 -4.50218e-09
 -4.50218e-09
 -4.50218e-09
 -4.50218e-09
 -4.50218e-09
 -4.50218e-09
 -4.50218e-09
 -4.50218e-09
      0.00000
