      0.00000
      0.00000
      0.00000
      0.00000
      0.00000
      0.00000
      0.00000
      0.00000
      0.00000
      0.00000
   0.00277331
   0.00754415
    0.0133185
    0.0166681
    0.0235641
    0.0362901
    0.0627749
     0.103317
     0.152797
     0.178710
     0.162311
     0.121534
    0.0716805
    0.0365967
   0.00939309
  0.000726130
  6.63386e-09
  6.63386e-09
  6.63386e-09
  6.63386e-09
  6.63386e-09
  6.63386e-09
  6.63386e-09
  6.63386e-09
  6.63386e-09
  6.63386e-09
  6.63386e-09
  6.63386e-09
      0.00000
