      0.00000
      0.00000
      0.00000
      0.00000
      0.00000
      0.00000
      0.00000
      0.00000
      0.00000
      0.00000
      0.00000
      0.00000
      0.00000
      0.00000
      0.00000
      0.00000
      0.00000
      0.00000
      0.00000
      0.00000
      0.00000
      0.00000
      0.00000
      0.00000
      0.00000
      0.00000
      0.00000
      0.00000
      0.00000
      0.00000
      0.00000
      0.00000
      0.00000
      0.00000
  1.44130e-06
  6.30769e-06
  1.55135e-05
  1.88221e-05
  2.56396e-05
  7.42455e-05
  0.000129959
  0.000213716
  0.000237043
  0.000276335
  0.000315302
  0.000427897
  0.000554284
  0.000715625
  0.000900340
   0.00126317
   0.00194805
   0.00272759
   0.00372323
   0.00556795
    0.0134197
    0.0318174
    0.0892120
     0.199292
     0.247132
     0.211731
     0.105092
    0.0412386
    0.0183588
   0.00729599
   0.00447060
   0.00329863
   0.00232003
   0.00149281
  0.000989123
  0.000811907
  0.000669738
  0.000564286
  0.000451138
  0.000386122
  0.000292028
  0.000216152
  0.000126704
  7.87683e-05
  4.34739e-05
  2.90381e-05
  1.41925e-05
  7.90587e-06
  3.33381e-06
  2.35306e-06
  4.87051e-07
  2.71785e-09
  2.71785e-09
  2.71785e-09
  2.71785e-09
  2.71785e-09
  2.71785e-09
  2.71785e-09
  2.71785e-09
  2.71785e-09
  2.71785e-09
  2.71785e-09
  2.71785e-09
  2.71785e-09
  2.71785e-09
  2.71785e-09
  2.71785e-09
  2.71785e-09
  2.71785e-09
  2.71785e-09
  2.71785e-09
  2.71785e-09
  2.71785e-09
  2.71785e-09
  2.71785e-09
  2.71785e-09
  2.71785e-09
  2.71785e-09
  2.71785e-09
  2.71785e-09
  2.71785e-09
  2.71785e-09
  2.71785e-09
      0.00000
