      0.00000
      0.00000
      0.00000
      0.00000
      0.00000
      0.00000
      0.00000
      0.00000
      0.00000
      0.00000
      0.00000
      0.00000
      0.00000
      0.00000
      0.00000
      0.00000
   0.00260857
   0.00584794
    0.0109685
    0.0151218
    0.0206801
    0.0271320
    0.0353561
    0.0417078
    0.0437411
    0.0443706
    0.0478832
    0.0536802
    0.0655376
    0.0801890
    0.0934630
    0.0932675
    0.0792294
    0.0609546
    0.0461115
    0.0370277
    0.0297942
    0.0230985
    0.0155599
    0.0113372
   0.00714101
   0.00520829
   0.00226245
  0.000720206
 -1.40156e-10
 -1.40156e-10
 -1.40156e-10
 -1.40156e-10
 -1.40156e-10
 -1.40156e-10
 -1.40156e-10
 -1.40156e-10
 -1.40156e-10
 -1.40156e-10
 -1.40156e-10
 -1.40156e-10
 -1.40156e-10
 -1.40156e-10
      0.00000
