      0.00000
      0.00000
      0.00000
      0.00000
      0.00000
      0.00000
      0.00000
      0.00000
      0.00000
      0.00000
      0.00000
      0.00000
      0.00000
      0.00000
      0.00000
      0.00000
      0.00000
      0.00000
      0.00000
      0.00000
      0.00000
      0.00000
      0.00000
      0.00000
      0.00000
      0.00000
      0.00000
      0.00000
      0.00000
      0.00000
      0.00000
      0.00000
      0.00000
      0.00000
      0.00000
  3.34687e-05
  6.62435e-05
  0.000128646
  0.000184789
  0.000245728
  0.000264759
  0.000326277
  0.000358191
  0.000426220
  0.000459049
  0.000538167
  0.000640304
  0.000707384
  0.000842445
   0.00114189
   0.00178815
   0.00255699
   0.00356744
   0.00556736
    0.0132422
    0.0311521
    0.0851821
     0.193702
     0.246501
     0.215337
     0.110911
    0.0425927
    0.0186624
   0.00706665
   0.00421614
   0.00310772
   0.00223529
   0.00143907
  0.000975402
  0.000828744
  0.000713112
  0.000581848
  0.000431590
  0.000396319
  0.000374519
  0.000300996
  0.000153439
  4.58649e-05
  7.72818e-06
  2.10065e-08
  4.28192e-09
  4.28192e-09
  4.28192e-09
  4.28192e-09
  4.28192e-09
  4.28192e-09
  4.28192e-09
  4.28192e-09
  4.28192e-09
  4.28192e-09
  4.28192e-09
  4.28192e-09
  4.28192e-09
  4.28192e-09
  4.28192e-09
  4.28192e-09
  4.28192e-09
  4.28192e-09
  4.28192e-09
  4.28192e-09
  4.28192e-09
  4.28192e-09
  4.28192e-09
  4.28192e-09
  4.28192e-09
  4.28192e-09
  4.28192e-09
  4.28192e-09
  4.28192e-09
  4.28192e-09
  4.28192e-09
  4.28192e-09
  4.28192e-09
  4.28192e-09
  4.28192e-09
  4.28192e-09
  4.28192e-09
      0.00000
