      0.00000
      0.00000
      0.00000
      0.00000
      0.00000
      0.00000
      0.00000
      0.00000
      0.00000
      0.00000
      0.00000
      0.00000
  0.000745944
   0.00359014
   0.00784434
    0.0142780
    0.0209582
    0.0327336
    0.0471264
    0.0659424
    0.0812668
    0.0962406
     0.104378
     0.110543
     0.105791
    0.0958723
    0.0770190
    0.0559296
    0.0369483
    0.0224275
    0.0132219
   0.00564373
   0.00149944
  4.24513e-09
  4.24513e-09
  4.24513e-09
  4.24513e-09
  4.24513e-09
  4.24513e-09
  4.24513e-09
  4.24513e-09
  4.24513e-09
  4.24513e-09
  4.24513e-09
  4.24513e-09
  4.24513e-09
      0.00000
