      0.00000
      0.00000
      0.00000
      0.00000
      0.00000
      0.00000
      0.00000
      0.00000
      0.00000
      0.00000
      0.00000
      0.00000
      0.00000
      0.00000
  9.17286e-05
   0.00141359
   0.00374417
   0.00811190
    0.0143463
    0.0259143
    0.0423568
    0.0635689
    0.0839499
    0.0997987
     0.108780
     0.108124
     0.100195
    0.0859879
    0.0710377
    0.0559220
    0.0414813
    0.0291024
    0.0205347
    0.0148665
    0.0109037
   0.00632224
   0.00288921
  0.000557274
 -1.36737e-09
 -1.36737e-09
 -1.36737e-09
 -1.36737e-09
 -1.36737e-09
 -1.36737e-09
 -1.36737e-09
 -1.36737e-09
 -1.36737e-09
 -1.36737e-09
 -1.36737e-09
 -1.36737e-09
 -1.36737e-09
      0.00000
