      0.00000
      0.00000
      0.00000
      0.00000
      0.00000
      0.00000
      0.00000
      0.00000
      0.00000
      0.00000
      0.00000
      0.00000
      0.00000
      0.00000
      0.00000
      0.00000
      0.00000
      0.00000
  0.000153287
   0.00154152
   0.00594533
    0.0127799
    0.0252714
    0.0453661
    0.0835610
     0.142660
     0.243826
     0.395831
     0.548646
     0.611391
     0.557560
     0.431318
     0.308090
     0.205687
     0.134614
    0.0886228
    0.0590213
    0.0385123
    0.0256535
    0.0176369
    0.0105602
   0.00433421
   0.00110256
  0.000209419
  0.000104131
 -5.42909e-09
 -5.42909e-09
 -5.42909e-09
 -5.42909e-09
 -5.42909e-09
 -5.42909e-09
 -5.42909e-09
 -5.42909e-09
 -5.42909e-09
 -5.42909e-09
 -5.42909e-09
 -5.42909e-09
 -5.42909e-09
 -5.42909e-09
 -5.42909e-09
      0.00000
