      0.00000
      0.00000
      0.00000
      0.00000
      0.00000
      0.00000
      0.00000
      0.00000
      0.00000
      0.00000
      0.00000
  0.000209356
   0.00325396
   0.00534752
   0.00788174
   0.00783371
    0.0120790
    0.0235566
    0.0335502
    0.0468019
    0.0576944
    0.0745074
    0.0880257
    0.0995278
     0.102032
    0.0969105
    0.0845072
    0.0709230
    0.0555232
    0.0407988
    0.0335557
    0.0266737
    0.0191575
   0.00767789
   0.00197180
  4.93396e-09
  4.93396e-09
  4.93396e-09
  4.93396e-09
  4.93396e-09
  4.93396e-09
  4.93396e-09
  4.93396e-09
  4.93396e-09
  4.93396e-09
  4.93396e-09
  4.93396e-09
      0.00000
