      0.00000
      0.00000
      0.00000
      0.00000
      0.00000
      0.00000
      0.00000
      0.00000
      0.00000
      0.00000
  0.000199876
   0.00329501
   0.00835275
    0.0150566
    0.0238807
    0.0385027
    0.0745344
     0.125523
     0.169362
     0.182949
     0.153347
     0.110095
    0.0598128
    0.0272875
   0.00702023
  0.000781147
 -6.12663e-09
 -6.12663e-09
 -6.12663e-09
 -6.12663e-09
 -6.12663e-09
 -6.12663e-09
 -6.12663e-09
 -6.12663e-09
 -6.12663e-09
 -6.12663e-09
 -6.12663e-09
 -6.12663e-09
      0.00000
