      0.00000
      0.00000
      0.00000
      0.00000
      0.00000
      0.00000
      0.00000
      0.00000
      0.00000
      0.00000
      0.00000
      0.00000
  0.000133499
   0.00358251
   0.00859599
    0.0218316
    0.0296535
    0.0305749
    0.0230821
    0.0183608
    0.0207900
    0.0290944
    0.0433514
    0.0701574
     0.111462
     0.155948
     0.168236
     0.135852
    0.0828962
    0.0349792
    0.0118777
 -0.000459039
  7.21851e-09
  7.21851e-09
  7.21851e-09
  7.21851e-09
  7.21851e-09
  7.21851e-09
  7.21851e-09
  7.21851e-09
  7.21851e-09
  7.21851e-09
  7.21851e-09
  7.21851e-09
  7.21851e-09
  7.21851e-09
  7.21851e-09
      0.00000
