      0.00000
      0.00000
      0.00000
      0.00000
      0.00000
      0.00000
      0.00000
      0.00000
      0.00000
      0.00000
      0.00000
      0.00000
      0.00000
      0.00000
      0.00000
      0.00000
      0.00000
      0.00000
      0.00000
      0.00000
  0.000729496
   0.00244090
   0.00618977
    0.0121266
    0.0225309
    0.0385797
    0.0650526
     0.103378
     0.135778
     0.145383
     0.131401
     0.104426
    0.0791406
    0.0532137
    0.0353061
    0.0233807
    0.0154744
   0.00995655
   0.00616253
   0.00482357
   0.00309737
   0.00135750
  7.13079e-05
  7.35397e-10
  7.35397e-10
  7.35397e-10
  7.35397e-10
  7.35397e-10
  7.35397e-10
  7.35397e-10
  7.35397e-10
  7.35397e-10
  7.35397e-10
  7.35397e-10
  7.35397e-10
  7.35397e-10
  7.35397e-10
  7.35397e-10
  7.35397e-10
  7.35397e-10
      0.00000
