      0.00000
      0.00000
      0.00000
      0.00000
      0.00000
      0.00000
      0.00000
      0.00000
      0.00000
      0.00000
      0.00000
      0.00000
      0.00000
      0.00000
  0.000533389
   0.00289963
    0.0102640
    0.0191926
    0.0228652
    0.0222932
    0.0223284
    0.0352220
    0.0592189
     0.105994
     0.156025
     0.181312
     0.156282
     0.111030
    0.0589046
    0.0290029
   0.00529147
   0.00134095
  3.98054e-09
  3.98054e-09
  3.98054e-09
  3.98054e-09
  3.98054e-09
  3.98054e-09
  3.98054e-09
  3.98054e-09
  3.98054e-09
  3.98054e-09
  3.98054e-09
  3.98054e-09
  3.98054e-09
  3.98054e-09
  3.98054e-09
      0.00000
