      0.00000
      0.00000
      0.00000
      0.00000
      0.00000
      0.00000
      0.00000
      0.00000
      0.00000
      0.00000
      0.00000
      0.00000
      0.00000
      0.00000
      0.00000
      0.00000
      0.00000
      0.00000
      0.00000
      0.00000
      0.00000
      0.00000
      0.00000
      0.00000
      0.00000
  6.75825e-05
   0.00206904
   0.00473683
    0.0106517
    0.0168816
    0.0253991
    0.0355800
    0.0478913
    0.0658488
    0.0880332
     0.111973
     0.120930
     0.111651
    0.0899983
    0.0705684
    0.0559907
    0.0451198
    0.0358930
    0.0273576
    0.0180379
   0.00989573
   0.00400169
   0.00136216
  6.16466e-05
  1.48875e-09
  1.48875e-09
  1.48875e-09
  1.48875e-09
  1.48875e-09
  1.48875e-09
  1.48875e-09
  1.48875e-09
  1.48875e-09
  1.48875e-09
  1.48875e-09
  1.48875e-09
  1.48875e-09
  1.48875e-09
  1.48875e-09
  1.48875e-09
  1.48875e-09
  1.48875e-09
  1.48875e-09
  1.48875e-09
  1.48875e-09
  1.48875e-09
  1.48875e-09
      0.00000
