      0.00000
      0.00000
      0.00000
      0.00000
      0.00000
      0.00000
      0.00000
      0.00000
      0.00000
      0.00000
      0.00000
      0.00000
   0.00104420
   0.00847632
    0.0249229
    0.0554140
    0.0919688
     0.117541
     0.123028
     0.112738
     0.104343
    0.0980700
    0.0888341
    0.0755767
    0.0537916
    0.0313160
    0.0109492
   0.00198554
 -2.06489e-09
 -2.06489e-09
 -2.06489e-09
 -2.06489e-09
 -2.06489e-09
 -2.06489e-09
 -2.06489e-09
 -2.06489e-09
 -2.06489e-09
 -2.06489e-09
      0.00000
