      0.00000
      0.00000
      0.00000
      0.00000
      0.00000
      0.00000
      0.00000
      0.00000
      0.00000
      0.00000
      0.00000
      0.00000
      0.00000
      0.00000
  0.000116751
   0.00213164
    0.0104394
    0.0220337
    0.0400439
    0.0560396
    0.0727255
    0.0835471
    0.0928643
     0.100659
    0.0983193
    0.0873040
    0.0674658
    0.0488081
    0.0348410
    0.0279128
    0.0280300
    0.0303700
    0.0297061
    0.0271245
    0.0190311
    0.0121031
   0.00532878
   0.00244392
  0.000610328
  4.20316e-10
  4.20316e-10
  4.20316e-10
  4.20316e-10
  4.20316e-10
  4.20316e-10
  4.20316e-10
  4.20316e-10
  4.20316e-10
  4.20316e-10
  4.20316e-10
      0.00000
