      0.00000
      0.00000
      0.00000
      0.00000
      0.00000
      0.00000
      0.00000
      0.00000
      0.00000
      0.00000
      0.00000
      0.00000
      0.00000
      0.00000
  0.000306892
   0.00889251
    0.0418904
     0.101709
     0.193271
     0.292944
     0.410276
     0.511740
     0.604930
     0.654236
     0.630591
     0.548988
     0.432377
     0.336619
     0.259299
     0.206938
     0.168167
     0.144430
     0.121367
     0.110112
    0.0863721
    0.0649184
    0.0400378
    0.0211458
   0.00787200
  0.000568087
  4.02410e-10
  4.02410e-10
  4.02410e-10
  4.02410e-10
  4.02410e-10
  4.02410e-10
  4.02410e-10
  4.02410e-10
  4.02410e-10
  4.02410e-10
      0.00000
