      0.00000
      0.00000
      0.00000
      0.00000
      0.00000
      0.00000
      0.00000
      0.00000
      0.00000
      0.00000
      0.00000
      0.00000
      0.00000
      0.00000
      0.00000
      0.00000
      0.00000
      0.00000
      0.00000
      0.00000
  1.49112e-05
   0.00247661
   0.00980987
    0.0236088
    0.0406656
    0.0626734
    0.0966304
     0.134745
     0.164440
     0.163350
     0.133416
    0.0895381
    0.0478049
    0.0220302
   0.00687158
   0.00192456
  2.27719e-09
  2.27719e-09
  2.27719e-09
  2.27719e-09
  2.27719e-09
  2.27719e-09
  2.27719e-09
  2.27719e-09
  2.27719e-09
  2.27719e-09
  2.27719e-09
  2.27719e-09
  2.27719e-09
  2.27719e-09
  2.27719e-09
  2.27719e-09
  2.27719e-09
  2.27719e-09
  2.27719e-09
  2.27719e-09
      0.00000
