      0.00000
      0.00000
      0.00000
      0.00000
      0.00000
      0.00000
      0.00000
      0.00000
      0.00000
      0.00000
      0.00000
      0.00000
      0.00000
      0.00000
      0.00000
      0.00000
      0.00000
      0.00000
      0.00000
      0.00000
      0.00000
      0.00000
      0.00000
      0.00000
      0.00000
      0.00000
      0.00000
      0.00000
  1.40770e-05
  7.12382e-05
  0.000474081
   0.00121369
   0.00246443
   0.00369453
   0.00506261
   0.00638323
   0.00865077
    0.0117580
    0.0172386
    0.0244923
    0.0316861
    0.0380263
    0.0430554
    0.0499240
    0.0592075
    0.0725373
    0.0856858
    0.0899073
    0.0827278
    0.0684482
    0.0549552
    0.0454756
    0.0380204
    0.0335869
    0.0281160
    0.0226177
    0.0167339
    0.0127537
    0.0108427
   0.00961728
   0.00798155
   0.00629705
   0.00417713
   0.00319344
   0.00176305
  0.000964331
  0.000180800
  5.08046e-09
  5.08046e-09
  5.08046e-09
  5.08046e-09
  5.08046e-09
  5.08046e-09
  5.08046e-09
  5.08046e-09
  5.08046e-09
  5.08046e-09
  5.08046e-09
  5.08046e-09
  5.08046e-09
  5.08046e-09
  5.08046e-09
  5.08046e-09
  5.08046e-09
  5.08046e-09
  5.08046e-09
  5.08046e-09
  5.08046e-09
  5.08046e-09
  5.08046e-09
  5.08046e-09
  5.08046e-09
  5.08046e-09
      0.00000
