      0.00000
      0.00000
      0.00000
      0.00000
      0.00000
      0.00000
      0.00000
      0.00000
      0.00000
      0.00000
      0.00000
   0.00123212
    0.0144641
    0.0305212
    0.0432149
    0.0493222
    0.0594065
    0.0776733
    0.0962927
     0.110129
     0.111070
     0.107009
    0.0889508
    0.0731328
    0.0488303
    0.0323840
    0.0200858
    0.0138712
    0.0118138
   0.00692391
   0.00354364
  0.000128495
 -1.50987e-10
 -1.50987e-10
 -1.50987e-10
 -1.50987e-10
 -1.50987e-10
 -1.50987e-10
 -1.50987e-10
      0.00000
