      0.00000
      0.00000
      0.00000
      0.00000
      0.00000
      0.00000
      0.00000
      0.00000
      0.00000
      0.00000
      0.00000
 -1.92222e-05
   0.00659486
    0.0246772
    0.0462013
    0.0719587
    0.0869104
    0.0992458
     0.101152
    0.0986036
    0.0942491
    0.0883930
    0.0779173
    0.0669923
    0.0494609
    0.0376656
    0.0256790
    0.0157738
   0.00755922
  0.000985155
  2.43106e-09
  2.43106e-09
  2.43106e-09
  2.43106e-09
  2.43106e-09
  2.43106e-09
  2.43106e-09
  2.43106e-09
      0.00000
