      0.00000
      0.00000
      0.00000
      0.00000
      0.00000
      0.00000
      0.00000
      0.00000
      0.00000
      0.00000
      0.00000
      0.00000
      0.00000
      0.00000
      0.00000
  1.39051e-05
  0.000493705
   0.00174404
   0.00335255
   0.00702007
    0.0127493
    0.0240846
    0.0344643
    0.0451377
    0.0520397
    0.0622251
    0.0738205
    0.0894285
     0.100830
     0.102270
    0.0930100
    0.0796909
    0.0695927
    0.0546993
    0.0385733
    0.0227190
    0.0133407
   0.00870825
   0.00471804
   0.00319457
   0.00132791
  0.000582260
  0.000169590
  2.51002e-09
  2.51002e-09
  2.51002e-09
  2.51002e-09
  2.51002e-09
  2.51002e-09
  2.51002e-09
  2.51002e-09
  2.51002e-09
  2.51002e-09
  2.51002e-09
  2.51002e-09
  2.51002e-09
      0.00000
