      0.00000
      0.00000
      0.00000
      0.00000
      0.00000
      0.00000
      0.00000
      0.00000
      0.00000
      0.00000
      0.00000
   0.00238699
   0.00731857
    0.0157982
    0.0377697
    0.0701700
    0.0953482
     0.102958
    0.0982499
     0.101511
     0.107149
     0.105148
    0.0920173
    0.0745810
    0.0499641
    0.0286583
   0.00848790
   0.00248263
  6.82861e-10
  6.82861e-10
  6.82861e-10
  6.82861e-10
  6.82861e-10
  6.82861e-10
  6.82861e-10
  6.82861e-10
  6.82861e-10
  6.82861e-10
      0.00000
