      0.00000
      0.00000
      0.00000
      0.00000
      0.00000
      0.00000
      0.00000
      0.00000
      0.00000
   0.00276542
   0.00772300
    0.0165230
    0.0217382
    0.0287310
    0.0318676
    0.0429129
    0.0601056
    0.0783128
    0.0878776
     0.101532
     0.106376
     0.108365
    0.0926356
    0.0764297
    0.0617852
    0.0413775
    0.0238246
   0.00788891
   0.00122891
 -3.21988e-09
 -3.21988e-09
 -3.21988e-09
 -3.21988e-09
 -3.21988e-09
 -3.21988e-09
 -3.21988e-09
 -3.21988e-09
 -3.21988e-09
 -3.21988e-09
      0.00000
