      0.00000
      0.00000
      0.00000
      0.00000
      0.00000
      0.00000
      0.00000
      0.00000
      0.00000
      0.00000
      0.00000
      0.00000
      0.00000
      0.00000
  0.000770601
   0.00159906
   0.00437473
   0.00700655
    0.0115426
    0.0126314
    0.0133094
    0.0131376
    0.0185525
    0.0291500
    0.0385248
    0.0526424
    0.0610309
    0.0767549
    0.0850410
    0.0966092
     0.100199
    0.0999297
    0.0865307
    0.0689232
    0.0498983
    0.0335592
    0.0210599
   0.00995556
   0.00536686
   0.00159260
  0.000307803
 -1.53368e-09
 -1.53368e-09
 -1.53368e-09
 -1.53368e-09
 -1.53368e-09
 -1.53368e-09
 -1.53368e-09
 -1.53368e-09
 -1.53368e-09
 -1.53368e-09
 -1.53368e-09
 -1.53368e-09
 -1.53368e-09
 -1.53368e-09
 -1.53368e-09
      0.00000
