      0.00000
      0.00000
      0.00000
      0.00000
      0.00000
      0.00000
      0.00000
      0.00000
      0.00000
      0.00000
      0.00000
      0.00000
      0.00000
      0.00000
      0.00000
      0.00000
  0.000200690
   0.00136958
   0.00332945
   0.00590113
    0.0105785
    0.0209034
    0.0320854
    0.0438204
    0.0528389
    0.0645139
    0.0774781
    0.0934835
     0.105246
     0.105628
    0.0955421
    0.0814003
    0.0689113
    0.0522022
    0.0353499
    0.0206942
    0.0124050
   0.00762442
   0.00430664
   0.00238559
   0.00101183
  0.000547092
  0.000243135
 -4.08620e-09
 -4.08620e-09
 -4.08620e-09
 -4.08620e-09
 -4.08620e-09
 -4.08620e-09
 -4.08620e-09
 -4.08620e-09
 -4.08620e-09
 -4.08620e-09
 -4.08620e-09
 -4.08620e-09
 -4.08620e-09
      0.00000
