      0.00000
      0.00000
      0.00000
      0.00000
      0.00000
      0.00000
      0.00000
      0.00000
      0.00000
      0.00000
      0.00000
      0.00000
      0.00000
      0.00000
      0.00000
      0.00000
      0.00000
      0.00000
      0.00000
  0.000212409
   0.00409365
    0.0107584
    0.0222841
    0.0347013
    0.0573270
    0.0993292
     0.148340
     0.183953
     0.169145
     0.120486
    0.0700623
    0.0337444
    0.0190920
   0.00671539
   0.00596539
   0.00587436
   0.00451753
   0.00265249
  0.000746487
  3.55144e-09
  3.55144e-09
  3.55144e-09
  3.55144e-09
  3.55144e-09
  3.55144e-09
  3.55144e-09
  3.55144e-09
  3.55144e-09
  3.55144e-09
  3.55144e-09
  3.55144e-09
  3.55144e-09
  3.55144e-09
  3.55144e-09
  3.55144e-09
      0.00000
