      0.00000
      0.00000
      0.00000
      0.00000
      0.00000
      0.00000
      0.00000
      0.00000
      0.00000
      0.00000
   0.00517132
    0.0169233
    0.0449049
    0.0679034
    0.0951058
    0.0926185
    0.0910928
    0.0783091
    0.0853038
    0.0781832
    0.0612426
    0.0497901
    0.0406733
    0.0558203
    0.0508275
    0.0498794
    0.0259321
   0.00988849
  0.000429836
 -3.58935e-09
 -3.58935e-09
 -3.58935e-09
 -3.58935e-09
 -3.58935e-09
 -3.58935e-09
      0.00000
