      0.00000
      0.00000
      0.00000
      0.00000
      0.00000
      0.00000
      0.00000
      0.00000
      0.00000
      0.00000
      0.00000
      0.00000
      0.00000
   0.00126686
   0.00389618
   0.00828575
    0.0122906
    0.0169421
    0.0216900
    0.0286617
    0.0383069
    0.0498338
    0.0652659
    0.0816677
     0.100280
     0.109218
     0.104890
    0.0873653
    0.0687690
    0.0542504
    0.0443395
    0.0334042
    0.0256894
    0.0190312
    0.0142558
   0.00769059
   0.00250766
  0.000201726
 -3.22325e-09
 -3.22325e-09
 -3.22325e-09
 -3.22325e-09
 -3.22325e-09
 -3.22325e-09
 -3.22325e-09
 -3.22325e-09
 -3.22325e-09
 -3.22325e-09
 -3.22325e-09
 -3.22325e-09
      0.00000
