      0.00000
      0.00000
      0.00000
      0.00000
      0.00000
      0.00000
      0.00000
      0.00000
      0.00000
      0.00000
      0.00000
      0.00000
      0.00000
      0.00000
      0.00000
      0.00000
      0.00000
      0.00000
      0.00000
      0.00000
  2.52224e-05
  0.000533988
   0.00180922
   0.00344218
   0.00529288
   0.00795901
    0.0135686
    0.0196640
    0.0320173
    0.0474648
    0.0717815
     0.100742
     0.142029
     0.195563
     0.259271
     0.316442
     0.345840
     0.330002
     0.281982
     0.223209
     0.172085
     0.130456
    0.0971907
    0.0709140
    0.0497884
    0.0315129
    0.0184278
    0.0107030
   0.00686087
   0.00559289
   0.00382978
   0.00255016
   0.00117973
  0.000269429
  1.19545e-09
  1.19545e-09
  1.19545e-09
  1.19545e-09
  1.19545e-09
  1.19545e-09
  1.19545e-09
  1.19545e-09
  1.19545e-09
  1.19545e-09
  1.19545e-09
  1.19545e-09
  1.19545e-09
  1.19545e-09
  1.19545e-09
  1.19545e-09
  1.19545e-09
  1.19545e-09
      0.00000
