      0.00000
      0.00000
      0.00000
      0.00000
      0.00000
      0.00000
      0.00000
      0.00000
      0.00000
  0.000241028
   0.00361012
    0.0137118
    0.0238643
    0.0339849
    0.0424492
    0.0483748
    0.0613733
    0.0718264
    0.0901982
    0.0978195
     0.104322
     0.101904
    0.0915644
    0.0728825
    0.0572714
    0.0425175
    0.0273222
    0.0114796
   0.00246369
  0.000819299
  5.93717e-09
  5.93717e-09
  5.93717e-09
  5.93717e-09
  5.93717e-09
  5.93717e-09
  5.93717e-09
  5.93717e-09
  5.93717e-09
      0.00000
