      0.00000
      0.00000
      0.00000
      0.00000
      0.00000
      0.00000
      0.00000
      0.00000
      0.00000
  0.000676168
   0.00448417
   0.00961017
    0.0190846
    0.0338280
    0.0561243
    0.0796556
     0.102761
     0.121373
     0.124172
     0.112598
    0.0900424
    0.0759036
    0.0589081
    0.0457235
    0.0319159
    0.0206793
    0.0104601
   0.00192536
  7.43381e-05
  4.15096e-09
  4.15096e-09
  4.15096e-09
  4.15096e-09
  4.15096e-09
  4.15096e-09
  4.15096e-09
      0.00000
