      0.00000
      0.00000
      0.00000
      0.00000
      0.00000
      0.00000
      0.00000
      0.00000
      0.00000
      0.00000
      0.00000
      0.00000
      0.00000
      0.00000
      0.00000
      0.00000
      0.00000
      0.00000
      0.00000
      0.00000
      0.00000
      0.00000
   0.00147379
   0.00324831
   0.00820791
    0.0187660
    0.0379650
    0.0613213
    0.0838378
    0.0935891
    0.0978809
    0.0992997
    0.0995328
    0.0948311
    0.0809719
    0.0707104
    0.0552365
    0.0417125
    0.0268987
    0.0158483
   0.00727165
   0.00138901
  7.33611e-06
  1.23235e-09
  1.23235e-09
  1.23235e-09
  1.23235e-09
  1.23235e-09
  1.23235e-09
  1.23235e-09
  1.23235e-09
  1.23235e-09
  1.23235e-09
  1.23235e-09
  1.23235e-09
  1.23235e-09
  1.23235e-09
  1.23235e-09
  1.23235e-09
  1.23235e-09
  1.23235e-09
  1.23235e-09
  1.23235e-09
  1.23235e-09
      0.00000
