      0.00000
      0.00000
      0.00000
      0.00000
      0.00000
      0.00000
      0.00000
      0.00000
      0.00000
      0.00000
  1.06826e-06
  7.68436e-05
  0.000169776
  0.000506311
   0.00195320
   0.00475875
   0.00813890
    0.0106535
    0.0144000
    0.0270703
    0.0692113
     0.159004
     0.425717
     0.698670
     0.721125
     0.493071
     0.195710
    0.0852824
    0.0356772
    0.0182598
    0.0129312
   0.00912266
   0.00543267
   0.00232914
  0.000695900
  3.21950e-05
  2.34536e-08
  2.34536e-08
  2.34536e-08
  2.34536e-08
  2.34536e-08
  2.34536e-08
  2.34536e-08
  2.34536e-08
  2.34536e-08
  2.34536e-08
  2.34536e-08
  2.34536e-08
      0.00000
