      0.00000
      0.00000
      0.00000
      0.00000
      0.00000
      0.00000
      0.00000
      0.00000
      0.00000
   0.00577111
    0.0169144
    0.0462614
    0.0811878
     0.123253
     0.149515
     0.182421
     0.242791
     0.307254
     0.364774
     0.411278
     0.430705
     0.427482
     0.366436
     0.298701
     0.228602
     0.156820
    0.0931536
    0.0395521
    0.0157131
   0.00774321
   0.00354365
  0.000128499
  3.71451e-09
  3.71451e-09
  3.71451e-09
  3.71451e-09
  3.71451e-09
  3.71451e-09
  3.71451e-09
      0.00000
