      0.00000
      0.00000
      0.00000
      0.00000
      0.00000
      0.00000
      0.00000
      0.00000
      0.00000
   0.00338278
    0.0147375
    0.0411467
    0.0841566
     0.151510
     0.243930
     0.368945
     0.524020
     0.655891
     0.674814
     0.590566
     0.467451
     0.377209
     0.291242
     0.206223
     0.137198
    0.0893558
    0.0515989
    0.0209615
   0.00523592
  0.000426671
 -4.31498e-09
 -4.31498e-09
 -4.31498e-09
 -4.31498e-09
 -4.31498e-09
 -4.31498e-09
      0.00000
