      0.00000
      0.00000
      0.00000
      0.00000
      0.00000
      0.00000
      0.00000
      0.00000
      0.00000
      0.00000
      0.00000
      0.00000
      0.00000
      0.00000
      0.00000
      0.00000
      0.00000
      0.00000
  8.25991e-06
   0.00107677
   0.00458789
    0.0165210
    0.0317760
    0.0534537
    0.0885157
     0.133226
     0.158675
     0.144955
     0.105838
    0.0696530
    0.0473191
    0.0346190
    0.0241657
    0.0157083
   0.00977175
   0.00981515
    0.0107150
    0.0119325
    0.0123301
   0.00959055
   0.00509372
  0.000653211
  4.49369e-09
  4.49369e-09
  4.49369e-09
  4.49369e-09
  4.49369e-09
  4.49369e-09
  4.49369e-09
  4.49369e-09
  4.49369e-09
  4.49369e-09
  4.49369e-09
  4.49369e-09
  4.49369e-09
      0.00000
