      0.00000
      0.00000
      0.00000
      0.00000
      0.00000
      0.00000
      0.00000
      0.00000
      0.00000
      0.00000
    0.0120976
    0.0559685
     0.149288
     0.310475
     0.495550
     0.640003
     0.729986
     0.741346
     0.728966
     0.609215
     0.458909
     0.321984
     0.224252
     0.191876
     0.137348
     0.111004
    0.0563507
    0.0224113
   0.00296942
 -1.84655e-08
 -1.84655e-08
 -1.84655e-08
 -1.84655e-08
 -1.84655e-08
 -1.84655e-08
      0.00000
