      0.00000
      0.00000
      0.00000
      0.00000
      0.00000
      0.00000
      0.00000
      0.00000
      0.00000
      0.00000
      0.00000
      0.00000
  0.000590382
   0.00185297
   0.00302940
   0.00628477
   0.00939987
    0.0137707
    0.0132856
    0.0121853
    0.0112449
    0.0153972
    0.0237310
    0.0335880
    0.0391202
    0.0481746
    0.0564621
    0.0690375
    0.0778514
    0.0807815
    0.0857425
    0.0825414
    0.0797512
    0.0659176
    0.0527617
    0.0388396
    0.0295809
    0.0205479
    0.0147582
   0.00837219
   0.00428732
   0.00110763
  4.55769e-06
  1.62941e-09
  1.62941e-09
  1.62941e-09
  1.62941e-09
  1.62941e-09
  1.62941e-09
  1.62941e-09
  1.62941e-09
  1.62941e-09
  1.62941e-09
  1.62941e-09
  1.62941e-09
  1.62941e-09
      0.00000
