      0.00000
      0.00000
      0.00000
      0.00000
      0.00000
      0.00000
      0.00000
      0.00000
      0.00000
      0.00000
  0.000229575
   0.00266842
   0.00865726
    0.0193978
    0.0376608
    0.0645280
     0.109243
     0.152313
     0.164840
     0.142229
     0.105393
    0.0777174
    0.0533479
    0.0307623
    0.0158527
   0.00869985
   0.00453527
   0.00173775
  0.000185468
 -1.30099e-09
 -1.30099e-09
 -1.30099e-09
 -1.30099e-09
 -1.30099e-09
 -1.30099e-09
 -1.30099e-09
      0.00000
