      0.00000
      0.00000
      0.00000
      0.00000
      0.00000
      0.00000
      0.00000
      0.00000
      0.00000
      0.00000
      0.00000
      0.00000
      0.00000
  2.35978e-05
   0.00171381
   0.00861520
    0.0215493
    0.0413021
    0.0686403
    0.0922774
     0.108424
     0.111944
     0.113352
     0.120603
     0.130917
     0.159251
     0.209469
     0.271055
     0.329666
     0.360630
     0.379377
     0.389863
     0.392474
     0.389933
     0.361477
     0.323088
     0.270174
     0.231115
     0.196510
     0.172512
     0.153487
     0.139276
     0.125772
     0.106044
    0.0875467
    0.0636398
    0.0409802
    0.0189631
   0.00742127
  0.000914514
 -1.03715e-09
 -1.03715e-09
 -1.03715e-09
 -1.03715e-09
 -1.03715e-09
 -1.03715e-09
 -1.03715e-09
 -1.03715e-09
 -1.03715e-09
 -1.03715e-09
 -1.03715e-09
 -1.03715e-09
 -1.03715e-09
 -1.03715e-09
      0.00000
