      0.00000
      0.00000
      0.00000
      0.00000
      0.00000
      0.00000
      0.00000
      0.00000
      0.00000
   0.00126053
   0.00347738
    0.0115849
    0.0216854
    0.0352853
    0.0518339
    0.0745611
     0.102371
     0.121357
     0.120057
     0.104012
    0.0859125
    0.0722584
    0.0609157
    0.0462941
    0.0342171
    0.0242913
    0.0159718
   0.00929352
   0.00298065
  0.000378922
 -7.01454e-09
 -7.01454e-09
 -7.01454e-09
 -7.01454e-09
 -7.01454e-09
 -7.01454e-09
      0.00000
