      0.00000
      0.00000
      0.00000
      0.00000
      0.00000
      0.00000
      0.00000
      0.00000
      0.00000
      0.00000
      0.00000
      0.00000
  0.000889562
   0.00366487
   0.00753151
    0.0130918
    0.0188441
    0.0292121
    0.0444007
    0.0686364
     0.113722
     0.157407
     0.170809
     0.141556
    0.0948756
    0.0591114
    0.0359942
    0.0211739
    0.0122680
   0.00531748
   0.00149431
 -3.24221e-09
 -3.24221e-09
 -3.24221e-09
 -3.24221e-09
 -3.24221e-09
 -3.24221e-09
 -3.24221e-09
 -3.24221e-09
 -3.24221e-09
 -3.24221e-09
 -3.24221e-09
 -3.24221e-09
      0.00000
