      0.00000
      0.00000
      0.00000
      0.00000
      0.00000
      0.00000
      0.00000
      0.00000
      0.00000
      0.00000
      0.00000
      0.00000
      0.00000
      0.00000
      0.00000
      0.00000
   0.00121347
   0.00342911
   0.00677857
   0.00993534
    0.0184635
    0.0277387
    0.0448889
    0.0683762
    0.0978670
     0.117788
     0.120293
     0.106294
    0.0814762
    0.0559196
    0.0406319
    0.0314131
    0.0271447
    0.0196190
    0.0167503
    0.0140000
    0.0162258
    0.0188378
    0.0243630
    0.0181779
    0.0110300
   0.00134443
 -1.12150e-09
 -1.12150e-09
 -1.12150e-09
 -1.12150e-09
 -1.12150e-09
 -1.12150e-09
 -1.12150e-09
 -1.12150e-09
 -1.12150e-09
 -1.12150e-09
 -1.12150e-09
 -1.12150e-09
 -1.12150e-09
      0.00000
