      0.00000
      0.00000
      0.00000
      0.00000
      0.00000
      0.00000
      0.00000
      0.00000
      0.00000
      0.00000
      0.00000
      0.00000
      0.00000
      0.00000
      0.00000
      0.00000
      0.00000
      0.00000
      0.00000
      0.00000
      0.00000
      0.00000
 -7.34425e-06
  0.000974093
   0.00227436
   0.00561264
   0.00953635
    0.0162210
    0.0216771
    0.0260296
    0.0300034
    0.0365476
    0.0476665
    0.0621197
    0.0823035
     0.101361
     0.110107
     0.102177
    0.0823977
    0.0630560
    0.0503084
    0.0406343
    0.0335559
    0.0251918
    0.0196920
    0.0140808
   0.00929710
   0.00504205
   0.00191501
  0.000225100
 -2.85582e-09
 -2.85582e-09
 -2.85582e-09
 -2.85582e-09
 -2.85582e-09
 -2.85582e-09
 -2.85582e-09
 -2.85582e-09
 -2.85582e-09
 -2.85582e-09
 -2.85582e-09
 -2.85582e-09
 -2.85582e-09
 -2.85582e-09
 -2.85582e-09
 -2.85582e-09
 -2.85582e-09
 -2.85582e-09
 -2.85582e-09
 -2.85582e-09
 -2.85582e-09
      0.00000
