      0.00000
      0.00000
      0.00000
      0.00000
      0.00000
      0.00000
      0.00000
      0.00000
      0.00000
      0.00000
      0.00000
      0.00000
      0.00000
      0.00000
   0.00190945
    0.0114690
    0.0637629
     0.138552
     0.227794
     0.269752
     0.309135
     0.351163
     0.405800
     0.441374
     0.433436
     0.424012
     0.425536
     0.439127
     0.409055
     0.295525
     0.162880
    0.0685748
    0.0402030
    0.0306804
    0.0218333
    0.0144319
    0.0101168
   0.00387608
  5.93051e-09
  5.93051e-09
  5.93051e-09
  5.93051e-09
  5.93051e-09
  5.93051e-09
  5.93051e-09
  5.93051e-09
  5.93051e-09
  5.93051e-09
      0.00000
