      0.00000
      0.00000
      0.00000
      0.00000
      0.00000
      0.00000
      0.00000
      0.00000
      0.00000
      0.00000
      0.00000
      0.00000
      0.00000
      0.00000
      0.00000
      0.00000
   0.00245819
   0.00978998
    0.0221325
    0.0375418
    0.0627060
    0.0875419
     0.111343
     0.119685
     0.113686
    0.0987338
    0.0795173
    0.0678226
    0.0581448
    0.0470998
    0.0323759
    0.0173167
   0.00889706
   0.00733483
   0.00708367
   0.00563826
   0.00243966
  0.000711211
 -1.34417e-10
 -1.34417e-10
 -1.34417e-10
 -1.34417e-10
 -1.34417e-10
 -1.34417e-10
 -1.34417e-10
 -1.34417e-10
 -1.34417e-10
 -1.34417e-10
 -1.34417e-10
 -1.34417e-10
      0.00000
