      0.00000
      0.00000
      0.00000
      0.00000
      0.00000
      0.00000
      0.00000
      0.00000
      0.00000
      0.00000
      0.00000
      0.00000
      0.00000
      0.00000
      0.00000
      0.00000
      0.00000
      0.00000
      0.00000
      0.00000
      0.00000
      0.00000
      0.00000
   0.00484282
    0.0128519
    0.0216012
    0.0261528
    0.0297918
    0.0380795
    0.0450592
    0.0518757
    0.0557635
    0.0636652
    0.0712818
    0.0807958
    0.0798105
    0.0774563
    0.0680182
    0.0632961
    0.0532212
    0.0420352
    0.0345349
    0.0302317
    0.0243639
    0.0159533
   0.00662281
   0.00267615
  1.85467e-05
 -1.33756e-09
 -1.33756e-09
 -1.33756e-09
 -1.33756e-09
 -1.33756e-09
 -1.33756e-09
 -1.33756e-09
 -1.33756e-09
 -1.33756e-09
 -1.33756e-09
 -1.33756e-09
 -1.33756e-09
 -1.33756e-09
 -1.33756e-09
 -1.33756e-09
 -1.33756e-09
 -1.33756e-09
 -1.33756e-09
 -1.33756e-09
 -1.33756e-09
      0.00000
