      0.00000
      0.00000
      0.00000
      0.00000
      0.00000
      0.00000
      0.00000
      0.00000
      0.00000
      0.00000
      0.00000
      0.00000
      0.00000
      0.00000
  9.02113e-05
   0.00558432
    0.0118562
    0.0260709
    0.0406039
    0.0692425
     0.113591
     0.163018
     0.180203
     0.152411
    0.0995992
    0.0578840
    0.0341551
    0.0223286
    0.0141472
   0.00701556
   0.00219876
  3.69479e-10
  3.69479e-10
  3.69479e-10
  3.69479e-10
  3.69479e-10
  3.69479e-10
  3.69479e-10
  3.69479e-10
  3.69479e-10
  3.69479e-10
  3.69479e-10
  3.69479e-10
      0.00000
