      0.00000
      0.00000
      0.00000
      0.00000
      0.00000
      0.00000
      0.00000
      0.00000
      0.00000
      0.00000
      0.00000
      0.00000
      0.00000
      0.00000
      0.00000
      0.00000
  1.55871e-05
    0.0136767
    0.0437279
     0.111082
     0.173535
     0.227918
     0.212334
     0.145767
    0.0616870
   0.00990108
  0.000354926
 -4.39539e-09
 -4.39539e-09
 -4.39539e-09
 -4.39539e-09
 -4.39539e-09
 -4.39539e-09
 -4.39539e-09
 -4.39539e-09
 -4.39539e-09
 -4.39539e-09
 -4.39539e-09
 -4.39539e-09
 -4.39539e-09
 -4.39539e-09
 -4.39539e-09
 -4.39539e-09
      0.00000
