      0.00000
      0.00000
      0.00000
      0.00000
      0.00000
      0.00000
      0.00000
      0.00000
      0.00000
      0.00000
      0.00000
      0.00000
      0.00000
      0.00000
      0.00000
   0.00107085
   0.00580114
    0.0137544
    0.0242698
    0.0427601
    0.0713063
    0.0953391
     0.102278
    0.0911109
    0.0763972
    0.0641989
    0.0551864
    0.0494870
    0.0478603
    0.0502864
    0.0513155
    0.0477273
    0.0377792
    0.0282510
    0.0201108
    0.0134520
   0.00720277
   0.00259677
  0.000457650
 -1.57803e-09
 -1.57803e-09
 -1.57803e-09
 -1.57803e-09
 -1.57803e-09
 -1.57803e-09
 -1.57803e-09
 -1.57803e-09
 -1.57803e-09
 -1.57803e-09
 -1.57803e-09
      0.00000
