      0.00000
      0.00000
      0.00000
      0.00000
      0.00000
      0.00000
      0.00000
      0.00000
      0.00000
      0.00000
      0.00000
      0.00000
      0.00000
      0.00000
      0.00000
      0.00000
      0.00000
      0.00000
      0.00000
      0.00000
      0.00000
  0.000207932
   0.00233923
   0.00805781
    0.0172411
    0.0231372
    0.0267956
    0.0289010
    0.0367083
    0.0463847
    0.0521140
    0.0576569
    0.0613694
    0.0721825
    0.0779422
    0.0798966
    0.0720496
    0.0665610
    0.0569876
    0.0519343
    0.0420890
    0.0369619
    0.0312368
    0.0238839
    0.0165556
   0.00746609
   0.00301555
  0.000323997
  8.11105e-10
  8.11105e-10
  8.11105e-10
  8.11105e-10
  8.11105e-10
  8.11105e-10
  8.11105e-10
  8.11105e-10
  8.11105e-10
  8.11105e-10
  8.11105e-10
  8.11105e-10
  8.11105e-10
  8.11105e-10
  8.11105e-10
  8.11105e-10
  8.11105e-10
  8.11105e-10
  8.11105e-10
  8.11105e-10
      0.00000
