      0.00000
      0.00000
      0.00000
      0.00000
      0.00000
      0.00000
      0.00000
      0.00000
      0.00000
      0.00000
      0.00000
      0.00000
      0.00000
      0.00000
      0.00000
      0.00000
      0.00000
      0.00000
      0.00000
      0.00000
      0.00000
      0.00000
      0.00000
   0.00169959
   0.00611641
    0.0143325
    0.0218124
    0.0292078
    0.0368627
    0.0433071
    0.0523214
    0.0593895
    0.0685484
    0.0754724
    0.0807851
    0.0836954
    0.0816950
    0.0756341
    0.0676818
    0.0561249
    0.0418999
    0.0310250
    0.0254967
    0.0239898
    0.0155636
   0.00689868
  0.000439732
 -4.22252e-10
 -4.22252e-10
 -4.22252e-10
 -4.22252e-10
 -4.22252e-10
 -4.22252e-10
 -4.22252e-10
 -4.22252e-10
 -4.22252e-10
 -4.22252e-10
 -4.22252e-10
 -4.22252e-10
 -4.22252e-10
 -4.22252e-10
 -4.22252e-10
 -4.22252e-10
 -4.22252e-10
 -4.22252e-10
 -4.22252e-10
 -4.22252e-10
 -4.22252e-10
      0.00000
