      0.00000
      0.00000
      0.00000
      0.00000
      0.00000
      0.00000
      0.00000
      0.00000
      0.00000
   0.00123024
   0.00687755
    0.0166289
    0.0159768
    0.0130651
    0.0129621
    0.0262732
    0.0383175
    0.0546316
    0.0986547
     0.214217
     0.346724
     0.487276
     0.518485
     0.446779
     0.299623
     0.169946
     0.106106
    0.0706147
    0.0390924
    0.0161680
  0.000351546
  1.23513e-08
  1.23513e-08
  1.23513e-08
  1.23513e-08
  1.23513e-08
  1.23513e-08
  1.23513e-08
  1.23513e-08
  1.23513e-08
  1.23513e-08
  1.23513e-08
  1.23513e-08
      0.00000
