      0.00000
      0.00000
      0.00000
      0.00000
      0.00000
      0.00000
      0.00000
      0.00000
      0.00000
      0.00000
      0.00000
      0.00000
      0.00000
      0.00000
      0.00000
      0.00000
      0.00000
      0.00000
      0.00000
      0.00000
      0.00000
      0.00000
      0.00000
      0.00000
  0.000771408
   0.00200291
   0.00362854
   0.00439031
   0.00515285
   0.00630986
   0.00767096
   0.00835844
    0.0103922
    0.0144016
    0.0217366
    0.0317978
    0.0444126
    0.0568856
    0.0673161
    0.0789606
    0.0961389
     0.118862
     0.144415
     0.177398
     0.232089
     0.290689
     0.308317
     0.278431
     0.221010
     0.174209
     0.135627
     0.104819
    0.0820653
    0.0649745
    0.0515720
    0.0420722
    0.0346651
    0.0282571
    0.0219339
    0.0143502
   0.00829071
   0.00369436
   0.00155675
  0.000340260
  3.43691e-05
  6.01264e-09
  6.01264e-09
  6.01264e-09
  6.01264e-09
  6.01264e-09
  6.01264e-09
  6.01264e-09
  6.01264e-09
  6.01264e-09
  6.01264e-09
  6.01264e-09
  6.01264e-09
  6.01264e-09
  6.01264e-09
  6.01264e-09
  6.01264e-09
  6.01264e-09
  6.01264e-09
  6.01264e-09
  6.01264e-09
  6.01264e-09
  6.01264e-09
  6.01264e-09
  6.01264e-09
  6.01264e-09
  6.01264e-09
      0.00000
