      0.00000
      0.00000
      0.00000
      0.00000
      0.00000
      0.00000
      0.00000
      0.00000
      0.00000
      0.00000
      0.00000
      0.00000
      0.00000
      0.00000
      0.00000
   0.00180440
   0.00604912
    0.0131448
    0.0201784
    0.0307519
    0.0542582
    0.0984998
     0.169126
     0.265510
     0.399295
     0.553077
     0.672174
     0.699271
     0.592849
     0.424315
     0.276210
     0.174727
     0.119258
    0.0730363
    0.0602520
    0.0555318
    0.0552280
    0.0586861
    0.0603852
    0.0431448
    0.0211480
   0.00208901
  4.85997e-09
  4.85997e-09
  4.85997e-09
  4.85997e-09
  4.85997e-09
  4.85997e-09
  4.85997e-09
  4.85997e-09
  4.85997e-09
  4.85997e-09
  4.85997e-09
  4.85997e-09
  4.85997e-09
      0.00000
