      0.00000
      0.00000
      0.00000
      0.00000
      0.00000
      0.00000
      0.00000
      0.00000
      0.00000
      0.00000
      0.00000
      0.00000
      0.00000
      0.00000
      0.00000
      0.00000
      0.00000
      0.00000
      0.00000
      0.00000
      0.00000
      0.00000
  7.30311e-05
   0.00169217
   0.00449950
   0.00940809
    0.0121119
    0.0154783
    0.0193546
    0.0284740
    0.0370611
    0.0461756
    0.0518356
    0.0611256
    0.0704790
    0.0838113
    0.0908773
    0.0915571
    0.0825630
    0.0711910
    0.0589824
    0.0472338
    0.0360599
    0.0277748
    0.0194293
    0.0138902
   0.00945991
   0.00618240
   0.00315041
  6.86484e-05
 -2.53934e-09
 -2.53934e-09
 -2.53934e-09
 -2.53934e-09
 -2.53934e-09
 -2.53934e-09
 -2.53934e-09
 -2.53934e-09
 -2.53934e-09
 -2.53934e-09
 -2.53934e-09
 -2.53934e-09
 -2.53934e-09
 -2.53934e-09
 -2.53934e-09
 -2.53934e-09
 -2.53934e-09
 -2.53934e-09
 -2.53934e-09
 -2.53934e-09
 -2.53934e-09
      0.00000
