      0.00000
      0.00000
      0.00000
      0.00000
      0.00000
      0.00000
      0.00000
      0.00000
      0.00000
      0.00000
      0.00000
      0.00000
      0.00000
      0.00000
      0.00000
  0.000292157
  0.000806216
   0.00283123
   0.00568514
   0.00824866
    0.0100429
    0.0101572
   0.00990036
   0.00894531
   0.00921720
    0.0130947
    0.0209844
    0.0304519
    0.0447212
    0.0585293
    0.0697933
    0.0766015
    0.0860887
    0.0940910
    0.0967672
    0.0874881
    0.0754642
    0.0609745
    0.0451174
    0.0327107
    0.0215725
    0.0133060
   0.00547058
  0.000646489
 -5.45722e-09
 -5.45722e-09
 -5.45722e-09
 -5.45722e-09
 -5.45722e-09
 -5.45722e-09
 -5.45722e-09
 -5.45722e-09
 -5.45722e-09
 -5.45722e-09
 -5.45722e-09
 -5.45722e-09
 -5.45722e-09
 -5.45722e-09
 -5.45722e-09
 -5.45722e-09
 -5.45722e-09
 -5.45722e-09
      0.00000
