      0.00000
      0.00000
      0.00000
      0.00000
      0.00000
      0.00000
      0.00000
      0.00000
      0.00000
      0.00000
      0.00000
      0.00000
      0.00000
      0.00000
      0.00000
      0.00000
  2.78699e-06
   0.00189405
   0.00570193
    0.0101123
    0.0160776
    0.0219979
    0.0285207
    0.0343532
    0.0379951
    0.0399242
    0.0440639
    0.0466156
    0.0488218
    0.0470502
    0.0466118
    0.0495646
    0.0534208
    0.0582204
    0.0566062
    0.0517661
    0.0471166
    0.0444048
    0.0433040
    0.0408316
    0.0366759
    0.0288204
    0.0228149
    0.0169777
    0.0125510
   0.00542748
   0.00172237
  3.19202e-05
  6.50699e-10
  6.50699e-10
  6.50699e-10
  6.50699e-10
  6.50699e-10
  6.50699e-10
  6.50699e-10
  6.50699e-10
  6.50699e-10
  6.50699e-10
  6.50699e-10
  6.50699e-10
  6.50699e-10
  6.50699e-10
  6.50699e-10
  6.50699e-10
      0.00000
