      0.00000
      0.00000
      0.00000
      0.00000
      0.00000
      0.00000
      0.00000
      0.00000
      0.00000
      0.00000
      0.00000
      0.00000
      0.00000
  4.20518e-05
   0.00187170
   0.00571674
    0.0105245
    0.0154515
    0.0201906
    0.0274150
    0.0369073
    0.0484774
    0.0651737
    0.0835700
     0.104642
     0.115406
     0.111896
    0.0920356
    0.0710343
    0.0522621
    0.0411479
    0.0296668
    0.0237604
    0.0184522
    0.0140916
   0.00761405
   0.00267073
 -2.04585e-05
  5.11840e-09
  5.11840e-09
  5.11840e-09
  5.11840e-09
  5.11840e-09
  5.11840e-09
  5.11840e-09
  5.11840e-09
  5.11840e-09
  5.11840e-09
  5.11840e-09
  5.11840e-09
      0.00000
