      0.00000
      0.00000
      0.00000
      0.00000
      0.00000
      0.00000
      0.00000
      0.00000
      0.00000
      0.00000
      0.00000
      0.00000
      0.00000
      0.00000
      0.00000
      0.00000
      0.00000
      0.00000
      0.00000
      0.00000
      0.00000
      0.00000
      0.00000
      0.00000
      0.00000
      0.00000
      0.00000
      0.00000
      0.00000
      0.00000
  8.99526e-06
  0.000174560
   0.00110022
   0.00192910
   0.00431428
   0.00772585
    0.0136419
    0.0190712
    0.0243044
    0.0299804
    0.0380195
    0.0453012
    0.0503265
    0.0566334
    0.0736390
    0.0985104
     0.110498
     0.103663
    0.0820567
    0.0627787
    0.0472260
    0.0349520
    0.0260223
    0.0191148
    0.0142009
    0.0109039
   0.00839953
   0.00686529
   0.00492213
   0.00285892
  0.000861251
 -4.72517e-06
  2.21256e-09
  2.21256e-09
  2.21256e-09
  2.21256e-09
  2.21256e-09
  2.21256e-09
  2.21256e-09
  2.21256e-09
  2.21256e-09
  2.21256e-09
  2.21256e-09
  2.21256e-09
  2.21256e-09
  2.21256e-09
  2.21256e-09
  2.21256e-09
  2.21256e-09
  2.21256e-09
  2.21256e-09
  2.21256e-09
  2.21256e-09
  2.21256e-09
  2.21256e-09
  2.21256e-09
  2.21256e-09
  2.21256e-09
  2.21256e-09
  2.21256e-09
  2.21256e-09
      0.00000
