      0.00000
      0.00000
      0.00000
      0.00000
      0.00000
      0.00000
      0.00000
      0.00000
      0.00000
      0.00000
  1.06826e-06
  7.68436e-05
  0.000169540
  0.000391717
  0.000973691
   0.00169009
   0.00275648
   0.00360768
   0.00507774
   0.00910939
    0.0230149
    0.0516928
     0.136964
     0.230775
     0.241231
     0.168928
    0.0667529
    0.0281342
    0.0117947
   0.00609476
   0.00436295
   0.00312958
   0.00203799
  0.000975212
  0.000258395
  9.12539e-09
  9.12539e-09
  9.12539e-09
  9.12539e-09
  9.12539e-09
  9.12539e-09
  9.12539e-09
  9.12539e-09
  9.12539e-09
  9.12539e-09
  9.12539e-09
  9.12539e-09
  9.12539e-09
      0.00000
