      0.00000
      0.00000
      0.00000
      0.00000
      0.00000
      0.00000
      0.00000
      0.00000
      0.00000
   0.00276466
   0.00558131
    0.0147945
    0.0211212
    0.0300155
    0.0319834
    0.0418107
    0.0619053
    0.0794414
    0.0904057
     0.101799
     0.108937
     0.110204
    0.0932853
    0.0762556
    0.0607150
    0.0405405
    0.0219209
   0.00631242
  0.000206784
  1.14821e-09
  1.14821e-09
  1.14821e-09
  1.14821e-09
  1.14821e-09
  1.14821e-09
  1.14821e-09
  1.14821e-09
  1.14821e-09
  1.14821e-09
      0.00000
