      0.00000
      0.00000
      0.00000
      0.00000
      0.00000
      0.00000
      0.00000
      0.00000
      0.00000
      0.00000
      0.00000
      0.00000
      0.00000
      0.00000
      0.00000
   0.00102357
   0.00200088
   0.00385998
   0.00602677
   0.00974778
    0.0118697
    0.0132178
    0.0166128
    0.0253777
    0.0370797
    0.0505174
    0.0648717
    0.0797207
    0.0939385
     0.107631
     0.112633
     0.106198
    0.0874080
    0.0675482
    0.0476042
    0.0300368
    0.0154842
   0.00671404
   0.00227851
  0.000599871
 -1.23434e-09
 -1.23434e-09
 -1.23434e-09
 -1.23434e-09
 -1.23434e-09
 -1.23434e-09
 -1.23434e-09
 -1.23434e-09
 -1.23434e-09
 -1.23434e-09
 -1.23434e-09
 -1.23434e-09
 -1.23434e-09
 -1.23434e-09
 -1.23434e-09
 -1.23434e-09
      0.00000
