      0.00000
      0.00000
      0.00000
      0.00000
      0.00000
      0.00000
      0.00000
      0.00000
      0.00000
      0.00000
      0.00000
      0.00000
      0.00000
      0.00000
      0.00000
      0.00000
      0.00000
      0.00000
      0.00000
      0.00000
      0.00000
      0.00000
      0.00000
      0.00000
      0.00000
      0.00000
      0.00000
      0.00000
      0.00000
      0.00000
      0.00000
      0.00000
      0.00000
      0.00000
      0.00000
      0.00000
      0.00000
      0.00000
  0.000192370
   0.00237889
   0.00675517
    0.0142790
    0.0244656
    0.0387870
    0.0567765
    0.0765284
    0.0958818
     0.109753
     0.114772
     0.109170
    0.0972022
    0.0801878
    0.0624969
    0.0441879
    0.0297051
    0.0175956
    0.0100045
   0.00529269
   0.00264714
  0.000938253
  3.13109e-06
  8.48524e-10
  8.48524e-10
  8.48524e-10
  8.48524e-10
  8.48524e-10
  8.48524e-10
  8.48524e-10
  8.48524e-10
  8.48524e-10
  8.48524e-10
  8.48524e-10
  8.48524e-10
  8.48524e-10
  8.48524e-10
  8.48524e-10
  8.48524e-10
  8.48524e-10
  8.48524e-10
  8.48524e-10
  8.48524e-10
  8.48524e-10
  8.48524e-10
  8.48524e-10
  8.48524e-10
  8.48524e-10
  8.48524e-10
  8.48524e-10
  8.48524e-10
  8.48524e-10
  8.48524e-10
  8.48524e-10
  8.48524e-10
  8.48524e-10
  8.48524e-10
  8.48524e-10
      0.00000
