      0.00000
      0.00000
      0.00000
      0.00000
      0.00000
      0.00000
      0.00000
      0.00000
      0.00000
      0.00000
      0.00000
      0.00000
      0.00000
      0.00000
      0.00000
      0.00000
  8.26741e-05
  0.000649556
   0.00262294
   0.00561603
   0.00834208
   0.00971573
   0.00934780
   0.00887465
   0.00841909
    0.0113336
    0.0186754
    0.0273507
    0.0432131
    0.0581323
    0.0733226
    0.0847075
    0.0990030
     0.105906
     0.105239
    0.0908100
    0.0754177
    0.0580197
    0.0404232
    0.0289827
    0.0157737
   0.00842311
   0.00159620
 -6.97690e-09
 -6.97690e-09
 -6.97690e-09
 -6.97690e-09
 -6.97690e-09
 -6.97690e-09
 -6.97690e-09
 -6.97690e-09
 -6.97690e-09
 -6.97690e-09
 -6.97690e-09
 -6.97690e-09
 -6.97690e-09
 -6.97690e-09
 -6.97690e-09
 -6.97690e-09
 -6.97690e-09
 -6.97690e-09
 -6.97690e-09
      0.00000
