      0.00000
      0.00000
      0.00000
      0.00000
      0.00000
      0.00000
      0.00000
      0.00000
      0.00000
      0.00000
      0.00000
  0.000404673
   0.00251421
   0.00701580
    0.0145539
    0.0285287
    0.0452222
    0.0682179
    0.0941731
     0.125420
     0.159870
     0.202393
     0.247574
     0.289673
     0.307306
     0.303775
     0.271627
     0.229086
     0.179151
     0.136421
     0.101606
    0.0738262
    0.0524253
    0.0324361
    0.0178858
   0.00680662
   0.00195659
  0.000130757
  1.35894e-09
  1.35894e-09
  1.35894e-09
  1.35894e-09
  1.35894e-09
  1.35894e-09
  1.35894e-09
  1.35894e-09
  1.35894e-09
  1.35894e-09
  1.35894e-09
      0.00000
