      0.00000
      0.00000
      0.00000
      0.00000
      0.00000
      0.00000
      0.00000
      0.00000
      0.00000
      0.00000
      0.00000
      0.00000
      0.00000
      0.00000
      0.00000
      0.00000
      0.00000
      0.00000
      0.00000
      0.00000
   0.00112699
   0.00389709
   0.00799820
    0.0136538
    0.0200282
    0.0303028
    0.0392785
    0.0526368
    0.0662415
    0.0853462
     0.102019
     0.121403
     0.143299
     0.176378
     0.217000
     0.259279
     0.279995
     0.273625
     0.238687
     0.199241
     0.164044
     0.134612
     0.107937
    0.0815879
    0.0607206
    0.0440454
    0.0327355
    0.0227875
    0.0132280
   0.00484627
   0.00120973
  0.000595219
  0.000215745
 -5.85741e-09
 -5.85741e-09
 -5.85741e-09
 -5.85741e-09
 -5.85741e-09
 -5.85741e-09
 -5.85741e-09
 -5.85741e-09
 -5.85741e-09
 -5.85741e-09
 -5.85741e-09
 -5.85741e-09
 -5.85741e-09
 -5.85741e-09
 -5.85741e-09
 -5.85741e-09
 -5.85741e-09
 -5.85741e-09
      0.00000
