      0.00000
      0.00000
      0.00000
      0.00000
      0.00000
      0.00000
      0.00000
      0.00000
      0.00000
      0.00000
      0.00000
   0.00319636
    0.0143436
    0.0466854
    0.0814171
     0.117839
     0.135552
     0.139474
     0.124501
     0.104986
    0.0843904
    0.0683683
    0.0463397
    0.0248553
   0.00828087
 -0.000229044
  5.79709e-09
  5.79709e-09
  5.79709e-09
  5.79709e-09
  5.79709e-09
  5.79709e-09
  5.79709e-09
  5.79709e-09
  5.79709e-09
      0.00000
