      0.00000
      0.00000
      0.00000
      0.00000
      0.00000
      0.00000
      0.00000
      0.00000
      0.00000
      0.00000
      0.00000
      0.00000
      0.00000
      0.00000
      0.00000
  0.000113774
   0.00544410
    0.0143414
    0.0334021
    0.0701005
     0.124157
     0.175834
     0.204655
     0.179174
     0.120522
    0.0531338
    0.0156613
   0.00346119
  5.95481e-09
  5.95481e-09
  5.95481e-09
  5.95481e-09
  5.95481e-09
  5.95481e-09
  5.95481e-09
  5.95481e-09
  5.95481e-09
  5.95481e-09
  5.95481e-09
  5.95481e-09
  5.95481e-09
  5.95481e-09
  5.95481e-09
      0.00000
