      0.00000
      0.00000
      0.00000
      0.00000
      0.00000
      0.00000
      0.00000
      0.00000
      0.00000
      0.00000
      0.00000
      0.00000
      0.00000
      0.00000
  0.000226156
   0.00230316
   0.00594426
    0.0118819
    0.0197267
    0.0262826
    0.0292806
    0.0287638
    0.0269770
    0.0271290
    0.0270866
    0.0304028
    0.0344046
    0.0387137
    0.0407826
    0.0416552
    0.0415466
    0.0415937
    0.0432498
    0.0453980
    0.0476666
    0.0439808
    0.0394701
    0.0366656
    0.0346674
    0.0349049
    0.0349832
    0.0365907
    0.0340727
    0.0293235
    0.0245306
    0.0192147
    0.0126907
   0.00573660
   0.00213226
  2.08404e-05
  2.00059e-09
  2.00059e-09
  2.00059e-09
  2.00059e-09
  2.00059e-09
  2.00059e-09
  2.00059e-09
  2.00059e-09
  2.00059e-09
  2.00059e-09
  2.00059e-09
  2.00059e-09
  2.00059e-09
  2.00059e-09
      0.00000
