      0.00000
      0.00000
      0.00000
      0.00000
      0.00000
      0.00000
      0.00000
      0.00000
      0.00000
      0.00000
      0.00000
      0.00000
      0.00000
      0.00000
   0.00190945
   0.00594957
    0.0198054
    0.0366401
    0.0522049
    0.0607086
    0.0634390
    0.0680345
    0.0653957
    0.0639915
    0.0674217
    0.0801184
    0.0922128
    0.0967514
    0.0939511
    0.0730609
    0.0429713
    0.0133542
   0.00207958
 -3.71741e-10
 -3.71741e-10
 -3.71741e-10
 -3.71741e-10
 -3.71741e-10
 -3.71741e-10
 -3.71741e-10
 -3.71741e-10
 -3.71741e-10
 -3.71741e-10
 -3.71741e-10
 -3.71741e-10
 -3.71741e-10
 -3.71741e-10
 -3.71741e-10
      0.00000
