      0.00000
      0.00000
      0.00000
      0.00000
      0.00000
      0.00000
      0.00000
      0.00000
      0.00000
      0.00000
      0.00000
      0.00000
      0.00000
      0.00000
      0.00000
      0.00000
      0.00000
      0.00000
      0.00000
      0.00000
   0.00247431
   0.00739870
    0.0123575
    0.0156688
    0.0194439
    0.0242766
    0.0271033
    0.0331251
    0.0389828
    0.0476323
    0.0515221
    0.0575098
    0.0634861
    0.0658583
    0.0672404
    0.0660279
    0.0620584
    0.0551341
    0.0473918
    0.0421054
    0.0371290
    0.0337789
    0.0278544
    0.0205766
    0.0131439
    0.0116295
    0.0137944
    0.0126741
    0.0116678
   0.00609638
   0.00395192
  0.000669713
  0.000235737
 -5.47138e-10
 -5.47138e-10
 -5.47138e-10
 -5.47138e-10
 -5.47138e-10
 -5.47138e-10
 -5.47138e-10
 -5.47138e-10
 -5.47138e-10
 -5.47138e-10
 -5.47138e-10
 -5.47138e-10
 -5.47138e-10
 -5.47138e-10
 -5.47138e-10
      0.00000
