      0.00000
      0.00000
      0.00000
      0.00000
      0.00000
      0.00000
      0.00000
      0.00000
      0.00000
      0.00000
      0.00000
      0.00000
      0.00000
      0.00000
      0.00000
      0.00000
      0.00000
      0.00000
      0.00000
      0.00000
      0.00000
  0.000241472
   0.00834475
    0.0210226
    0.0390516
    0.0589754
    0.0943303
     0.138669
     0.173655
     0.170706
     0.135012
    0.0850612
    0.0461045
    0.0203593
   0.00729709
   0.00116977
 -5.53456e-09
 -5.53456e-09
 -5.53456e-09
 -5.53456e-09
 -5.53456e-09
 -5.53456e-09
 -5.53456e-09
 -5.53456e-09
 -5.53456e-09
 -5.53456e-09
 -5.53456e-09
 -5.53456e-09
 -5.53456e-09
 -5.53456e-09
 -5.53456e-09
 -5.53456e-09
 -5.53456e-09
 -5.53456e-09
 -5.53456e-09
 -5.53456e-09
      0.00000
