      0.00000
      0.00000
      0.00000
      0.00000
      0.00000
      0.00000
      0.00000
      0.00000
      0.00000
      0.00000
      0.00000
  0.000727980
   0.00624755
    0.0200359
    0.0454919
    0.0737708
    0.0914705
    0.0978980
    0.0986807
     0.102050
     0.104551
     0.101229
    0.0852908
    0.0680343
    0.0461358
    0.0344863
    0.0166305
   0.00726955
  8.01862e-10
  8.01862e-10
  8.01862e-10
  8.01862e-10
  8.01862e-10
  8.01862e-10
  8.01862e-10
  8.01862e-10
  8.01862e-10
  8.01862e-10
      0.00000
