      0.00000
      0.00000
      0.00000
      0.00000
      0.00000
      0.00000
      0.00000
      0.00000
      0.00000
      0.00000
      0.00000
      0.00000
      0.00000
      0.00000
      0.00000
      0.00000
      0.00000
      0.00000
      0.00000
  0.000238247
   0.00194633
   0.00472806
   0.00872716
    0.0108502
    0.0116860
    0.0121450
    0.0166195
    0.0256459
    0.0450258
    0.0652274
    0.0864861
     0.107105
     0.122163
     0.125440
     0.110902
    0.0877842
    0.0642511
    0.0429207
    0.0279515
    0.0150966
   0.00626942
  0.000791192
  8.17866e-09
  8.17866e-09
  8.17866e-09
  8.17866e-09
  8.17866e-09
  8.17866e-09
  8.17866e-09
  8.17866e-09
  8.17866e-09
  8.17866e-09
  8.17866e-09
  8.17866e-09
  8.17866e-09
  8.17866e-09
  8.17866e-09
  8.17866e-09
  8.17866e-09
  8.17866e-09
  8.17866e-09
  8.17866e-09
      0.00000
