      0.00000
      0.00000
      0.00000
      0.00000
      0.00000
      0.00000
      0.00000
      0.00000
      0.00000
      0.00000
      0.00000
      0.00000
      0.00000
  0.000309764
   0.00391287
    0.0104667
    0.0208114
    0.0322855
    0.0437374
    0.0526741
    0.0659669
    0.0712813
    0.0758810
    0.0667762
    0.0647324
    0.0808969
     0.125007
     0.187114
     0.264881
     0.346141
     0.409450
     0.472670
     0.530800
     0.574384
     0.569408
     0.519462
     0.439585
     0.351329
     0.252289
     0.175971
     0.104953
    0.0569269
    0.0232783
   0.00618628
  0.000431139
 -4.14569e-09
 -4.14569e-09
 -4.14569e-09
 -4.14569e-09
 -4.14569e-09
 -4.14569e-09
 -4.14569e-09
 -4.14569e-09
 -4.14569e-09
 -4.14569e-09
 -4.14569e-09
 -4.14569e-09
 -4.14569e-09
 -4.14569e-09
 -4.14569e-09
 -4.14569e-09
 -4.14569e-09
      0.00000
