      0.00000
      0.00000
      0.00000
      0.00000
      0.00000
      0.00000
      0.00000
      0.00000
      0.00000
      0.00000
      0.00000
      0.00000
      0.00000
      0.00000
      0.00000
      0.00000
      0.00000
      0.00000
      0.00000
  0.000695923
   0.00537499
    0.0122602
    0.0217041
    0.0322879
    0.0569138
    0.0977449
     0.143696
     0.177613
     0.167406
     0.125901
    0.0755990
    0.0387394
    0.0212771
   0.00814331
   0.00594509
   0.00479616
   0.00280373
   0.00109754
 -1.82027e-09
 -1.82027e-09
 -1.82027e-09
 -1.82027e-09
 -1.82027e-09
 -1.82027e-09
 -1.82027e-09
 -1.82027e-09
 -1.82027e-09
 -1.82027e-09
 -1.82027e-09
 -1.82027e-09
 -1.82027e-09
 -1.82027e-09
 -1.82027e-09
 -1.82027e-09
 -1.82027e-09
      0.00000
