      0.00000
      0.00000
      0.00000
      0.00000
      0.00000
      0.00000
      0.00000
      0.00000
      0.00000
      0.00000
      0.00000
  0.000372566
    0.0156340
    0.0431906
    0.0773764
     0.114583
     0.139747
     0.155342
     0.142669
     0.117056
    0.0903488
    0.0602961
    0.0333393
   0.00989404
  0.000151694
 -8.00237e-09
 -8.00237e-09
 -8.00237e-09
 -8.00237e-09
 -8.00237e-09
 -8.00237e-09
 -8.00237e-09
 -8.00237e-09
 -8.00237e-09
 -8.00237e-09
      0.00000
