      0.00000
      0.00000
      0.00000
      0.00000
      0.00000
      0.00000
      0.00000
      0.00000
      0.00000
      0.00000
      0.00000
      0.00000
      0.00000
  0.000222085
   0.00208831
   0.00520452
   0.00895429
    0.0107731
    0.0123461
    0.0129495
    0.0165165
    0.0164548
    0.0175399
    0.0135563
    0.0128044
    0.0145738
    0.0226497
    0.0342349
    0.0435892
    0.0542837
    0.0589260
    0.0671071
    0.0740506
    0.0815562
    0.0845335
    0.0834447
    0.0751541
    0.0632267
    0.0459127
    0.0323462
    0.0188204
    0.0100579
   0.00430613
   0.00181682
  4.47614e-09
  4.47614e-09
  4.47614e-09
  4.47614e-09
  4.47614e-09
  4.47614e-09
  4.47614e-09
  4.47614e-09
  4.47614e-09
  4.47614e-09
  4.47614e-09
  4.47614e-09
  4.47614e-09
  4.47614e-09
  4.47614e-09
  4.47614e-09
  4.47614e-09
  4.47614e-09
      0.00000
