      0.00000
      0.00000
      0.00000
      0.00000
      0.00000
      0.00000
      0.00000
      0.00000
      0.00000
      0.00000
      0.00000
      0.00000
  0.000889562
   0.00586255
    0.0147037
    0.0324124
    0.0517485
    0.0861251
     0.131417
     0.208016
     0.339799
     0.474266
     0.514764
     0.429626
     0.285450
     0.177278
     0.108462
    0.0687287
    0.0423195
    0.0212831
   0.00683727
  1.15403e-05
  5.33759e-09
  5.33759e-09
  5.33759e-09
  5.33759e-09
  5.33759e-09
  5.33759e-09
  5.33759e-09
  5.33759e-09
  5.33759e-09
  5.33759e-09
  5.33759e-09
      0.00000
