      0.00000
      0.00000
      0.00000
      0.00000
      0.00000
      0.00000
      0.00000
      0.00000
      0.00000
      0.00000
      0.00000
      0.00000
      0.00000
      0.00000
   0.00141103
   0.00714192
    0.0144153
    0.0238333
    0.0331566
    0.0483641
    0.0689126
    0.0930643
     0.112382
     0.118601
     0.112410
    0.0957200
    0.0791862
    0.0613492
    0.0472755
    0.0330666
    0.0225728
    0.0146882
   0.00832227
   0.00363863
  0.000488269
  1.52924e-09
  1.52924e-09
  1.52924e-09
  1.52924e-09
  1.52924e-09
  1.52924e-09
  1.52924e-09
  1.52924e-09
  1.52924e-09
  1.52924e-09
  1.52924e-09
  1.52924e-09
      0.00000
