      0.00000
      0.00000
      0.00000
      0.00000
      0.00000
      0.00000
      0.00000
      0.00000
      0.00000
      0.00000
      0.00000
      0.00000
      0.00000
   0.00132859
   0.00439124
   0.00963498
    0.0171338
    0.0260887
    0.0367219
    0.0498880
    0.0647403
    0.0858368
     0.103467
     0.112965
     0.108206
    0.0942799
    0.0791087
    0.0621577
    0.0484014
    0.0345100
    0.0249277
    0.0162583
    0.0112327
   0.00584842
   0.00257671
  0.000296880
 -2.17200e-09
 -2.17200e-09
 -2.17200e-09
 -2.17200e-09
 -2.17200e-09
 -2.17200e-09
 -2.17200e-09
 -2.17200e-09
 -2.17200e-09
 -2.17200e-09
 -2.17200e-09
      0.00000
