      0.00000
      0.00000
      0.00000
      0.00000
      0.00000
      0.00000
      0.00000
      0.00000
      0.00000
      0.00000
      0.00000
      0.00000
  0.000393083
   0.00203425
   0.00338771
   0.00426615
   0.00471599
   0.00654939
   0.00874079
    0.0108779
    0.0146205
    0.0185012
    0.0260264
    0.0348259
    0.0504455
    0.0716803
    0.0974392
     0.119918
     0.126152
     0.115705
    0.0900177
    0.0638316
    0.0412899
    0.0285411
    0.0195409
    0.0146698
   0.00958275
   0.00808300
   0.00484582
   0.00292690
  0.000391058
 -5.80536e-09
 -5.80536e-09
 -5.80536e-09
 -5.80536e-09
 -5.80536e-09
 -5.80536e-09
 -5.80536e-09
 -5.80536e-09
 -5.80536e-09
 -5.80536e-09
 -5.80536e-09
 -5.80536e-09
 -5.80536e-09
 -5.80536e-09
      0.00000
