      0.00000
      0.00000
      0.00000
      0.00000
      0.00000
      0.00000
      0.00000
      0.00000
      0.00000
      0.00000
      0.00000
      0.00000
      0.00000
      0.00000
      0.00000
      0.00000
   0.00589638
    0.0154358
    0.0339488
    0.0496925
    0.0695421
    0.0799683
    0.0967760
     0.104289
    0.0986250
    0.0834830
    0.0733226
    0.0769800
    0.0746797
    0.0587101
    0.0343619
    0.0175801
    0.0120317
   0.00944932
   0.00522572
  1.69018e-06
  2.45529e-11
  2.45529e-11
  2.45529e-11
  2.45529e-11
  2.45529e-11
  2.45529e-11
  2.45529e-11
  2.45529e-11
  2.45529e-11
  2.45529e-11
  2.45529e-11
  2.45529e-11
      0.00000
