      0.00000
      0.00000
      0.00000
      0.00000
      0.00000
      0.00000
      0.00000
      0.00000
      0.00000
      0.00000
   0.00692259
    0.0219996
    0.0463884
    0.0652451
    0.0873389
    0.0869097
    0.0872326
    0.0761190
    0.0858511
    0.0780857
    0.0634906
    0.0469641
    0.0385537
    0.0538034
    0.0546973
    0.0547540
    0.0305818
    0.0125228
   0.00253960
 -4.86513e-09
 -4.86513e-09
 -4.86513e-09
 -4.86513e-09
 -4.86513e-09
 -4.86513e-09
      0.00000
