      0.00000
      0.00000
      0.00000
      0.00000
      0.00000
      0.00000
      0.00000
      0.00000
      0.00000
      0.00000
      0.00000
      0.00000
      0.00000
  2.35978e-05
   0.00148766
   0.00571642
    0.0125665
    0.0203545
    0.0298449
    0.0358326
    0.0380967
    0.0337626
    0.0292775
    0.0258978
    0.0251685
    0.0262805
    0.0279276
    0.0307832
    0.0335988
    0.0360874
    0.0369118
    0.0374980
    0.0378273
    0.0391546
    0.0397649
    0.0388904
    0.0352595
    0.0323577
    0.0317243
    0.0321036
    0.0337702
    0.0357902
    0.0365242
    0.0332661
    0.0289257
    0.0234916
    0.0182033
    0.0103237
   0.00461254
  0.000893672
 -4.57595e-09
 -4.57595e-09
 -4.57595e-09
 -4.57595e-09
 -4.57595e-09
 -4.57595e-09
 -4.57595e-09
 -4.57595e-09
 -4.57595e-09
 -4.57595e-09
 -4.57595e-09
 -4.57595e-09
 -4.57595e-09
 -4.57595e-09
      0.00000
