      0.00000
      0.00000
      0.00000
      0.00000
      0.00000
      0.00000
      0.00000
      0.00000
      0.00000
      0.00000
      0.00000
      0.00000
      0.00000
      0.00000
      0.00000
      0.00000
      0.00000
      0.00000
      0.00000
      0.00000
      0.00000
      0.00000
  2.90940e-05
   0.00194988
   0.00426817
    0.0125278
    0.0290283
    0.0521862
    0.0795331
    0.0988394
     0.114039
     0.118247
     0.112317
     0.101312
    0.0835276
    0.0686793
    0.0499493
    0.0363309
    0.0222852
    0.0115793
   0.00313760
  0.000234240
 -3.93080e-10
 -3.93080e-10
 -3.93080e-10
 -3.93080e-10
 -3.93080e-10
 -3.93080e-10
 -3.93080e-10
 -3.93080e-10
 -3.93080e-10
 -3.93080e-10
 -3.93080e-10
 -3.93080e-10
 -3.93080e-10
 -3.93080e-10
 -3.93080e-10
 -3.93080e-10
 -3.93080e-10
 -3.93080e-10
 -3.93080e-10
 -3.93080e-10
 -3.93080e-10
 -3.93080e-10
      0.00000
