      0.00000
      0.00000
      0.00000
      0.00000
      0.00000
      0.00000
      0.00000
      0.00000
      0.00000
      0.00000
      0.00000
      0.00000
      0.00000
      0.00000
      0.00000
  0.000909926
   0.00570998
    0.0174443
    0.0321315
    0.0504375
    0.0679855
    0.0853225
     0.105344
     0.113288
     0.112533
    0.0900122
    0.0696100
    0.0462049
    0.0334642
    0.0277729
    0.0298538
    0.0325519
    0.0308328
    0.0253811
    0.0157767
   0.00640022
  0.000996823
  3.71946e-05
 -4.89294e-09
 -4.89294e-09
 -4.89294e-09
 -4.89294e-09
 -4.89294e-09
 -4.89294e-09
 -4.89294e-09
 -4.89294e-09
 -4.89294e-09
 -4.89294e-09
 -4.89294e-09
 -4.89294e-09
      0.00000
