      0.00000
      0.00000
      0.00000
      0.00000
      0.00000
      0.00000
      0.00000
      0.00000
      0.00000
      0.00000
      0.00000
      0.00000
      0.00000
      0.00000
      0.00000
   0.00210834
    0.0110551
    0.0242886
    0.0348054
    0.0384177
    0.0481545
    0.0710773
    0.0957746
     0.116506
     0.114544
    0.0994716
    0.0745780
    0.0545046
    0.0432086
    0.0332864
    0.0249456
    0.0249221
    0.0220895
    0.0212311
    0.0166076
    0.0144302
    0.0101168
   0.00387608
  2.27701e-09
  2.27701e-09
  2.27701e-09
  2.27701e-09
  2.27701e-09
  2.27701e-09
  2.27701e-09
  2.27701e-09
  2.27701e-09
  2.27701e-09
      0.00000
