      0.00000
      0.00000
      0.00000
      0.00000
      0.00000
      0.00000
      0.00000
      0.00000
      0.00000
      0.00000
      0.00000
      0.00000
      0.00000
  3.40312e-07
   0.00123510
   0.00315374
   0.00595400
   0.00784795
   0.00987645
    0.0109947
    0.0144517
    0.0153558
    0.0167387
    0.0133413
    0.0120960
    0.0143675
    0.0225842
    0.0350145
    0.0442439
    0.0556091
    0.0607672
    0.0709610
    0.0788095
    0.0871072
    0.0897581
    0.0879792
    0.0771476
    0.0633153
    0.0441165
    0.0299793
    0.0160433
   0.00735876
   0.00283546
  0.000956544
 -2.52535e-09
 -2.52535e-09
 -2.52535e-09
 -2.52535e-09
 -2.52535e-09
 -2.52535e-09
 -2.52535e-09
 -2.52535e-09
 -2.52535e-09
 -2.52535e-09
 -2.52535e-09
 -2.52535e-09
 -2.52535e-09
 -2.52535e-09
 -2.52535e-09
 -2.52535e-09
 -2.52535e-09
 -2.52535e-09
      0.00000
