      0.00000
      0.00000
      0.00000
      0.00000
      0.00000
      0.00000
      0.00000
      0.00000
      0.00000
      0.00000
      0.00000
      0.00000
      0.00000
      0.00000
      0.00000
      0.00000
      0.00000
      0.00000
      0.00000
      0.00000
      0.00000
      0.00000
      0.00000
      0.00000
  0.000105186
  0.000302178
  0.000612595
  0.000844427
   0.00115631
   0.00187252
   0.00266860
   0.00361874
   0.00452965
   0.00664931
   0.00913629
    0.0139419
    0.0190001
    0.0267481
    0.0368798
    0.0494948
    0.0633295
    0.0767385
    0.0931172
     0.114860
     0.142145
     0.172179
     0.203248
     0.229660
     0.243286
     0.237490
     0.218329
     0.191800
     0.164499
     0.135709
     0.110801
    0.0885493
    0.0729838
    0.0596924
    0.0499824
    0.0385782
    0.0300304
    0.0230007
    0.0186050
    0.0146572
    0.0108325
   0.00797599
   0.00489127
   0.00306651
   0.00143874
  0.000783416
  0.000179241
  1.41036e-09
  1.41036e-09
  1.41036e-09
  1.41036e-09
  1.41036e-09
  1.41036e-09
  1.41036e-09
  1.41036e-09
  1.41036e-09
  1.41036e-09
  1.41036e-09
  1.41036e-09
  1.41036e-09
  1.41036e-09
  1.41036e-09
  1.41036e-09
  1.41036e-09
  1.41036e-09
  1.41036e-09
  1.41036e-09
  1.41036e-09
  1.41036e-09
  1.41036e-09
  1.41036e-09
  1.41036e-09
      0.00000
