      0.00000
      0.00000
      0.00000
      0.00000
      0.00000
      0.00000
      0.00000
      0.00000
      0.00000
      0.00000
      0.00000
      0.00000
      0.00000
      0.00000
      0.00000
      0.00000
      0.00000
      0.00000
      0.00000
      0.00000
   0.00135964
   0.00571588
    0.0103329
    0.0152900
    0.0191397
    0.0233288
    0.0256196
    0.0316522
    0.0381797
    0.0476947
    0.0520217
    0.0576743
    0.0631994
    0.0647331
    0.0681871
    0.0661017
    0.0640418
    0.0554141
    0.0482022
    0.0417809
    0.0367134
    0.0336937
    0.0278264
    0.0211865
    0.0130214
    0.0115590
    0.0134920
    0.0136036
    0.0128306
   0.00819344
   0.00554730
   0.00203212
  0.000631087
 -4.38521e-09
 -4.38521e-09
 -4.38521e-09
 -4.38521e-09
 -4.38521e-09
 -4.38521e-09
 -4.38521e-09
 -4.38521e-09
 -4.38521e-09
 -4.38521e-09
 -4.38521e-09
 -4.38521e-09
 -4.38521e-09
 -4.38521e-09
 -4.38521e-09
      0.00000
