      0.00000
      0.00000
      0.00000
      0.00000
      0.00000
      0.00000
      0.00000
      0.00000
      0.00000
      0.00000
      0.00000
      0.00000
      0.00000
      0.00000
      0.00000
      0.00000
      0.00000
      0.00000
      0.00000
      0.00000
      0.00000
   0.00233389
   0.00939682
    0.0232644
    0.0418742
    0.0634608
    0.0926262
     0.128851
     0.162401
     0.162817
     0.130465
    0.0849404
    0.0518343
    0.0298969
    0.0131225
   0.00279173
 -8.79738e-05
  1.22035e-05
  3.75905e-09
  3.75905e-09
  3.75905e-09
  3.75905e-09
  3.75905e-09
  3.75905e-09
  3.75905e-09
  3.75905e-09
  3.75905e-09
  3.75905e-09
  3.75905e-09
  3.75905e-09
  3.75905e-09
  3.75905e-09
  3.75905e-09
  3.75905e-09
  3.75905e-09
  3.75905e-09
      0.00000
