      0.00000
      0.00000
      0.00000
      0.00000
      0.00000
      0.00000
      0.00000
      0.00000
      0.00000
      0.00000
      0.00000
      0.00000
      0.00000
      0.00000
  0.000185018
   0.00305646
    0.0119066
    0.0229452
    0.0416908
    0.0573834
    0.0736637
    0.0832380
    0.0910262
    0.0978680
    0.0940886
    0.0847840
    0.0665842
    0.0506517
    0.0358551
    0.0280527
    0.0247774
    0.0259342
    0.0248733
    0.0237859
    0.0204287
    0.0166065
    0.0120445
   0.00601508
   0.00255471
  1.30585e-09
  1.30585e-09
  1.30585e-09
  1.30585e-09
  1.30585e-09
  1.30585e-09
  1.30585e-09
  1.30585e-09
  1.30585e-09
  1.30585e-09
  1.30585e-09
      0.00000
