      0.00000
      0.00000
      0.00000
      0.00000
      0.00000
      0.00000
      0.00000
      0.00000
      0.00000
      0.00000
      0.00000
      0.00000
      0.00000
      0.00000
      0.00000
      0.00000
      0.00000
      0.00000
      0.00000
      0.00000
      0.00000
      0.00000
      0.00000
      0.00000
  0.000105186
  0.000302178
  0.000612595
  0.000844427
   0.00115631
   0.00187252
   0.00266187
   0.00345130
   0.00414980
   0.00571975
   0.00743844
    0.0107682
    0.0139197
    0.0188285
    0.0239560
    0.0283580
    0.0311682
    0.0312057
    0.0321703
    0.0343839
    0.0385682
    0.0417564
    0.0454391
    0.0498276
    0.0547894
    0.0553949
    0.0531801
    0.0488421
    0.0459073
    0.0420797
    0.0385184
    0.0339735
    0.0314725
    0.0280831
    0.0261962
    0.0220756
    0.0195484
    0.0165382
    0.0143119
    0.0123571
   0.00990967
   0.00781426
   0.00487589
   0.00306651
   0.00143873
  0.000783413
  0.000179238
 -1.28395e-09
 -1.28395e-09
 -1.28395e-09
 -1.28395e-09
 -1.28395e-09
 -1.28395e-09
 -1.28395e-09
 -1.28395e-09
 -1.28395e-09
 -1.28395e-09
 -1.28395e-09
 -1.28395e-09
 -1.28395e-09
 -1.28395e-09
 -1.28395e-09
 -1.28395e-09
 -1.28395e-09
 -1.28395e-09
 -1.28395e-09
 -1.28395e-09
 -1.28395e-09
 -1.28395e-09
 -1.28395e-09
 -1.28395e-09
 -1.28395e-09
      0.00000
