      0.00000
      0.00000
      0.00000
      0.00000
      0.00000
      0.00000
      0.00000
      0.00000
      0.00000
      0.00000
      0.00000
      0.00000
      0.00000
  5.24913e-06
   0.00309858
   0.00673706
    0.0121424
    0.0184339
    0.0285291
    0.0435896
    0.0610449
    0.0823897
     0.104308
     0.123112
     0.128102
     0.116435
    0.0919352
    0.0651503
    0.0442878
    0.0295545
    0.0201067
    0.0119157
   0.00615470
   0.00231826
  0.000649105
 -2.20152e-09
 -2.20152e-09
 -2.20152e-09
 -2.20152e-09
 -2.20152e-09
 -2.20152e-09
 -2.20152e-09
 -2.20152e-09
 -2.20152e-09
 -2.20152e-09
 -2.20152e-09
 -2.20152e-09
      0.00000
