      0.00000
      0.00000
      0.00000
      0.00000
      0.00000
      0.00000
      0.00000
      0.00000
      0.00000
      0.00000
      0.00000
      0.00000
      0.00000
      0.00000
      0.00000
  0.000569747
    0.0113600
    0.0265360
    0.0513519
    0.0589866
    0.0668400
    0.0664974
    0.0782288
    0.0824723
    0.0815040
    0.0784660
    0.0883761
     0.101283
    0.0971902
    0.0651067
    0.0321278
   0.00910178
   0.00400219
 -2.97484e-10
 -2.97484e-10
 -2.97484e-10
 -2.97484e-10
 -2.97484e-10
 -2.97484e-10
 -2.97484e-10
 -2.97484e-10
 -2.97484e-10
 -2.97484e-10
 -2.97484e-10
 -2.97484e-10
 -2.97484e-10
 -2.97484e-10
 -2.97484e-10
      0.00000
