      0.00000
      0.00000
      0.00000
      0.00000
      0.00000
      0.00000
      0.00000
      0.00000
      0.00000
      0.00000
  3.69029e-06
    0.0134767
    0.0266675
    0.0628318
    0.0894237
     0.125141
     0.132439
     0.121218
     0.107647
    0.0890714
    0.0689430
    0.0504870
    0.0423868
    0.0404352
    0.0233901
   0.00660013
 -0.000163171
 -6.48191e-09
 -6.48191e-09
 -6.48191e-09
 -6.48191e-09
 -6.48191e-09
 -6.48191e-09
 -6.48191e-09
 -6.48191e-09
      0.00000
