      0.00000
      0.00000
      0.00000
      0.00000
      0.00000
      0.00000
      0.00000
      0.00000
      0.00000
      0.00000
      0.00000
      0.00000
      0.00000
      0.00000
      0.00000
      0.00000
      0.00000
      0.00000
      0.00000
      0.00000
   0.00503901
    0.0179930
    0.0334306
    0.0599664
    0.0927684
     0.129324
     0.153502
     0.183743
     0.227305
     0.275427
     0.313378
     0.345406
     0.384554
     0.417814
     0.449295
     0.448532
     0.423834
     0.377947
     0.334541
     0.293291
     0.246191
     0.209114
     0.175061
     0.137547
    0.0926007
    0.0549164
    0.0383980
    0.0272256
    0.0244983
    0.0142898
   0.00949922
   0.00270183
  0.000866823
 -5.98626e-09
 -5.98626e-09
 -5.98626e-09
 -5.98626e-09
 -5.98626e-09
 -5.98626e-09
 -5.98626e-09
 -5.98626e-09
 -5.98626e-09
 -5.98626e-09
 -5.98626e-09
 -5.98626e-09
 -5.98626e-09
 -5.98626e-09
 -5.98626e-09
      0.00000
