      0.00000
      0.00000
      0.00000
      0.00000
      0.00000
      0.00000
      0.00000
      0.00000
      0.00000
   0.00144609
   0.00558074
    0.0111975
    0.0195943
    0.0345647
    0.0560158
    0.0798371
     0.102421
     0.119716
     0.120859
     0.109232
    0.0882190
    0.0752517
    0.0590282
    0.0465602
    0.0335011
    0.0223070
    0.0116250
   0.00284370
  0.000199724
 -1.37945e-09
 -1.37945e-09
 -1.37945e-09
 -1.37945e-09
 -1.37945e-09
 -1.37945e-09
 -1.37945e-09
      0.00000
