      0.00000
      0.00000
      0.00000
      0.00000
      0.00000
      0.00000
      0.00000
      0.00000
      0.00000
      0.00000
      0.00000
      0.00000
      0.00000
      0.00000
      0.00000
  0.000595619
   0.00303581
   0.00717153
    0.0133667
    0.0200499
    0.0249694
    0.0274199
    0.0270739
    0.0280247
    0.0281905
    0.0313499
    0.0360795
    0.0414348
    0.0430916
    0.0434086
    0.0423874
    0.0436596
    0.0461267
    0.0510169
    0.0529397
    0.0490606
    0.0431424
    0.0396434
    0.0376308
    0.0372439
    0.0376489
    0.0364514
    0.0323527
    0.0264768
    0.0215393
    0.0155060
   0.00836380
   0.00287086
  0.000676467
  4.82461e-11
  4.82461e-11
  4.82461e-11
  4.82461e-11
  4.82461e-11
  4.82461e-11
  4.82461e-11
  4.82461e-11
  4.82461e-11
  4.82461e-11
  4.82461e-11
  4.82461e-11
  4.82461e-11
  4.82461e-11
  4.82461e-11
      0.00000
