      0.00000
      0.00000
      0.00000
      0.00000
      0.00000
      0.00000
      0.00000
      0.00000
      0.00000
      0.00000
  0.000965632
   0.00608571
    0.0151350
    0.0284345
    0.0422949
    0.0703628
     0.107222
     0.141132
     0.144885
     0.122495
    0.0978832
    0.0760782
    0.0590417
    0.0368827
    0.0217109
    0.0133784
   0.00900679
   0.00516113
   0.00179573
  4.77479e-05
  1.22903e-09
  1.22903e-09
  1.22903e-09
  1.22903e-09
  1.22903e-09
  1.22903e-09
      0.00000
