      0.00000
      0.00000
      0.00000
      0.00000
      0.00000
      0.00000
      0.00000
      0.00000
      0.00000
      0.00000
      0.00000
      0.00000
      0.00000
      0.00000
  5.12322e-06
   0.00279449
    0.0104102
    0.0222933
    0.0393224
    0.0576851
    0.0741067
    0.0851271
    0.0915325
    0.0980350
    0.0941114
    0.0847090
    0.0682215
    0.0542887
    0.0390266
    0.0285152
    0.0209046
    0.0211555
    0.0178856
    0.0185399
    0.0170590
    0.0195640
    0.0176767
    0.0117554
   0.00470696
  0.000568085
 -1.72646e-09
 -1.72646e-09
 -1.72646e-09
 -1.72646e-09
 -1.72646e-09
 -1.72646e-09
 -1.72646e-09
 -1.72646e-09
 -1.72646e-09
 -1.72646e-09
      0.00000
