      0.00000
      0.00000
      0.00000
      0.00000
      0.00000
      0.00000
      0.00000
      0.00000
      0.00000
      0.00000
      0.00000
      0.00000
      0.00000
      0.00000
      0.00000
   0.00284130
    0.0156460
    0.0356513
    0.0554836
    0.0619467
    0.0611593
    0.0655853
    0.0696253
    0.0741152
    0.0713412
    0.0824734
    0.0970464
     0.109609
     0.100025
    0.0653612
    0.0284732
   0.00361660
  4.29818e-09
  4.29818e-09
  4.29818e-09
  4.29818e-09
  4.29818e-09
  4.29818e-09
  4.29818e-09
  4.29818e-09
  4.29818e-09
  4.29818e-09
  4.29818e-09
  4.29818e-09
  4.29818e-09
  4.29818e-09
  4.29818e-09
  4.29818e-09
      0.00000
