      0.00000
      0.00000
      0.00000
      0.00000
      0.00000
      0.00000
      0.00000
      0.00000
      0.00000
      0.00000
      0.00000
      0.00000
      0.00000
      0.00000
      0.00000
   0.00180440
   0.00483565
   0.00971572
    0.0133915
    0.0188315
    0.0217382
    0.0312215
    0.0484734
    0.0766912
    0.0986714
     0.104989
     0.101171
    0.0864548
    0.0689840
    0.0523551
    0.0425973
    0.0362106
    0.0275788
    0.0228502
    0.0218194
    0.0210460
    0.0209659
    0.0241658
    0.0229457
    0.0153763
   0.00502427
  9.13727e-05
 -2.43388e-10
 -2.43388e-10
 -2.43388e-10
 -2.43388e-10
 -2.43388e-10
 -2.43388e-10
 -2.43388e-10
 -2.43388e-10
 -2.43388e-10
 -2.43388e-10
 -2.43388e-10
 -2.43388e-10
 -2.43388e-10
      0.00000
