      0.00000
      0.00000
      0.00000
      0.00000
      0.00000
      0.00000
      0.00000
      0.00000
      0.00000
      0.00000
      0.00000
      0.00000
      0.00000
      0.00000
      0.00000
  2.50556e-05
  0.000143547
  0.000488140
   0.00116812
   0.00348542
   0.00742291
    0.0117959
    0.0193004
    0.0312294
    0.0536468
    0.0866054
     0.121619
     0.144022
     0.142684
     0.120944
    0.0894884
    0.0602870
    0.0382897
    0.0256640
    0.0169023
    0.0116883
   0.00698209
   0.00364980
   0.00165240
  0.000541393
  0.000275633
  7.67092e-11
  7.67092e-11
  7.67092e-11
  7.67092e-11
  7.67092e-11
  7.67092e-11
  7.67092e-11
  7.67092e-11
  7.67092e-11
  7.67092e-11
  7.67092e-11
  7.67092e-11
  7.67092e-11
  7.67092e-11
      0.00000
