      0.00000
      0.00000
      0.00000
      0.00000
      0.00000
      0.00000
      0.00000
      0.00000
      0.00000
      0.00000
      0.00000
      0.00000
      0.00000
      0.00000
      0.00000
      0.00000
      0.00000
      0.00000
      0.00000
      0.00000
  2.52224e-05
  0.000533988
   0.00180922
   0.00344218
   0.00529288
   0.00789143
    0.0114996
    0.0149273
    0.0179727
    0.0209461
    0.0255015
    0.0326689
    0.0449338
    0.0608005
    0.0769549
    0.0875899
    0.0958286
    0.0961861
    0.0900330
    0.0738664
    0.0568293
    0.0421530
    0.0302610
    0.0230242
    0.0192811
    0.0169717
    0.0132238
   0.00933032
   0.00679922
   0.00559289
   0.00382978
   0.00255016
   0.00117973
  0.000269428
 -1.33849e-10
 -1.33849e-10
 -1.33849e-10
 -1.33849e-10
 -1.33849e-10
 -1.33849e-10
 -1.33849e-10
 -1.33849e-10
 -1.33849e-10
 -1.33849e-10
 -1.33849e-10
 -1.33849e-10
 -1.33849e-10
 -1.33849e-10
 -1.33849e-10
 -1.33849e-10
 -1.33849e-10
 -1.33849e-10
      0.00000
