      0.00000
      0.00000
      0.00000
      0.00000
      0.00000
      0.00000
      0.00000
      0.00000
      0.00000
   0.00123024
   0.00687755
    0.0166289
    0.0159768
    0.0130651
    0.0129621
    0.0261595
    0.0328579
    0.0266136
    0.0215247
    0.0330343
    0.0490324
    0.0835235
     0.101495
     0.121839
     0.117414
     0.106911
    0.0900898
    0.0671535
    0.0390924
    0.0161680
  0.000351544
  1.07919e-08
  1.07919e-08
  1.07919e-08
  1.07919e-08
  1.07919e-08
  1.07919e-08
  1.07919e-08
  1.07919e-08
  1.07919e-08
  1.07919e-08
  1.07919e-08
  1.07919e-08
      0.00000
