      0.00000
      0.00000
      0.00000
      0.00000
      0.00000
      0.00000
      0.00000
      0.00000
      0.00000
      0.00000
      0.00000
      0.00000
      0.00000
      0.00000
      0.00000
      0.00000
      0.00000
      0.00000
      0.00000
      0.00000
      0.00000
      0.00000
      0.00000
      0.00000
      0.00000
 -2.12072e-06
  0.000252745
  0.000755194
   0.00129686
   0.00224023
   0.00400761
   0.00677489
    0.0102435
    0.0143855
    0.0199092
    0.0272082
    0.0356915
    0.0453112
    0.0579689
    0.0737132
    0.0903466
     0.105385
     0.120868
     0.142242
     0.172502
     0.212311
     0.250431
     0.263050
     0.243999
     0.205065
     0.167401
     0.139127
     0.115068
    0.0972671
    0.0798695
    0.0640381
    0.0500248
    0.0402784
    0.0349844
    0.0307832
    0.0256762
    0.0199209
    0.0131823
   0.00858916
   0.00447005
   0.00249082
  0.000728452
  0.000144399
  5.74823e-09
  5.74823e-09
  5.74823e-09
  5.74823e-09
  5.74823e-09
  5.74823e-09
  5.74823e-09
  5.74823e-09
  5.74823e-09
  5.74823e-09
  5.74823e-09
  5.74823e-09
  5.74823e-09
  5.74823e-09
  5.74823e-09
  5.74823e-09
  5.74823e-09
  5.74823e-09
  5.74823e-09
  5.74823e-09
  5.74823e-09
  5.74823e-09
  5.74823e-09
  5.74823e-09
  5.74823e-09
      0.00000
