      0.00000
      0.00000
      0.00000
      0.00000
      0.00000
      0.00000
      0.00000
      0.00000
      0.00000
      0.00000
      0.00000
      0.00000
      0.00000
      0.00000
      0.00000
      0.00000
  0.000966112
   0.00720221
    0.0179501
    0.0338570
    0.0590891
    0.0869637
     0.112821
     0.124701
     0.117853
     0.103445
    0.0809782
    0.0688433
    0.0579671
    0.0475845
    0.0322252
    0.0171018
   0.00917213
   0.00794618
   0.00699291
   0.00460640
   0.00155139
  0.000182912
  5.43005e-09
  5.43005e-09
  5.43005e-09
  5.43005e-09
  5.43005e-09
  5.43005e-09
  5.43005e-09
  5.43005e-09
  5.43005e-09
  5.43005e-09
  5.43005e-09
  5.43005e-09
      0.00000
