      0.00000
      0.00000
      0.00000
      0.00000
      0.00000
      0.00000
      0.00000
      0.00000
      0.00000
      0.00000
      0.00000
      0.00000
      0.00000
      0.00000
      0.00000
      0.00000
      0.00000
      0.00000
      0.00000
      0.00000
   0.00112699
   0.00389709
   0.00793252
    0.0109875
    0.0132543
    0.0152821
    0.0176303
    0.0209375
    0.0252098
    0.0308427
    0.0349544
    0.0386799
    0.0437967
    0.0531323
    0.0642179
    0.0741067
    0.0790110
    0.0798903
    0.0737260
    0.0649939
    0.0547530
    0.0467444
    0.0383206
    0.0286212
    0.0215993
    0.0160743
    0.0139784
    0.0115631
   0.00816261
   0.00455253
   0.00120973
  0.000595225
  0.000215750
 -4.62257e-10
 -4.62257e-10
 -4.62257e-10
 -4.62257e-10
 -4.62257e-10
 -4.62257e-10
 -4.62257e-10
 -4.62257e-10
 -4.62257e-10
 -4.62257e-10
 -4.62257e-10
 -4.62257e-10
 -4.62257e-10
 -4.62257e-10
 -4.62257e-10
 -4.62257e-10
 -4.62257e-10
 -4.62257e-10
      0.00000
