      0.00000
      0.00000
      0.00000
      0.00000
      0.00000
      0.00000
      0.00000
      0.00000
      0.00000
      0.00000
      0.00000
      0.00000
      0.00000
      0.00000
  2.36811e-05
   0.00174675
   0.00571869
    0.0124771
    0.0185730
    0.0271864
    0.0377598
    0.0532870
    0.0696391
    0.0896205
     0.110787
     0.122637
     0.118458
     0.100128
    0.0763101
    0.0549138
    0.0380900
    0.0272429
    0.0195802
    0.0107214
   0.00459906
  0.000500063
 -4.43230e-09
 -4.43230e-09
 -4.43230e-09
 -4.43230e-09
 -4.43230e-09
 -4.43230e-09
 -4.43230e-09
 -4.43230e-09
 -4.43230e-09
 -4.43230e-09
 -4.43230e-09
 -4.43230e-09
 -4.43230e-09
 -4.43230e-09
      0.00000
