      0.00000
      0.00000
      0.00000
      0.00000
      0.00000
      0.00000
      0.00000
      0.00000
      0.00000
      0.00000
      0.00000
      0.00000
      0.00000
      0.00000
      0.00000
      0.00000
      0.00000
      0.00000
  6.30420e-07
  0.000939115
   0.00364625
   0.00875849
    0.0163596
    0.0285179
    0.0517009
    0.0900901
     0.135115
     0.165825
     0.160854
     0.127081
    0.0848041
    0.0526342
    0.0323020
    0.0196555
    0.0121778
   0.00665013
   0.00258853
  0.000278137
  2.10347e-05
  3.24012e-10
  3.24012e-10
  3.24012e-10
  3.24012e-10
  3.24012e-10
  3.24012e-10
  3.24012e-10
  3.24012e-10
  3.24012e-10
  3.24012e-10
  3.24012e-10
  3.24012e-10
  3.24012e-10
  3.24012e-10
  3.24012e-10
  3.24012e-10
      0.00000
