      0.00000
      0.00000
      0.00000
      0.00000
      0.00000
      0.00000
      0.00000
      0.00000
      0.00000
      0.00000
      0.00000
      0.00000
      0.00000
      0.00000
      0.00000
      0.00000
      0.00000
  0.000130078
   0.00104838
   0.00279817
   0.00585166
    0.0104207
    0.0160717
    0.0243624
    0.0401587
    0.0541131
    0.0737405
    0.0875673
     0.111255
     0.132806
     0.137376
     0.121171
    0.0850303
    0.0539007
    0.0275988
    0.0114123
   0.00286183
  0.000325631
 -2.49967e-09
 -2.49967e-09
 -2.49967e-09
 -2.49967e-09
 -2.49967e-09
 -2.49967e-09
 -2.49967e-09
 -2.49967e-09
 -2.49967e-09
 -2.49967e-09
 -2.49967e-09
 -2.49967e-09
 -2.49967e-09
 -2.49967e-09
 -2.49967e-09
 -2.49967e-09
 -2.49967e-09
 -2.49967e-09
      0.00000
