      0.00000
      0.00000
      0.00000
      0.00000
      0.00000
      0.00000
      0.00000
      0.00000
      0.00000
      0.00000
      0.00000
      0.00000
      0.00000
   0.00219768
   0.00708199
    0.0137363
    0.0210482
    0.0308422
    0.0464121
    0.0701368
     0.112486
     0.153840
     0.163752
     0.135660
    0.0909748
    0.0602828
    0.0383130
    0.0252262
    0.0159043
   0.00895002
   0.00314419
  1.15431e-05
  8.21032e-09
  8.21032e-09
  8.21032e-09
  8.21032e-09
  8.21032e-09
  8.21032e-09
  8.21032e-09
  8.21032e-09
  8.21032e-09
  8.21032e-09
  8.21032e-09
      0.00000
