      0.00000
      0.00000
      0.00000
      0.00000
      0.00000
      0.00000
      0.00000
      0.00000
      0.00000
      0.00000
      0.00000
   0.00309575
    0.0212052
    0.0689876
     0.154386
     0.271314
     0.365698
     0.417643
     0.421111
     0.414903
     0.410293
     0.392840
     0.344059
     0.285184
     0.199352
     0.132126
    0.0617466
    0.0275115
   0.00755922
  0.000985154
  1.85089e-09
  1.85089e-09
  1.85089e-09
  1.85089e-09
  1.85089e-09
  1.85089e-09
  1.85089e-09
  1.85089e-09
      0.00000
