      0.00000
      0.00000
      0.00000
      0.00000
      0.00000
      0.00000
      0.00000
      0.00000
      0.00000
      0.00000
      0.00000
      0.00000
      0.00000
      0.00000
      0.00000
      0.00000
      0.00000
      0.00000
      0.00000
  5.15307e-07
   0.00282378
   0.00832594
    0.0175442
    0.0295736
    0.0503978
    0.0776090
     0.102640
     0.120303
     0.130370
     0.134076
     0.122907
    0.0939349
    0.0597726
    0.0311462
    0.0138743
   0.00444785
  0.000253185
  1.30803e-09
  1.30803e-09
  1.30803e-09
  1.30803e-09
  1.30803e-09
  1.30803e-09
  1.30803e-09
  1.30803e-09
  1.30803e-09
  1.30803e-09
  1.30803e-09
  1.30803e-09
  1.30803e-09
  1.30803e-09
  1.30803e-09
  1.30803e-09
  1.30803e-09
  1.30803e-09
  1.30803e-09
      0.00000
