      0.00000
      0.00000
      0.00000
      0.00000
      0.00000
      0.00000
      0.00000
      0.00000
      0.00000
      0.00000
      0.00000
      0.00000
  3.73884e-05
   0.00112851
   0.00360482
    0.0129426
    0.0204862
    0.0244864
    0.0195034
    0.0170175
    0.0160060
    0.0209273
    0.0243812
    0.0294624
    0.0356634
    0.0432153
    0.0540875
    0.0605842
    0.0662129
    0.0725049
    0.0727091
    0.0692665
    0.0612278
    0.0553434
    0.0477122
    0.0396752
    0.0371226
    0.0314169
    0.0267968
    0.0175633
    0.0124961
   0.00548148
  0.000936498
  4.85982e-10
  4.85982e-10
  4.85982e-10
  4.85982e-10
  4.85982e-10
  4.85982e-10
  4.85982e-10
  4.85982e-10
  4.85982e-10
  4.85982e-10
  4.85982e-10
  4.85982e-10
  4.85982e-10
      0.00000
