      0.00000
      0.00000
      0.00000
      0.00000
      0.00000
      0.00000
      0.00000
      0.00000
      0.00000
      0.00000
      0.00000
      0.00000
      0.00000
  8.73387e-05
  0.000589465
   0.00181633
   0.00501423
    0.0101837
    0.0132067
    0.0146271
    0.0146674
    0.0148697
    0.0136270
    0.0112085
    0.0105097
    0.0153822
    0.0234941
    0.0344161
    0.0440877
    0.0543596
    0.0601545
    0.0661881
    0.0706853
    0.0802842
    0.0822079
    0.0819560
    0.0721504
    0.0628722
    0.0487681
    0.0368557
    0.0264732
    0.0169900
   0.00906993
   0.00276643
  0.000431142
 -1.84102e-09
 -1.84102e-09
 -1.84102e-09
 -1.84102e-09
 -1.84102e-09
 -1.84102e-09
 -1.84102e-09
 -1.84102e-09
 -1.84102e-09
 -1.84102e-09
 -1.84102e-09
 -1.84102e-09
 -1.84102e-09
 -1.84102e-09
 -1.84102e-09
 -1.84102e-09
 -1.84102e-09
      0.00000
