      0.00000
      0.00000
      0.00000
      0.00000
      0.00000
      0.00000
      0.00000
      0.00000
      0.00000
      0.00000
      0.00000
      0.00000
      0.00000
      0.00000
      0.00000
      0.00000
      0.00000
      0.00000
      0.00000
      0.00000
      0.00000
      0.00000
      0.00000
      0.00000
      0.00000
      0.00000
      0.00000
 -1.64308e-07
   0.00339285
   0.00963711
    0.0208809
    0.0324931
    0.0492036
    0.0689140
    0.0942825
     0.116879
     0.129082
     0.122165
     0.101950
    0.0787747
    0.0592653
    0.0431830
    0.0310367
    0.0205321
    0.0124694
   0.00464556
   0.00120230
  1.05075e-05
 -1.59445e-10
 -1.59445e-10
 -1.59445e-10
 -1.59445e-10
 -1.59445e-10
 -1.59445e-10
 -1.59445e-10
 -1.59445e-10
 -1.59445e-10
 -1.59445e-10
 -1.59445e-10
 -1.59445e-10
 -1.59445e-10
 -1.59445e-10
 -1.59445e-10
 -1.59445e-10
 -1.59445e-10
 -1.59445e-10
 -1.59445e-10
 -1.59445e-10
 -1.59445e-10
 -1.59445e-10
 -1.59445e-10
 -1.59445e-10
      0.00000
