      0.00000
      0.00000
      0.00000
      0.00000
      0.00000
      0.00000
      0.00000
      0.00000
      0.00000
      0.00000
      0.00000
      0.00000
      0.00000
  0.000482750
   0.00162075
   0.00541569
    0.0104475
    0.0189590
    0.0281664
    0.0397021
    0.0525874
    0.0701120
    0.0874780
     0.104780
     0.109579
     0.108411
    0.0950419
    0.0802612
    0.0612571
    0.0447406
    0.0318778
    0.0214343
    0.0150677
   0.00792133
   0.00412088
  0.000536088
 -1.58893e-09
 -1.58893e-09
 -1.58893e-09
 -1.58893e-09
 -1.58893e-09
 -1.58893e-09
 -1.58893e-09
 -1.58893e-09
 -1.58893e-09
 -1.58893e-09
 -1.58893e-09
 -1.58893e-09
 -1.58893e-09
      0.00000
