      0.00000
      0.00000
      0.00000
      0.00000
      0.00000
      0.00000
      0.00000
      0.00000
      0.00000
      0.00000
      0.00000
      0.00000
      0.00000
      0.00000
      0.00000
      0.00000
      0.00000
      0.00000
      0.00000
      0.00000
      0.00000
      0.00000
      0.00000
      0.00000
      0.00000
 -2.12072e-06
  0.000252745
  0.000755194
   0.00116860
   0.00130305
   0.00163320
   0.00211659
   0.00283220
   0.00359610
   0.00536016
   0.00788909
   0.00997040
    0.0119464
    0.0145999
    0.0194598
    0.0257604
    0.0324844
    0.0402069
    0.0490567
    0.0616686
    0.0776933
    0.0936911
    0.0983051
    0.0895374
    0.0725740
    0.0568343
    0.0458678
    0.0370642
    0.0308130
    0.0245187
    0.0193415
    0.0151899
    0.0125974
    0.0109866
   0.00929464
   0.00698022
   0.00426354
   0.00186653
  0.000516929
  5.73538e-06
  2.08909e-09
  2.08909e-09
  2.08909e-09
  2.08909e-09
  2.08909e-09
  2.08909e-09
  2.08909e-09
  2.08909e-09
  2.08909e-09
  2.08909e-09
  2.08909e-09
  2.08909e-09
  2.08909e-09
  2.08909e-09
  2.08909e-09
  2.08909e-09
  2.08909e-09
  2.08909e-09
  2.08909e-09
  2.08909e-09
  2.08909e-09
  2.08909e-09
  2.08909e-09
  2.08909e-09
  2.08909e-09
  2.08909e-09
  2.08909e-09
  2.08909e-09
      0.00000
