      0.00000
      0.00000
      0.00000
      0.00000
      0.00000
      0.00000
      0.00000
      0.00000
      0.00000
      0.00000
      0.00000
      0.00000
  0.000627771
   0.00365220
    0.0102679
    0.0327093
    0.0549070
    0.0713376
    0.0702052
    0.0702936
    0.0736898
    0.0933599
     0.123389
     0.170894
     0.225897
     0.292352
     0.366183
     0.437067
     0.504383
     0.567420
     0.585407
     0.552177
     0.463138
     0.367927
     0.273319
     0.191840
     0.141090
    0.0978287
    0.0738655
    0.0441120
    0.0276982
    0.0113644
   0.00159841
 -4.88324e-09
 -4.88324e-09
 -4.88324e-09
 -4.88324e-09
 -4.88324e-09
 -4.88324e-09
 -4.88324e-09
 -4.88324e-09
 -4.88324e-09
 -4.88324e-09
 -4.88324e-09
 -4.88324e-09
 -4.88324e-09
      0.00000
