      0.00000
      0.00000
      0.00000
      0.00000
      0.00000
      0.00000
      0.00000
      0.00000
      0.00000
      0.00000
      0.00000
      0.00000
  0.000426840
   0.00214762
   0.00475788
   0.00879579
    0.0158469
    0.0236846
    0.0331094
    0.0421242
    0.0537879
    0.0673101
    0.0831519
    0.0987459
     0.106431
     0.105588
    0.0936604
    0.0780210
    0.0589543
    0.0436106
    0.0311420
    0.0228972
    0.0140424
   0.00809684
   0.00262289
   0.00104374
  1.38932e-09
  1.38932e-09
  1.38932e-09
  1.38932e-09
  1.38932e-09
  1.38932e-09
  1.38932e-09
  1.38932e-09
  1.38932e-09
  1.38932e-09
  1.38932e-09
  1.38932e-09
  1.38932e-09
      0.00000
