      0.00000
      0.00000
      0.00000
      0.00000
      0.00000
      0.00000
      0.00000
      0.00000
      0.00000
      0.00000
      0.00000
  0.000404673
   0.00208737
   0.00438544
   0.00817531
    0.0143172
    0.0189278
    0.0255743
    0.0328972
    0.0435932
    0.0534952
    0.0649708
    0.0769441
    0.0861468
    0.0912960
    0.0897755
    0.0829249
    0.0708042
    0.0589397
    0.0480703
    0.0385861
    0.0294948
    0.0233152
    0.0164179
    0.0111420
   0.00522679
   0.00195659
  0.000130758
  1.55856e-09
  1.55856e-09
  1.55856e-09
  1.55856e-09
  1.55856e-09
  1.55856e-09
  1.55856e-09
  1.55856e-09
  1.55856e-09
  1.55856e-09
  1.55856e-09
      0.00000
