      0.00000
      0.00000
      0.00000
      0.00000
      0.00000
      0.00000
      0.00000
      0.00000
      0.00000
      0.00000
      0.00000
      0.00000
  0.000393083
   0.00203425
   0.00338771
   0.00429121
   0.00485954
   0.00703753
   0.00990954
    0.0153025
    0.0256897
    0.0390556
    0.0616864
    0.0945733
     0.155793
     0.248376
     0.354172
     0.429765
     0.429690
     0.363730
     0.264310
     0.176753
     0.111882
    0.0738606
    0.0486210
    0.0330083
    0.0191534
    0.0120109
   0.00651925
   0.00346830
  0.000666691
 -5.40464e-09
 -5.40464e-09
 -5.40464e-09
 -5.40464e-09
 -5.40464e-09
 -5.40464e-09
 -5.40464e-09
 -5.40464e-09
 -5.40464e-09
 -5.40464e-09
 -5.40464e-09
 -5.40464e-09
 -5.40464e-09
 -5.40464e-09
      0.00000
