      0.00000
      0.00000
      0.00000
      0.00000
      0.00000
      0.00000
      0.00000
      0.00000
      0.00000
      0.00000
      0.00000
      0.00000
      0.00000
  6.43997e-06
  0.000228403
   0.00122428
   0.00233348
   0.00334144
   0.00463516
   0.00908625
    0.0233976
    0.0544368
     0.146960
     0.235170
     0.240087
     0.160250
    0.0639479
    0.0284879
    0.0117644
   0.00583169
   0.00410747
   0.00290071
   0.00141652
  0.000355067
  3.27732e-05
  5.78697e-09
  5.78697e-09
  5.78697e-09
  5.78697e-09
  5.78697e-09
  5.78697e-09
  5.78697e-09
  5.78697e-09
  5.78697e-09
  5.78697e-09
  5.78697e-09
  5.78697e-09
  5.78697e-09
      0.00000
