      0.00000
      0.00000
      0.00000
      0.00000
      0.00000
      0.00000
      0.00000
      0.00000
      0.00000
      0.00000
      0.00000
      0.00000
  2.35957e-07
  0.000108154
  0.000751102
   0.00184438
   0.00304895
   0.00370441
   0.00468708
   0.00887460
    0.0227988
    0.0528743
     0.141793
     0.232726
     0.239808
     0.163894
    0.0650093
    0.0286603
    0.0121181
   0.00633340
   0.00446076
   0.00309237
   0.00197817
  0.000998862
  0.000404732
  3.21801e-05
  8.54122e-09
  8.54122e-09
  8.54122e-09
  8.54122e-09
  8.54122e-09
  8.54122e-09
  8.54122e-09
  8.54122e-09
  8.54122e-09
  8.54122e-09
  8.54122e-09
  8.54122e-09
      0.00000
