      0.00000
      0.00000
      0.00000
      0.00000
      0.00000
      0.00000
      0.00000
      0.00000
      0.00000
      0.00000
      0.00000
      0.00000
      0.00000
      0.00000
      0.00000
      0.00000
      0.00000
      0.00000
      0.00000
      0.00000
      0.00000
      0.00000
      0.00000
      0.00000
  0.000771408
   0.00200226
   0.00354450
   0.00420986
   0.00484543
   0.00576809
   0.00687367
   0.00696044
   0.00743413
   0.00844703
    0.0100009
    0.0108624
    0.0122152
    0.0154252
    0.0190899
    0.0229180
    0.0269069
    0.0347546
    0.0465491
    0.0620837
    0.0823569
    0.0959800
    0.0950585
    0.0795301
    0.0614226
    0.0485334
    0.0399367
    0.0338422
    0.0293214
    0.0250405
    0.0212355
    0.0187339
    0.0160291
    0.0131044
    0.0103411
   0.00742946
   0.00542413
   0.00308569
   0.00155675
  0.000340256
  3.43651e-05
  1.96082e-09
  1.96082e-09
  1.96082e-09
  1.96082e-09
  1.96082e-09
  1.96082e-09
  1.96082e-09
  1.96082e-09
  1.96082e-09
  1.96082e-09
  1.96082e-09
  1.96082e-09
  1.96082e-09
  1.96082e-09
  1.96082e-09
  1.96082e-09
  1.96082e-09
  1.96082e-09
  1.96082e-09
  1.96082e-09
  1.96082e-09
  1.96082e-09
  1.96082e-09
  1.96082e-09
  1.96082e-09
  1.96082e-09
      0.00000
