      0.00000
      0.00000
      0.00000
      0.00000
      0.00000
      0.00000
      0.00000
      0.00000
      0.00000
      0.00000
      0.00000
      0.00000
      0.00000
      0.00000
      0.00000
  1.39051e-05
  0.000694395
   0.00311362
   0.00668200
    0.0129217
    0.0261665
    0.0583660
     0.111645
     0.186427
     0.276868
     0.389458
     0.537525
     0.705480
     0.836942
     0.838846
     0.710353
     0.514566
     0.344020
     0.210334
     0.115089
    0.0537471
    0.0259109
    0.0163449
   0.00902468
   0.00558016
   0.00233974
   0.00112935
  0.000412726
  2.33526e-10
  2.33526e-10
  2.33526e-10
  2.33526e-10
  2.33526e-10
  2.33526e-10
  2.33526e-10
  2.33526e-10
  2.33526e-10
  2.33526e-10
  2.33526e-10
  2.33526e-10
  2.33526e-10
      0.00000
