      0.00000
      0.00000
      0.00000
      0.00000
      0.00000
      0.00000
      0.00000
      0.00000
      0.00000
      0.00000
      0.00000
      0.00000
   0.00134994
    0.0246187
    0.0648877
     0.102912
     0.143922
     0.170884
     0.182994
     0.141833
    0.0904938
    0.0460779
    0.0229596
   0.00706740
 -1.32379e-09
 -1.32379e-09
 -1.32379e-09
 -1.32379e-09
 -1.32379e-09
 -1.32379e-09
 -1.32379e-09
 -1.32379e-09
 -1.32379e-09
 -1.32379e-09
 -1.32379e-09
      0.00000
