      0.00000
      0.00000
      0.00000
      0.00000
      0.00000
      0.00000
      0.00000
      0.00000
      0.00000
      0.00000
      0.00000
      0.00000
      0.00000
      0.00000
      0.00000
      0.00000
      0.00000
      0.00000
      0.00000
      0.00000
   0.00120506
   0.00467046
   0.00840101
    0.0144074
    0.0179755
    0.0226480
    0.0260185
    0.0310654
    0.0384922
    0.0453484
    0.0535231
    0.0574116
    0.0642853
    0.0682861
    0.0743441
    0.0729997
    0.0665332
    0.0571852
    0.0509816
    0.0481241
    0.0463246
    0.0391191
    0.0324153
    0.0235465
    0.0183629
    0.0107403
   0.00498019
  0.000605349
 -1.05202e-10
 -1.05202e-10
 -1.05202e-10
 -1.05202e-10
 -1.05202e-10
 -1.05202e-10
 -1.05202e-10
 -1.05202e-10
 -1.05202e-10
 -1.05202e-10
 -1.05202e-10
 -1.05202e-10
 -1.05202e-10
 -1.05202e-10
 -1.05202e-10
 -1.05202e-10
 -1.05202e-10
 -1.05202e-10
 -1.05202e-10
 -1.05202e-10
      0.00000
