      0.00000
      0.00000
      0.00000
      0.00000
      0.00000
      0.00000
      0.00000
      0.00000
      0.00000
      0.00000
      0.00000
      0.00000
      0.00000
      0.00000
      0.00000
      0.00000
      0.00000
      0.00000
      0.00000
      0.00000
      0.00000
      0.00000
      0.00000
      0.00000
      0.00000
  6.42408e-07
  8.40366e-05
  0.000180459
  0.000307420
  0.000541773
  0.000788288
   0.00122344
   0.00185784
   0.00402551
   0.00742142
    0.0132096
    0.0185555
    0.0223893
    0.0239218
    0.0260623
    0.0312125
    0.0388058
    0.0475397
    0.0586810
    0.0760932
    0.0961985
     0.102760
    0.0952372
    0.0775303
    0.0628972
    0.0484644
    0.0360243
    0.0267215
    0.0208193
    0.0161356
    0.0124344
    0.0102365
   0.00828743
   0.00667069
   0.00406186
   0.00200533
  0.000613395
  1.83927e-09
  1.83927e-09
  1.83927e-09
  1.83927e-09
  1.83927e-09
  1.83927e-09
  1.83927e-09
  1.83927e-09
  1.83927e-09
  1.83927e-09
  1.83927e-09
  1.83927e-09
  1.83927e-09
  1.83927e-09
  1.83927e-09
  1.83927e-09
  1.83927e-09
  1.83927e-09
  1.83927e-09
  1.83927e-09
  1.83927e-09
  1.83927e-09
  1.83927e-09
  1.83927e-09
  1.83927e-09
  1.83927e-09
  1.83927e-09
  1.83927e-09
  1.83927e-09
      0.00000
