      0.00000
      0.00000
      0.00000
      0.00000
      0.00000
      0.00000
      0.00000
      0.00000
      0.00000
      0.00000
      0.00000
      0.00000
      0.00000
  0.000670716
   0.00286312
    0.0108594
    0.0186453
    0.0220839
    0.0187984
    0.0159134
    0.0154081
    0.0202593
    0.0240396
    0.0289532
    0.0353498
    0.0436893
    0.0559906
    0.0634027
    0.0700834
    0.0770873
    0.0767485
    0.0730716
    0.0631898
    0.0562934
    0.0477443
    0.0383168
    0.0349806
    0.0288687
    0.0246652
    0.0159840
    0.0106069
   0.00477533
  0.000657362
 -1.73095e-09
 -1.73095e-09
 -1.73095e-09
 -1.73095e-09
 -1.73095e-09
 -1.73095e-09
 -1.73095e-09
 -1.73095e-09
 -1.73095e-09
 -1.73095e-09
 -1.73095e-09
 -1.73095e-09
 -1.73095e-09
      0.00000
