      0.00000
      0.00000
      0.00000
      0.00000
      0.00000
      0.00000
      0.00000
      0.00000
      0.00000
      0.00000
      0.00000
      0.00000
      0.00000
   0.00130891
   0.00579156
    0.0157492
    0.0285337
    0.0448707
    0.0604535
    0.0832630
     0.112974
     0.151598
     0.200079
     0.254858
     0.315709
     0.347261
     0.335245
     0.279529
     0.216113
     0.161426
     0.123577
    0.0903139
    0.0690299
    0.0482048
    0.0329465
    0.0158047
   0.00517839
  0.000181263
 -2.53714e-09
 -2.53714e-09
 -2.53714e-09
 -2.53714e-09
 -2.53714e-09
 -2.53714e-09
 -2.53714e-09
 -2.53714e-09
 -2.53714e-09
 -2.53714e-09
 -2.53714e-09
 -2.53714e-09
      0.00000
