      0.00000
      0.00000
      0.00000
      0.00000
      0.00000
      0.00000
      0.00000
      0.00000
      0.00000
      0.00000
      0.00000
      0.00000
      0.00000
      0.00000
      0.00000
      0.00000
      0.00000
      0.00000
      0.00000
      0.00000
      0.00000
      0.00000
      0.00000
      0.00000
      0.00000
      0.00000
      0.00000
      0.00000
      0.00000
      0.00000
  6.72675e-06
  0.000167444
  0.000379849
  0.000929557
   0.00169785
   0.00317369
   0.00508038
   0.00791967
    0.0127314
    0.0187578
    0.0254062
    0.0312538
    0.0364813
    0.0416895
    0.0468001
    0.0538941
    0.0619274
    0.0700798
    0.0737247
    0.0729257
    0.0679472
    0.0627705
    0.0560948
    0.0494415
    0.0425772
    0.0369802
    0.0315068
    0.0263166
    0.0211391
    0.0155644
    0.0104789
   0.00646255
   0.00429313
   0.00230009
  0.000922860
  0.000161729
  1.53838e-05
  1.84579e-09
  1.84579e-09
  1.84579e-09
  1.84579e-09
  1.84579e-09
  1.84579e-09
  1.84579e-09
  1.84579e-09
  1.84579e-09
  1.84579e-09
  1.84579e-09
  1.84579e-09
  1.84579e-09
  1.84579e-09
  1.84579e-09
  1.84579e-09
  1.84579e-09
  1.84579e-09
  1.84579e-09
  1.84579e-09
  1.84579e-09
  1.84579e-09
  1.84579e-09
  1.84579e-09
  1.84579e-09
  1.84579e-09
  1.84579e-09
  1.84579e-09
  1.84579e-09
      0.00000
