      0.00000
      0.00000
      0.00000
      0.00000
      0.00000
      0.00000
      0.00000
      0.00000
      0.00000
      0.00000
      0.00000
      0.00000
      0.00000
   0.00133384
   0.00890085
    0.0235140
    0.0436915
    0.0683559
    0.0984075
     0.141842
     0.194698
     0.261291
     0.320157
     0.354678
     0.348718
     0.306435
     0.250230
     0.188657
     0.139965
    0.0971310
    0.0676071
    0.0428622
    0.0257096
    0.0118053
   0.00371408
  0.000296880
 -2.84428e-09
 -2.84428e-09
 -2.84428e-09
 -2.84428e-09
 -2.84428e-09
 -2.84428e-09
 -2.84428e-09
 -2.84428e-09
 -2.84428e-09
 -2.84428e-09
 -2.84428e-09
      0.00000
