      0.00000
      0.00000
      0.00000
      0.00000
      0.00000
      0.00000
      0.00000
      0.00000
      0.00000
      0.00000
      0.00000
      0.00000
      0.00000
      0.00000
      0.00000
      0.00000
      0.00000
      0.00000
      0.00000
      0.00000
      0.00000
      0.00000
      0.00000
      0.00000
      0.00000
      0.00000
      0.00000
      0.00000
  0.000114187
  0.000865935
   0.00190033
   0.00344461
   0.00494686
   0.00709492
   0.00948639
    0.0129358
    0.0170703
    0.0216068
    0.0261303
    0.0297611
    0.0329001
    0.0348742
    0.0376061
    0.0432615
    0.0516261
    0.0620802
    0.0710541
    0.0748375
    0.0717339
    0.0640424
    0.0556118
    0.0477835
    0.0399833
    0.0328672
    0.0272348
    0.0220789
    0.0181010
    0.0149274
    0.0131551
    0.0118713
    0.0107144
   0.00936028
   0.00713869
   0.00487879
   0.00270127
   0.00152649
  0.000547651
  0.000144392
 -1.42132e-09
 -1.42132e-09
 -1.42132e-09
 -1.42132e-09
 -1.42132e-09
 -1.42132e-09
 -1.42132e-09
 -1.42132e-09
 -1.42132e-09
 -1.42132e-09
 -1.42132e-09
 -1.42132e-09
 -1.42132e-09
 -1.42132e-09
 -1.42132e-09
 -1.42132e-09
 -1.42132e-09
 -1.42132e-09
 -1.42132e-09
 -1.42132e-09
 -1.42132e-09
 -1.42132e-09
 -1.42132e-09
 -1.42132e-09
 -1.42132e-09
      0.00000
