      0.00000
      0.00000
      0.00000
      0.00000
      0.00000
      0.00000
      0.00000
      0.00000
      0.00000
      0.00000
      0.00000
      0.00000
      0.00000
  0.000187754
   0.00358898
    0.0114628
    0.0307738
    0.0558956
    0.0957638
     0.146610
     0.181472
     0.179710
     0.134784
    0.0854588
    0.0428556
    0.0209643
   0.00691775
   0.00354138
  1.36022e-05
  2.40095e-09
  2.40095e-09
  2.40095e-09
  2.40095e-09
  2.40095e-09
  2.40095e-09
  2.40095e-09
  2.40095e-09
  2.40095e-09
  2.40095e-09
  2.40095e-09
  2.40095e-09
      0.00000
