      0.00000
      0.00000
      0.00000
      0.00000
      0.00000
      0.00000
      0.00000
      0.00000
      0.00000
   0.00382993
    0.0135617
    0.0246935
    0.0422640
    0.0556797
    0.0812567
     0.102954
     0.134216
     0.167058
     0.240510
     0.326395
     0.386532
     0.390471
     0.331981
     0.259012
     0.175375
     0.115836
    0.0733638
    0.0440157
    0.0223315
   0.00808391
  0.000579520
 -8.03918e-10
 -8.03918e-10
 -8.03918e-10
 -8.03918e-10
 -8.03918e-10
 -8.03918e-10
 -8.03918e-10
 -8.03918e-10
 -8.03918e-10
 -8.03918e-10
      0.00000
