      0.00000
      0.00000
      0.00000
      0.00000
      0.00000
      0.00000
      0.00000
      0.00000
      0.00000
   0.00205953
   0.00721833
    0.0133648
    0.0243042
    0.0312420
    0.0399663
    0.0442201
    0.0494773
    0.0551671
    0.0722524
    0.0871450
    0.0959836
    0.0974401
    0.0923651
    0.0845899
    0.0662472
    0.0497453
    0.0369505
    0.0262302
    0.0161403
   0.00731098
  0.000579524
  2.95790e-09
  2.95790e-09
  2.95790e-09
  2.95790e-09
  2.95790e-09
  2.95790e-09
  2.95790e-09
  2.95790e-09
  2.95790e-09
  2.95790e-09
      0.00000
