      0.00000
      0.00000
      0.00000
      0.00000
      0.00000
      0.00000
      0.00000
      0.00000
      0.00000
      0.00000
      0.00000
      0.00000
      0.00000
      0.00000
      0.00000
      0.00000
      0.00000
      0.00000
  0.000198082
   0.00404049
    0.0107536
    0.0198334
    0.0271250
    0.0331501
    0.0380405
    0.0427191
    0.0496694
    0.0573632
    0.0685096
    0.0865824
     0.109764
     0.139833
     0.169208
     0.205928
     0.238491
     0.262140
     0.262281
     0.239955
     0.206452
     0.169754
     0.138611
     0.110074
    0.0838310
    0.0639713
    0.0465021
    0.0375376
    0.0269683
    0.0196501
    0.0138172
   0.00969573
   0.00581834
   0.00165223
  8.00117e-05
  3.44400e-09
  3.44400e-09
  3.44400e-09
  3.44400e-09
  3.44400e-09
  3.44400e-09
  3.44400e-09
  3.44400e-09
  3.44400e-09
  3.44400e-09
  3.44400e-09
  3.44400e-09
  3.44400e-09
  3.44400e-09
  3.44400e-09
  3.44400e-09
      0.00000
