      0.00000
      0.00000
      0.00000
      0.00000
      0.00000
      0.00000
      0.00000
      0.00000
      0.00000
      0.00000
      0.00000
      0.00000
      0.00000
      0.00000
      0.00000
      0.00000
      0.00000
      0.00000
      0.00000
      0.00000
  0.000565824
   0.00109988
   0.00274999
   0.00524629
   0.00764047
    0.0107416
    0.0135825
    0.0180156
    0.0236334
    0.0303542
    0.0417543
    0.0560448
    0.0757835
    0.0936160
     0.113184
     0.137180
     0.162486
     0.184875
     0.199607
     0.209961
     0.212218
     0.208837
     0.195500
     0.181067
     0.157621
     0.135583
     0.109563
    0.0888981
    0.0673818
    0.0507959
    0.0394777
    0.0359809
    0.0318751
    0.0260067
    0.0180034
    0.0148141
    0.0116767
   0.00934314
   0.00601022
   0.00459616
   0.00363455
   0.00242732
  0.000567949
 -2.25239e-07
  2.07496e-09
  2.07496e-09
  2.07496e-09
  2.07496e-09
  2.07496e-09
  2.07496e-09
  2.07496e-09
  2.07496e-09
  2.07496e-09
  2.07496e-09
  2.07496e-09
  2.07496e-09
  2.07496e-09
  2.07496e-09
  2.07496e-09
  2.07496e-09
  2.07496e-09
      0.00000
