      0.00000
      0.00000
      0.00000
      0.00000
      0.00000
      0.00000
      0.00000
      0.00000
      0.00000
      0.00000
      0.00000
  0.000872388
   0.00664307
   0.00981830
    0.0157925
    0.0213414
    0.0338369
    0.0478227
    0.0618715
    0.0652946
    0.0663443
    0.0614360
    0.0669714
    0.0710466
    0.0713774
    0.0691672
    0.0515271
    0.0393405
    0.0291697
    0.0283108
    0.0326869
    0.0326319
    0.0329592
    0.0308477
    0.0255606
    0.0186577
   0.00778897
  0.000882732
 -1.84458e-09
 -1.84458e-09
 -1.84458e-09
 -1.84458e-09
 -1.84458e-09
 -1.84458e-09
 -1.84458e-09
 -1.84458e-09
 -1.84458e-09
 -1.84458e-09
      0.00000
