      0.00000
      0.00000
      0.00000
      0.00000
      0.00000
      0.00000
      0.00000
      0.00000
      0.00000
      0.00000
      0.00000
      0.00000
      0.00000
  0.000424068
   0.00277793
   0.00719379
    0.0134693
    0.0214013
    0.0338765
    0.0490011
    0.0615601
    0.0656884
    0.0635313
    0.0608131
    0.0602410
    0.0638085
    0.0689364
    0.0765604
    0.0793994
    0.0790364
    0.0675370
    0.0526096
    0.0346182
    0.0212301
    0.0110901
   0.00418988
   0.00100628
 -3.16170e-09
 -3.16170e-09
 -3.16170e-09
 -3.16170e-09
 -3.16170e-09
 -3.16170e-09
 -3.16170e-09
 -3.16170e-09
 -3.16170e-09
 -3.16170e-09
 -3.16170e-09
 -3.16170e-09
 -3.16170e-09
      0.00000
