      0.00000
      0.00000
      0.00000
      0.00000
      0.00000
      0.00000
      0.00000
      0.00000
      0.00000
      0.00000
      0.00000
      0.00000
      0.00000
      0.00000
      0.00000
      0.00000
      0.00000
      0.00000
      0.00000
      0.00000
  0.000639943
   0.00290293
   0.00553795
   0.00964406
    0.0123381
    0.0175692
    0.0269283
    0.0387601
    0.0422645
    0.0456728
    0.0533257
    0.0681641
    0.0761805
    0.0785330
    0.0789234
    0.0764422
    0.0700836
    0.0652567
    0.0600327
    0.0538328
    0.0427017
    0.0338241
    0.0229156
    0.0129158
   0.00396873
  0.000641477
 -1.79848e-09
 -1.79848e-09
 -1.79848e-09
 -1.79848e-09
 -1.79848e-09
 -1.79848e-09
 -1.79848e-09
 -1.79848e-09
 -1.79848e-09
 -1.79848e-09
 -1.79848e-09
 -1.79848e-09
 -1.79848e-09
 -1.79848e-09
 -1.79848e-09
 -1.79848e-09
 -1.79848e-09
 -1.79848e-09
 -1.79848e-09
 -1.79848e-09
 -1.79848e-09
 -1.79848e-09
      0.00000
