      0.00000
      0.00000
      0.00000
      0.00000
      0.00000
      0.00000
      0.00000
      0.00000
      0.00000
      0.00000
      0.00000
   0.00488690
    0.0134056
    0.0174388
    0.0226940
    0.0292827
    0.0445942
    0.0544341
    0.0570900
    0.0528234
    0.0528004
    0.0552220
    0.0599934
    0.0600407
    0.0583033
    0.0539552
    0.0433537
    0.0319704
    0.0284507
    0.0290212
    0.0375124
    0.0355840
    0.0382605
    0.0354109
    0.0360622
    0.0266172
    0.0151359
   0.00443152
   0.00122479
  3.18477e-09
  3.18477e-09
  3.18477e-09
  3.18477e-09
  3.18477e-09
  3.18477e-09
  3.18477e-09
  3.18477e-09
  3.18477e-09
      0.00000
