      0.00000
      0.00000
      0.00000
      0.00000
      0.00000
      0.00000
      0.00000
      0.00000
      0.00000
      0.00000
      0.00000
  0.000594811
   0.00517679
    0.0180712
    0.0283138
    0.0445996
    0.0501413
    0.0586709
    0.0524298
    0.0523527
    0.0538822
    0.0604100
    0.0566506
    0.0550463
    0.0460391
    0.0442565
    0.0355196
    0.0384629
    0.0349576
    0.0356402
    0.0296611
    0.0325454
    0.0334800
    0.0353601
    0.0359804
    0.0289495
    0.0211939
   0.00837761
   0.00323611
 -1.94398e-09
 -1.94398e-09
 -1.94398e-09
 -1.94398e-09
 -1.94398e-09
 -1.94398e-09
 -1.94398e-09
 -1.94398e-09
 -1.94398e-09
      0.00000
