      0.00000
      0.00000
      0.00000
      0.00000
      0.00000
      0.00000
      0.00000
      0.00000
      0.00000
      0.00000
      0.00000
      0.00000
      0.00000
      0.00000
      0.00000
      0.00000
   0.00906917
    0.0439285
     0.111326
     0.226893
     0.337540
     0.375782
     0.317717
     0.239450
     0.196247
     0.191891
     0.187867
     0.173866
     0.156592
     0.119375
    0.0880871
    0.0514954
    0.0382831
    0.0293098
    0.0305773
    0.0277560
    0.0254805
    0.0157644
   0.00580075
 -9.84424e-05
 -2.78076e-09
 -2.78076e-09
 -2.78076e-09
 -2.78076e-09
 -2.78076e-09
 -2.78076e-09
 -2.78076e-09
 -2.78076e-09
      0.00000
