      0.00000
      0.00000
      0.00000
      0.00000
      0.00000
      0.00000
      0.00000
      0.00000
      0.00000
      0.00000
      0.00000
      0.00000
      0.00000
      0.00000
      0.00000
      0.00000
      0.00000
  0.000613004
   0.00195657
   0.00348934
   0.00382295
   0.00360275
   0.00364280
   0.00628654
    0.0129659
    0.0223860
    0.0297221
    0.0372481
    0.0436118
    0.0509505
    0.0511002
    0.0599650
    0.0676855
    0.0762790
    0.0733993
    0.0669276
    0.0615943
    0.0539962
    0.0482777
    0.0402420
    0.0353558
    0.0298600
    0.0284995
    0.0259937
    0.0240432
    0.0195003
    0.0114933
   0.00514409
  0.000344662
 -8.31438e-10
 -8.31438e-10
 -8.31438e-10
 -8.31438e-10
 -8.31438e-10
 -8.31438e-10
 -8.31438e-10
 -8.31438e-10
 -8.31438e-10
 -8.31438e-10
 -8.31438e-10
 -8.31438e-10
 -8.31438e-10
 -8.31438e-10
 -8.31438e-10
 -8.31438e-10
 -8.31438e-10
 -8.31438e-10
 -8.31438e-10
      0.00000
