      0.00000
      0.00000
      0.00000
      0.00000
      0.00000
      0.00000
      0.00000
      0.00000
      0.00000
      0.00000
   0.00255508
   0.00855293
    0.0168404
    0.0262877
    0.0298964
    0.0325481
    0.0355183
    0.0490641
    0.0659200
    0.0887523
     0.107440
     0.133300
     0.142047
     0.118074
    0.0762596
    0.0381730
    0.0203059
   0.00846478
 -2.51468e-09
 -2.51468e-09
 -2.51468e-09
 -2.51468e-09
 -2.51468e-09
 -2.51468e-09
 -2.51468e-09
 -2.51468e-09
 -2.51468e-09
 -2.51468e-09
 -2.51468e-09
      0.00000
