      0.00000
      0.00000
      0.00000
      0.00000
      0.00000
      0.00000
      0.00000
      0.00000
      0.00000
      0.00000
      0.00000
      0.00000
      0.00000
      0.00000
      0.00000
      0.00000
      0.00000
      0.00000
      0.00000
      0.00000
      0.00000
      0.00000
      0.00000
      0.00000
      0.00000
 -1.28639e-07
  0.000216576
  0.000691749
   0.00113058
   0.00161922
   0.00218175
   0.00354363
   0.00574381
   0.00803889
    0.0102740
    0.0115550
    0.0131486
    0.0149525
    0.0175690
    0.0203005
    0.0228542
    0.0247996
    0.0273844
    0.0320180
    0.0390851
    0.0486687
    0.0598563
    0.0745241
    0.0884752
     0.103576
     0.118162
     0.138172
     0.162060
     0.186573
     0.207164
     0.223859
     0.239036
     0.254999
     0.265092
     0.265687
     0.254481
     0.236911
     0.214347
     0.189753
     0.166886
     0.150745
     0.136596
     0.123838
     0.108813
    0.0962041
    0.0851955
    0.0770323
    0.0699482
    0.0631595
    0.0571572
    0.0508477
    0.0442449
    0.0367444
    0.0305117
    0.0243679
    0.0206306
    0.0175626
    0.0143710
    0.0106782
   0.00779032
   0.00651083
   0.00520717
   0.00328191
   0.00180168
  0.000740815
  0.000465562
  0.000164153
  2.13801e-07
  1.27907e-09
  1.27907e-09
  1.27907e-09
  1.27907e-09
  1.27907e-09
  1.27907e-09
  1.27907e-09
  1.27907e-09
  1.27907e-09
  1.27907e-09
  1.27907e-09
  1.27907e-09
  1.27907e-09
  1.27907e-09
  1.27907e-09
  1.27907e-09
  1.27907e-09
  1.27907e-09
  1.27907e-09
  1.27907e-09
  1.27907e-09
  1.27907e-09
  1.27907e-09
  1.27907e-09
  1.27907e-09
      0.00000
