      0.00000
      0.00000
      0.00000
      0.00000
      0.00000
      0.00000
      0.00000
      0.00000
      0.00000
      0.00000
      0.00000
      0.00000
      0.00000
      0.00000
      0.00000
      0.00000
      0.00000
      0.00000
  0.000198082
   0.00264462
   0.00607808
    0.0120162
    0.0146693
    0.0165557
    0.0158290
    0.0177655
    0.0198194
    0.0222654
    0.0257026
    0.0314179
    0.0380120
    0.0450754
    0.0511460
    0.0594963
    0.0661664
    0.0717202
    0.0725955
    0.0689232
    0.0631551
    0.0560105
    0.0493881
    0.0418494
    0.0332465
    0.0261541
    0.0191053
    0.0148476
    0.0104238
   0.00827979
   0.00738177
   0.00634025
   0.00420651
   0.00143449
  8.00125e-05
  4.23227e-09
  4.23227e-09
  4.23227e-09
  4.23227e-09
  4.23227e-09
  4.23227e-09
  4.23227e-09
  4.23227e-09
  4.23227e-09
  4.23227e-09
  4.23227e-09
  4.23227e-09
  4.23227e-09
  4.23227e-09
  4.23227e-09
  4.23227e-09
      0.00000
