      0.00000
      0.00000
      0.00000
      0.00000
      0.00000
      0.00000
      0.00000
      0.00000
      0.00000
      0.00000
      0.00000
      0.00000
      0.00000
   0.00569065
    0.0211056
    0.0487150
    0.0848302
     0.115917
     0.138280
     0.137589
     0.130063
     0.115132
    0.0996666
    0.0663342
    0.0312065
   0.00555680
 -8.65339e-05
 -7.94935e-10
 -7.94935e-10
 -7.94935e-10
 -7.94935e-10
 -7.94935e-10
 -7.94935e-10
 -7.94935e-10
 -7.94935e-10
 -7.94935e-10
 -7.94935e-10
 -7.94935e-10
 -7.94935e-10
      0.00000
