      0.00000
      0.00000
      0.00000
      0.00000
      0.00000
      0.00000
      0.00000
      0.00000
      0.00000
      0.00000
      0.00000
      0.00000
      0.00000
      0.00000
      0.00000
      0.00000
      0.00000
      0.00000
      0.00000
      0.00000
      0.00000
      0.00000
      0.00000
      0.00000
      0.00000
      0.00000
  0.000131126
  0.000416667
  0.000906421
   0.00164900
   0.00276864
   0.00384834
   0.00539983
   0.00701520
   0.00942508
    0.0128301
    0.0171239
    0.0216509
    0.0262567
    0.0300185
    0.0334742
    0.0349985
    0.0384475
    0.0435055
    0.0528023
    0.0656308
    0.0789691
    0.0846892
    0.0780681
    0.0639104
    0.0503505
    0.0410153
    0.0345937
    0.0295294
    0.0250753
    0.0204120
    0.0166507
    0.0133116
    0.0112174
   0.00868574
   0.00692185
   0.00563186
   0.00505969
   0.00425075
   0.00408351
   0.00325916
   0.00282589
   0.00169102
   0.00104137
  0.000443460
  1.39204e-05
  8.42719e-11
  8.42719e-11
  8.42719e-11
  8.42719e-11
  8.42719e-11
  8.42719e-11
  8.42719e-11
  8.42719e-11
  8.42719e-11
  8.42719e-11
  8.42719e-11
  8.42719e-11
  8.42719e-11
  8.42719e-11
  8.42719e-11
  8.42719e-11
  8.42719e-11
  8.42719e-11
  8.42719e-11
  8.42719e-11
  8.42719e-11
  8.42719e-11
      0.00000
