      0.00000
      0.00000
      0.00000
      0.00000
      0.00000
      0.00000
      0.00000
      0.00000
      0.00000
      0.00000
      0.00000
      0.00000
      0.00000
      0.00000
      0.00000
      0.00000
  0.000914328
   0.00258639
   0.00456464
   0.00453341
   0.00466475
   0.00457903
   0.00500895
   0.00716426
    0.0158172
    0.0277454
    0.0372118
    0.0399115
    0.0432957
    0.0432413
    0.0487346
    0.0522934
    0.0638824
    0.0677461
    0.0689368
    0.0642447
    0.0589375
    0.0531559
    0.0469191
    0.0396048
    0.0343148
    0.0292606
    0.0283257
    0.0281093
    0.0257369
    0.0236853
    0.0150254
   0.00842109
   0.00142684
 -8.51947e-10
 -8.51947e-10
 -8.51947e-10
 -8.51947e-10
 -8.51947e-10
 -8.51947e-10
 -8.51947e-10
 -8.51947e-10
 -8.51947e-10
 -8.51947e-10
 -8.51947e-10
 -8.51947e-10
 -8.51947e-10
 -8.51947e-10
 -8.51947e-10
 -8.51947e-10
 -8.51947e-10
 -8.51947e-10
 -8.51947e-10
      0.00000
