      0.00000
      0.00000
      0.00000
      0.00000
      0.00000
      0.00000
      0.00000
      0.00000
      0.00000
   0.00163447
   0.00453916
    0.0151292
    0.0289507
    0.0442578
    0.0611305
    0.0818090
     0.101942
     0.119694
     0.125199
     0.121320
     0.106352
    0.0839964
    0.0597314
    0.0310280
    0.0117434
   0.00154295
 -4.00779e-09
 -4.00779e-09
 -4.00779e-09
 -4.00779e-09
 -4.00779e-09
 -4.00779e-09
 -4.00779e-09
 -4.00779e-09
 -4.00779e-09
      0.00000
