      0.00000
      0.00000
      0.00000
      0.00000
      0.00000
      0.00000
      0.00000
      0.00000
      0.00000
      0.00000
      0.00000
      0.00000
      0.00000
      0.00000
      0.00000
      0.00000
      0.00000
      0.00000
      0.00000
   0.00136847
   0.00571900
   0.00921912
    0.0129133
    0.0128766
    0.0164696
    0.0176934
    0.0208361
    0.0259781
    0.0338248
    0.0428296
    0.0515537
    0.0598954
    0.0680174
    0.0724610
    0.0734423
    0.0685313
    0.0603247
    0.0534749
    0.0487907
    0.0439401
    0.0362466
    0.0314953
    0.0294201
    0.0293337
    0.0258187
    0.0192531
    0.0141821
   0.00840920
   0.00471402
  0.000958510
  9.49476e-06
 -6.79746e-10
 -6.79746e-10
 -6.79746e-10
 -6.79746e-10
 -6.79746e-10
 -6.79746e-10
 -6.79746e-10
 -6.79746e-10
 -6.79746e-10
 -6.79746e-10
 -6.79746e-10
 -6.79746e-10
 -6.79746e-10
 -6.79746e-10
 -6.79746e-10
 -6.79746e-10
 -6.79746e-10
 -6.79746e-10
      0.00000
