      0.00000
      0.00000
      0.00000
      0.00000
      0.00000
      0.00000
      0.00000
      0.00000
      0.00000
      0.00000
      0.00000
      0.00000
      0.00000
      0.00000
      0.00000
      0.00000
      0.00000
      0.00000
      0.00000
      0.00000
      0.00000
      0.00000
      0.00000
      0.00000
      0.00000
 -1.28639e-07
  0.000174638
  0.000457453
  0.000688320
  0.000964457
   0.00129400
   0.00211389
   0.00330423
   0.00449414
   0.00561017
   0.00626045
   0.00715884
   0.00800952
   0.00905917
   0.00995931
    0.0107283
    0.0112375
    0.0116511
    0.0127490
    0.0145520
    0.0170497
    0.0199014
    0.0224774
    0.0237285
    0.0237173
    0.0239615
    0.0258204
    0.0285472
    0.0300183
    0.0299655
    0.0292028
    0.0286759
    0.0292417
    0.0299830
    0.0309207
    0.0299968
    0.0278155
    0.0257388
    0.0248472
    0.0247615
    0.0246661
    0.0237253
    0.0221532
    0.0205529
    0.0200026
    0.0208257
    0.0220153
    0.0228373
    0.0227035
    0.0222231
    0.0210374
    0.0194798
    0.0167984
    0.0142873
    0.0118823
    0.0105099
   0.00929968
   0.00767082
   0.00573969
   0.00425340
   0.00357636
   0.00303184
   0.00193041
   0.00110318
  0.000450675
  0.000295088
  0.000111014
  2.11518e-07
 -1.00475e-09
 -1.00475e-09
 -1.00475e-09
 -1.00475e-09
 -1.00475e-09
 -1.00475e-09
 -1.00475e-09
 -1.00475e-09
 -1.00475e-09
 -1.00475e-09
 -1.00475e-09
 -1.00475e-09
 -1.00475e-09
 -1.00475e-09
 -1.00475e-09
 -1.00475e-09
 -1.00475e-09
 -1.00475e-09
 -1.00475e-09
 -1.00475e-09
 -1.00475e-09
 -1.00475e-09
 -1.00475e-09
 -1.00475e-09
 -1.00475e-09
      0.00000
