      0.00000
      0.00000
      0.00000
      0.00000
      0.00000
      0.00000
      0.00000
      0.00000
      0.00000
      0.00000
      0.00000
   0.00590662
    0.0134590
    0.0203093
    0.0241051
    0.0355719
    0.0479414
    0.0584179
    0.0576568
    0.0538305
    0.0544313
    0.0562135
    0.0574854
    0.0557393
    0.0513681
    0.0475993
    0.0369526
    0.0296469
    0.0271161
    0.0285419
    0.0330128
    0.0310399
    0.0353350
    0.0357724
    0.0386190
    0.0303137
    0.0206319
   0.00939252
   0.00359001
  9.64871e-11
  9.64871e-11
  9.64871e-11
  9.64871e-11
  9.64871e-11
  9.64871e-11
  9.64871e-11
  9.64871e-11
  9.64871e-11
      0.00000
