      0.00000
      0.00000
      0.00000
      0.00000
      0.00000
      0.00000
      0.00000
      0.00000
      0.00000
      0.00000
      0.00000
      0.00000
      0.00000
      0.00000
      0.00000
      0.00000
      0.00000
      0.00000
      0.00000
      0.00000
  0.000756491
   0.00149302
   0.00357112
   0.00527166
   0.00819182
   0.00995600
    0.0140980
    0.0171557
    0.0212675
    0.0267992
    0.0358514
    0.0481780
    0.0625886
    0.0785695
    0.0936241
     0.102554
     0.100559
    0.0884450
    0.0713637
    0.0553589
    0.0423318
    0.0331575
    0.0248900
    0.0191066
    0.0133251
    0.0105739
   0.00685278
   0.00341868
  0.000689881
  4.13734e-07
  8.22317e-10
  8.22317e-10
  8.22317e-10
  8.22317e-10
  8.22317e-10
  8.22317e-10
  8.22317e-10
  8.22317e-10
  8.22317e-10
  8.22317e-10
  8.22317e-10
  8.22317e-10
  8.22317e-10
  8.22317e-10
  8.22317e-10
  8.22317e-10
  8.22317e-10
  8.22317e-10
  8.22317e-10
      0.00000
