      0.00000
      0.00000
      0.00000
      0.00000
      0.00000
      0.00000
      0.00000
      0.00000
      0.00000
      0.00000
      0.00000
      0.00000
      0.00000
      0.00000
      0.00000
      0.00000
      0.00000
      0.00000
      0.00000
      0.00000
  1.41322e-06
  0.000995123
   0.00423722
   0.00892918
    0.0161378
    0.0254795
    0.0376758
    0.0507201
    0.0691542
    0.0959451
     0.121369
     0.129749
     0.115524
    0.0917920
    0.0708125
    0.0553576
    0.0418813
    0.0292974
    0.0183302
    0.0104279
   0.00460356
   0.00157028
  1.02137e-05
  1.22602e-10
  1.22602e-10
  1.22602e-10
  1.22602e-10
  1.22602e-10
  1.22602e-10
  1.22602e-10
  1.22602e-10
  1.22602e-10
  1.22602e-10
  1.22602e-10
  1.22602e-10
  1.22602e-10
  1.22602e-10
  1.22602e-10
  1.22602e-10
  1.22602e-10
  1.22602e-10
  1.22602e-10
  1.22602e-10
      0.00000
