      0.00000
      0.00000
      0.00000
      0.00000
      0.00000
      0.00000
      0.00000
      0.00000
      0.00000
      0.00000
      0.00000
      0.00000
      0.00000
      0.00000
      0.00000
      0.00000
      0.00000
      0.00000
      0.00000
      0.00000
      0.00000
      0.00000
      0.00000
      0.00000
  0.000217380
   0.00133672
   0.00325473
   0.00558256
   0.00908043
    0.0115967
    0.0162105
    0.0234756
    0.0347298
    0.0428215
    0.0464820
    0.0511253
    0.0538845
    0.0587398
    0.0597401
    0.0630235
    0.0606052
    0.0596388
    0.0583845
    0.0569859
    0.0501221
    0.0438059
    0.0371692
    0.0331290
    0.0276145
    0.0236169
    0.0191028
    0.0140977
    0.0107445
   0.00869696
   0.00619255
   0.00448010
   0.00218562
   0.00149822
  0.000617068
  1.14501e-05
  6.97041e-10
  6.97041e-10
  6.97041e-10
  6.97041e-10
  6.97041e-10
  6.97041e-10
  6.97041e-10
  6.97041e-10
  6.97041e-10
  6.97041e-10
  6.97041e-10
  6.97041e-10
  6.97041e-10
  6.97041e-10
  6.97041e-10
  6.97041e-10
  6.97041e-10
  6.97041e-10
  6.97041e-10
  6.97041e-10
  6.97041e-10
      0.00000
