      0.00000
      0.00000
      0.00000
      0.00000
      0.00000
      0.00000
      0.00000
      0.00000
      0.00000
      0.00000
      0.00000
      0.00000
      0.00000
      0.00000
      0.00000
      0.00000
      0.00000
      0.00000
      0.00000
      0.00000
      0.00000
      0.00000
      0.00000
      0.00000
      0.00000
      0.00000
  4.19381e-05
  0.000234296
  0.000442260
  0.000654763
  0.000887742
   0.00142974
   0.00243958
   0.00354474
   0.00466382
   0.00529460
   0.00589102
   0.00670934
   0.00789778
   0.00912355
   0.00987660
    0.0104590
    0.0110695
    0.0122975
    0.0141663
    0.0168451
    0.0197598
    0.0224871
    0.0238605
    0.0240984
    0.0245743
    0.0267231
    0.0298451
    0.0317150
    0.0314573
    0.0305599
    0.0299807
    0.0305716
    0.0313756
    0.0321986
    0.0312795
    0.0291281
    0.0270832
    0.0260400
    0.0257139
    0.0256341
    0.0246897
    0.0229816
    0.0211328
    0.0204441
    0.0216594
    0.0228209
    0.0235503
    0.0229809
    0.0222213
    0.0205988
    0.0188881
    0.0156507
    0.0132576
    0.0105527
   0.00947678
   0.00820617
   0.00668454
   0.00493848
   0.00353692
   0.00293447
   0.00217532
   0.00135150
  0.000698504
  0.000290138
  0.000170472
  5.31377e-05
  1.07116e-09
  1.07116e-09
  1.07116e-09
  1.07116e-09
  1.07116e-09
  1.07116e-09
  1.07116e-09
  1.07116e-09
  1.07116e-09
  1.07116e-09
  1.07116e-09
  1.07116e-09
  1.07116e-09
  1.07116e-09
  1.07116e-09
  1.07116e-09
  1.07116e-09
  1.07116e-09
  1.07116e-09
  1.07116e-09
  1.07116e-09
  1.07116e-09
  1.07116e-09
  1.07116e-09
  1.07116e-09
  1.07116e-09
      0.00000
