      0.00000
      0.00000
      0.00000
      0.00000
      0.00000
      0.00000
      0.00000
      0.00000
      0.00000
      0.00000
      0.00000
      0.00000
   0.00227399
   0.00557779
    0.0131065
    0.0269917
    0.0428879
    0.0648449
    0.0842189
     0.114943
     0.139518
     0.153552
     0.134543
    0.0982913
    0.0604581
    0.0348873
    0.0175731
   0.00583899
  0.000494636
  3.27979e-10
  3.27979e-10
  3.27979e-10
  3.27979e-10
  3.27979e-10
  3.27979e-10
  3.27979e-10
  3.27979e-10
  3.27979e-10
  3.27979e-10
      0.00000
