      0.00000
      0.00000
      0.00000
      0.00000
      0.00000
      0.00000
      0.00000
      0.00000
      0.00000
      0.00000
      0.00000
      0.00000
      0.00000
      0.00000
      0.00000
      0.00000
      0.00000
      0.00000
      0.00000
      0.00000
  0.000170759
   0.00204019
   0.00463130
   0.00816364
    0.0107176
    0.0165554
    0.0253673
    0.0383300
    0.0416221
    0.0473115
    0.0535048
    0.0675112
    0.0773979
    0.0806380
    0.0840190
    0.0784076
    0.0718032
    0.0629987
    0.0583976
    0.0522539
    0.0428723
    0.0342293
    0.0236703
    0.0131233
   0.00388761
  0.000375358
 -1.12124e-09
 -1.12124e-09
 -1.12124e-09
 -1.12124e-09
 -1.12124e-09
 -1.12124e-09
 -1.12124e-09
 -1.12124e-09
 -1.12124e-09
 -1.12124e-09
 -1.12124e-09
 -1.12124e-09
 -1.12124e-09
 -1.12124e-09
 -1.12124e-09
 -1.12124e-09
 -1.12124e-09
 -1.12124e-09
 -1.12124e-09
 -1.12124e-09
 -1.12124e-09
 -1.12124e-09
      0.00000
