      0.00000
      0.00000
      0.00000
      0.00000
      0.00000
      0.00000
      0.00000
      0.00000
      0.00000
      0.00000
      0.00000
      0.00000
      0.00000
      0.00000
      0.00000
      0.00000
      0.00000
      0.00000
      0.00000
      0.00000
      0.00000
      0.00000
      0.00000
      0.00000
      0.00000
      0.00000
      0.00000
      0.00000
      0.00000
      0.00000
      0.00000
      0.00000
      0.00000
      0.00000
      0.00000
      0.00000
      0.00000
      0.00000
      0.00000
      0.00000
      0.00000
      0.00000
      0.00000
      0.00000
      0.00000
      0.00000
  0.000125462
  0.000956076
   0.00299884
   0.00622320
    0.0105368
    0.0162525
    0.0252035
    0.0376146
    0.0523300
    0.0671188
    0.0808014
    0.0922268
    0.0972703
    0.0961014
    0.0910619
    0.0845547
    0.0737196
    0.0577644
    0.0399410
    0.0264934
    0.0170378
    0.0117608
   0.00642034
   0.00365961
   0.00113556
  0.000689728
  1.50479e-06
  3.94016e-09
  3.94016e-09
  3.94016e-09
  3.94016e-09
  3.94016e-09
  3.94016e-09
  3.94016e-09
  3.94016e-09
  3.94016e-09
  3.94016e-09
  3.94016e-09
  3.94016e-09
  3.94016e-09
  3.94016e-09
  3.94016e-09
  3.94016e-09
  3.94016e-09
  3.94016e-09
  3.94016e-09
  3.94016e-09
  3.94016e-09
  3.94016e-09
  3.94016e-09
  3.94016e-09
  3.94016e-09
  3.94016e-09
  3.94016e-09
  3.94016e-09
  3.94016e-09
  3.94016e-09
  3.94016e-09
  3.94016e-09
  3.94016e-09
  3.94016e-09
  3.94016e-09
  3.94016e-09
  3.94016e-09
  3.94016e-09
  3.94016e-09
  3.94016e-09
  3.94016e-09
  3.94016e-09
  3.94016e-09
  3.94016e-09
  3.94016e-09
      0.00000
