      0.00000
      0.00000
      0.00000
      0.00000
      0.00000
      0.00000
      0.00000
      0.00000
      0.00000
      0.00000
      0.00000
      0.00000
      0.00000
      0.00000
      0.00000
      0.00000
      0.00000
      0.00000
      0.00000
      0.00000
      0.00000
      0.00000
      0.00000
      0.00000
      0.00000
  0.000348316
   0.00101425
   0.00176325
   0.00308131
   0.00506104
   0.00778795
   0.00986779
    0.0127239
    0.0159781
    0.0211697
    0.0286663
    0.0379822
    0.0471524
    0.0534869
    0.0576457
    0.0618349
    0.0670603
    0.0755275
    0.0862414
     0.102812
     0.126811
     0.153299
     0.166410
     0.154727
     0.126798
    0.0987339
    0.0796313
    0.0678267
    0.0584111
    0.0511219
    0.0423248
    0.0350950
    0.0288600
    0.0249953
    0.0206134
    0.0168790
    0.0133087
    0.0106985
   0.00797333
   0.00666788
   0.00483888
   0.00353488
   0.00173692
   0.00104137
  0.000443458
  1.39188e-05
 -1.52293e-09
 -1.52293e-09
 -1.52293e-09
 -1.52293e-09
 -1.52293e-09
 -1.52293e-09
 -1.52293e-09
 -1.52293e-09
 -1.52293e-09
 -1.52293e-09
 -1.52293e-09
 -1.52293e-09
 -1.52293e-09
 -1.52293e-09
 -1.52293e-09
 -1.52293e-09
 -1.52293e-09
 -1.52293e-09
 -1.52293e-09
 -1.52293e-09
 -1.52293e-09
 -1.52293e-09
      0.00000
