      0.00000
      0.00000
      0.00000
      0.00000
      0.00000
      0.00000
      0.00000
      0.00000
      0.00000
      0.00000
      0.00000
  0.000552678
   0.00622383
    0.0258095
    0.0486749
    0.0802218
     0.115444
     0.152179
     0.168200
     0.152277
     0.118501
    0.0775634
    0.0397040
    0.0134262
   0.00112477
  9.94719e-05
  5.21295e-09
  5.21295e-09
  5.21295e-09
  5.21295e-09
  5.21295e-09
  5.21295e-09
  5.21295e-09
  5.21295e-09
  5.21295e-09
      0.00000
