      0.00000
      0.00000
      0.00000
      0.00000
      0.00000
      0.00000
      0.00000
      0.00000
      0.00000
      0.00000
      0.00000
      0.00000
      0.00000
      0.00000
  6.59831e-05
   0.00287965
   0.00568067
    0.0147964
    0.0297660
    0.0517992
    0.0797098
     0.100672
     0.113233
     0.112048
    0.0977883
    0.0872933
    0.0707459
    0.0638557
    0.0469759
    0.0426477
    0.0337104
    0.0275690
    0.0133196
   0.00466154
  0.000781912
  1.62460e-09
  1.62460e-09
  1.62460e-09
  1.62460e-09
  1.62460e-09
  1.62460e-09
  1.62460e-09
  1.62460e-09
  1.62460e-09
  1.62460e-09
  1.62460e-09
  1.62460e-09
  1.62460e-09
      0.00000
