      0.00000
      0.00000
      0.00000
      0.00000
      0.00000
      0.00000
      0.00000
      0.00000
      0.00000
      0.00000
      0.00000
      0.00000
      0.00000
      0.00000
      0.00000
      0.00000
      0.00000
      0.00000
      0.00000
      0.00000
      0.00000
      0.00000
      0.00000
      0.00000
      0.00000
      0.00000
      0.00000
      0.00000
      0.00000
      0.00000
      0.00000
      0.00000
      0.00000
      0.00000
      0.00000
      0.00000
      0.00000
  2.10299e-06
  0.000108717
  0.000451530
  0.000889746
   0.00142700
   0.00214434
   0.00331749
   0.00445080
   0.00544858
   0.00640582
   0.00738897
   0.00855399
   0.00958816
    0.0106783
    0.0121325
    0.0134991
    0.0151592
    0.0167668
    0.0193079
    0.0218982
    0.0258206
    0.0297773
    0.0352605
    0.0399808
    0.0451411
    0.0507065
    0.0579274
    0.0674237
    0.0766820
    0.0830468
    0.0865742
    0.0887809
    0.0930585
    0.0982287
     0.105313
     0.112466
     0.119058
     0.123617
     0.125815
     0.124466
     0.120869
     0.118347
     0.118236
     0.118021
     0.111790
     0.102006
    0.0893351
    0.0786341
    0.0680619
    0.0580027
    0.0485521
    0.0396140
    0.0325706
    0.0268098
    0.0221979
    0.0187203
    0.0155940
    0.0126964
    0.0104100
   0.00884977
   0.00733135
   0.00593153
   0.00410207
   0.00305690
   0.00200680
   0.00186341
   0.00222842
   0.00230275
   0.00179943
  0.000891453
  0.000359110
  4.65558e-05
 -1.06368e-09
 -1.06368e-09
 -1.06368e-09
 -1.06368e-09
 -1.06368e-09
 -1.06368e-09
 -1.06368e-09
 -1.06368e-09
 -1.06368e-09
 -1.06368e-09
 -1.06368e-09
 -1.06368e-09
 -1.06368e-09
 -1.06368e-09
 -1.06368e-09
 -1.06368e-09
 -1.06368e-09
 -1.06368e-09
 -1.06368e-09
 -1.06368e-09
 -1.06368e-09
 -1.06368e-09
 -1.06368e-09
 -1.06368e-09
 -1.06368e-09
 -1.06368e-09
 -1.06368e-09
 -1.06368e-09
 -1.06368e-09
 -1.06368e-09
 -1.06368e-09
 -1.06368e-09
 -1.06368e-09
 -1.06368e-09
 -1.06368e-09
 -1.06368e-09
 -1.06368e-09
 -1.06368e-09
 -1.06368e-09
      0.00000
