      0.00000
      0.00000
      0.00000
      0.00000
      0.00000
      0.00000
      0.00000
      0.00000
      0.00000
      0.00000
      0.00000
      0.00000
      0.00000
      0.00000
      0.00000
      0.00000
      0.00000
      0.00000
      0.00000
      0.00000
   0.00106038
   0.00228600
   0.00334687
   0.00487375
   0.00878418
    0.0150959
    0.0243247
    0.0350575
    0.0467658
    0.0554820
    0.0596468
    0.0645971
    0.0715338
    0.0771784
    0.0777389
    0.0704198
    0.0660695
    0.0602228
    0.0566998
    0.0485713
    0.0403296
    0.0305326
    0.0226458
    0.0175180
    0.0162545
    0.0130939
   0.00771829
   0.00215199
  2.36288e-10
  2.36288e-10
  2.36288e-10
  2.36288e-10
  2.36288e-10
  2.36288e-10
  2.36288e-10
  2.36288e-10
  2.36288e-10
  2.36288e-10
  2.36288e-10
  2.36288e-10
  2.36288e-10
  2.36288e-10
  2.36288e-10
  2.36288e-10
  2.36288e-10
  2.36288e-10
  2.36288e-10
  2.36288e-10
      0.00000
