      0.00000
      0.00000
      0.00000
      0.00000
      0.00000
      0.00000
      0.00000
      0.00000
      0.00000
      0.00000
      0.00000
  0.000137538
  0.000800248
   0.00185965
   0.00317889
   0.00449095
   0.00794482
    0.0183540
    0.0432110
     0.115816
     0.216866
     0.244647
     0.189329
    0.0870788
    0.0359452
    0.0154949
   0.00634073
   0.00405787
   0.00288810
   0.00137702
  0.000180665
 -1.20932e-08
 -1.20932e-08
 -1.20932e-08
 -1.20932e-08
 -1.20932e-08
 -1.20932e-08
 -1.20932e-08
 -1.20932e-08
 -1.20932e-08
 -1.20932e-08
 -1.20932e-08
      0.00000
