      0.00000
      0.00000
      0.00000
      0.00000
      0.00000
      0.00000
      0.00000
      0.00000
      0.00000
      0.00000
      0.00000
      0.00000
      0.00000
      0.00000
      0.00000
      0.00000
      0.00000
      0.00000
      0.00000
      0.00000
      0.00000
      0.00000
      0.00000
      0.00000
      0.00000
      0.00000
      0.00000
      0.00000
      0.00000
      0.00000
      0.00000
      0.00000
   0.00230235
    0.0108237
    0.0254555
    0.0451649
    0.0659712
    0.0828365
    0.0951591
     0.100500
     0.102170
    0.0989420
    0.0898007
    0.0807743
    0.0668110
    0.0540289
    0.0382491
    0.0247960
    0.0122085
   0.00384791
  0.000158061
  1.05584e-09
  1.05584e-09
  1.05584e-09
  1.05584e-09
  1.05584e-09
  1.05584e-09
  1.05584e-09
  1.05584e-09
  1.05584e-09
  1.05584e-09
  1.05584e-09
  1.05584e-09
  1.05584e-09
  1.05584e-09
  1.05584e-09
  1.05584e-09
  1.05584e-09
  1.05584e-09
  1.05584e-09
  1.05584e-09
  1.05584e-09
  1.05584e-09
  1.05584e-09
  1.05584e-09
  1.05584e-09
  1.05584e-09
  1.05584e-09
  1.05584e-09
  1.05584e-09
  1.05584e-09
      0.00000
