      0.00000
      0.00000
      0.00000
      0.00000
      0.00000
      0.00000
      0.00000
      0.00000
      0.00000
      0.00000
      0.00000
      0.00000
      0.00000
      0.00000
      0.00000
   0.00214573
   0.00570199
    0.0108686
    0.0145939
    0.0171487
    0.0189186
    0.0226121
    0.0273495
    0.0470620
    0.0813631
     0.133798
     0.181828
     0.229578
     0.256472
     0.285245
     0.310688
     0.359250
     0.406932
     0.437517
     0.445023
     0.415622
     0.381161
     0.340435
     0.309379
     0.271740
     0.232047
     0.191937
     0.158437
     0.126607
     0.103926
    0.0839058
    0.0543122
    0.0282399
   0.00625878
   0.00185491
  4.04235e-05
 -5.39631e-09
 -5.39631e-09
 -5.39631e-09
 -5.39631e-09
 -5.39631e-09
 -5.39631e-09
 -5.39631e-09
 -5.39631e-09
 -5.39631e-09
 -5.39631e-09
 -5.39631e-09
 -5.39631e-09
 -5.39631e-09
 -5.39631e-09
 -5.39631e-09
 -5.39631e-09
 -5.39631e-09
      0.00000
