      0.00000
      0.00000
      0.00000
      0.00000
      0.00000
      0.00000
      0.00000
      0.00000
      0.00000
      0.00000
      0.00000
  1.97058e-05
   0.00780606
    0.0190158
    0.0452759
    0.0774916
     0.122615
     0.158455
     0.169891
     0.153027
     0.116828
    0.0766631
    0.0386183
    0.0127547
   0.00148154
  5.71420e-05
  7.76221e-10
  7.76221e-10
  7.76221e-10
  7.76221e-10
  7.76221e-10
  7.76221e-10
  7.76221e-10
  7.76221e-10
  7.76221e-10
      0.00000
