      0.00000
      0.00000
      0.00000
      0.00000
      0.00000
      0.00000
      0.00000
      0.00000
      0.00000
      0.00000
      0.00000
      0.00000
      0.00000
      0.00000
   0.00117444
    0.0140492
    0.0437048
    0.0912822
     0.138208
     0.168522
     0.176080
     0.148534
     0.107008
    0.0600647
    0.0325423
    0.0140987
   0.00473167
 -3.36886e-09
 -3.36886e-09
 -3.36886e-09
 -3.36886e-09
 -3.36886e-09
 -3.36886e-09
 -3.36886e-09
 -3.36886e-09
 -3.36886e-09
 -3.36886e-09
 -3.36886e-09
 -3.36886e-09
      0.00000
