      0.00000
      0.00000
      0.00000
      0.00000
      0.00000
      0.00000
      0.00000
      0.00000
      0.00000
      0.00000
      0.00000
      0.00000
      0.00000
      0.00000
  0.000231916
   0.00386023
    0.0111664
    0.0254811
    0.0439316
    0.0611460
    0.0703423
    0.0674049
    0.0608702
    0.0532242
    0.0527930
    0.0545524
    0.0624525
    0.0692435
    0.0744125
    0.0757275
    0.0700394
    0.0559348
    0.0397483
    0.0249232
    0.0152510
   0.00612544
   0.00113757
 -2.93247e-10
 -2.93247e-10
 -2.93247e-10
 -2.93247e-10
 -2.93247e-10
 -2.93247e-10
 -2.93247e-10
 -2.93247e-10
 -2.93247e-10
 -2.93247e-10
 -2.93247e-10
 -2.93247e-10
 -2.93247e-10
      0.00000
