      0.00000
      0.00000
      0.00000
      0.00000
      0.00000
      0.00000
      0.00000
      0.00000
      0.00000
      0.00000
      0.00000
      0.00000
      0.00000
      0.00000
      0.00000
      0.00000
      0.00000
      0.00000
      0.00000
   0.00139587
   0.00391902
   0.00632427
   0.00888451
    0.0113227
    0.0140197
    0.0149976
    0.0157521
    0.0179421
    0.0215394
    0.0283653
    0.0359006
    0.0465798
    0.0554732
    0.0678621
    0.0787007
    0.0878653
    0.0891261
    0.0825868
    0.0719336
    0.0583845
    0.0468912
    0.0350669
    0.0256945
    0.0187105
    0.0140718
    0.0121161
   0.00969173
   0.00795159
   0.00574559
   0.00335506
   0.00161182
  0.000217746
 -1.61058e-09
 -1.61058e-09
 -1.61058e-09
 -1.61058e-09
 -1.61058e-09
 -1.61058e-09
 -1.61058e-09
 -1.61058e-09
 -1.61058e-09
 -1.61058e-09
 -1.61058e-09
 -1.61058e-09
 -1.61058e-09
 -1.61058e-09
 -1.61058e-09
 -1.61058e-09
 -1.61058e-09
      0.00000
