      0.00000
      0.00000
      0.00000
      0.00000
      0.00000
      0.00000
      0.00000
      0.00000
      0.00000
   0.00163447
   0.00453916
    0.0157016
    0.0429806
    0.0890831
     0.155081
     0.239522
     0.340001
     0.430328
     0.463290
     0.426624
     0.341680
     0.238223
     0.138054
    0.0572089
    0.0143497
   0.00169956
  1.98139e-09
  1.98139e-09
  1.98139e-09
  1.98139e-09
  1.98139e-09
  1.98139e-09
  1.98139e-09
  1.98139e-09
  1.98139e-09
      0.00000
