      0.00000
      0.00000
      0.00000
      0.00000
      0.00000
      0.00000
      0.00000
      0.00000
      0.00000
      0.00000
      0.00000
    0.0122607
    0.0386845
    0.0656376
    0.0909713
     0.135366
     0.189182
     0.248331
     0.285857
     0.319720
     0.382142
     0.434613
     0.474309
     0.475379
     0.432825
     0.397144
     0.313688
     0.266986
     0.214143
     0.203373
     0.197024
     0.179776
     0.161266
     0.143894
     0.137004
     0.104538
    0.0647507
    0.0230844
   0.00805091
  1.60683e-09
  1.60683e-09
  1.60683e-09
  1.60683e-09
  1.60683e-09
  1.60683e-09
  1.60683e-09
  1.60683e-09
  1.60683e-09
      0.00000
