      0.00000
      0.00000
      0.00000
      0.00000
      0.00000
      0.00000
      0.00000
      0.00000
      0.00000
      0.00000
      0.00000
      0.00000
      0.00000
      0.00000
      0.00000
      0.00000
      0.00000
      0.00000
      0.00000
      0.00000
  3.33896e-05
   0.00113247
   0.00439005
    0.0104472
    0.0170032
    0.0247510
    0.0341764
    0.0482301
    0.0696893
    0.0991379
     0.126923
     0.136832
     0.123772
    0.0963861
    0.0707468
    0.0497503
    0.0346670
    0.0232794
    0.0152347
   0.00899190
   0.00364517
  0.000781537
 -2.65695e-09
 -2.65695e-09
 -2.65695e-09
 -2.65695e-09
 -2.65695e-09
 -2.65695e-09
 -2.65695e-09
 -2.65695e-09
 -2.65695e-09
 -2.65695e-09
 -2.65695e-09
 -2.65695e-09
 -2.65695e-09
 -2.65695e-09
 -2.65695e-09
 -2.65695e-09
 -2.65695e-09
 -2.65695e-09
 -2.65695e-09
 -2.65695e-09
 -2.65695e-09
      0.00000
