      0.00000
      0.00000
      0.00000
      0.00000
      0.00000
      0.00000
      0.00000
      0.00000
      0.00000
      0.00000
  0.000210877
   0.00376875
    0.0109999
    0.0188612
    0.0259407
    0.0296944
    0.0373316
    0.0515307
    0.0739959
    0.0998034
     0.122115
     0.141596
     0.140534
     0.109874
    0.0704510
    0.0363194
    0.0201044
   0.00659562
  0.000272450
 -3.88820e-09
 -3.88820e-09
 -3.88820e-09
 -3.88820e-09
 -3.88820e-09
 -3.88820e-09
 -3.88820e-09
 -3.88820e-09
 -3.88820e-09
 -3.88820e-09
      0.00000
