      0.00000
      0.00000
      0.00000
      0.00000
      0.00000
      0.00000
      0.00000
      0.00000
      0.00000
      0.00000
      0.00000
      0.00000
      0.00000
      0.00000
      0.00000
      0.00000
      0.00000
      0.00000
      0.00000
      0.00000
      0.00000
      0.00000
      0.00000
      0.00000
      0.00000
      0.00000
      0.00000
      0.00000
      0.00000
      0.00000
      0.00000
      0.00000
      0.00000
      0.00000
      0.00000
      0.00000
      0.00000
  2.10299e-06
  0.000108230
  0.000210331
  0.000287341
  0.000268674
  0.000394618
  0.000875591
   0.00145807
   0.00223100
   0.00277107
   0.00332504
   0.00401747
   0.00484441
   0.00543505
   0.00578312
   0.00594000
   0.00614963
   0.00638230
   0.00678167
   0.00733730
   0.00821048
   0.00926726
    0.0106408
    0.0117355
    0.0129927
    0.0146696
    0.0164185
    0.0182215
    0.0199463
    0.0219480
    0.0248224
    0.0274014
    0.0296712
    0.0311574
    0.0333487
    0.0361200
    0.0396070
    0.0431318
    0.0462587
    0.0478484
    0.0482017
    0.0486967
    0.0499093
    0.0497360
    0.0455712
    0.0378497
    0.0292530
    0.0226349
    0.0176966
    0.0143500
    0.0117495
   0.00995508
   0.00813125
   0.00662251
   0.00541244
   0.00506975
   0.00464416
   0.00409841
   0.00326176
   0.00291681
   0.00232064
   0.00199179
   0.00111145
  0.000672175
  0.000117498
  4.97941e-06
  1.47238e-12
  1.47238e-12
  1.47238e-12
  1.47238e-12
  1.47238e-12
  1.47238e-12
  1.47238e-12
  1.47238e-12
  1.47238e-12
  1.47238e-12
  1.47238e-12
  1.47238e-12
  1.47238e-12
  1.47238e-12
  1.47238e-12
  1.47238e-12
  1.47238e-12
  1.47238e-12
  1.47238e-12
  1.47238e-12
  1.47238e-12
  1.47238e-12
  1.47238e-12
  1.47238e-12
  1.47238e-12
  1.47238e-12
  1.47238e-12
  1.47238e-12
  1.47238e-12
  1.47238e-12
  1.47238e-12
  1.47238e-12
  1.47238e-12
  1.47238e-12
  1.47238e-12
  1.47238e-12
  1.47238e-12
  1.47238e-12
  1.47238e-12
  1.47238e-12
  1.47238e-12
  1.47238e-12
  1.47238e-12
  1.47238e-12
  1.47238e-12
      0.00000
