      0.00000
      0.00000
      0.00000
      0.00000
      0.00000
      0.00000
      0.00000
      0.00000
      0.00000
      0.00000
      0.00000
      0.00000
      0.00000
      0.00000
      0.00000
   0.00169039
   0.00698749
    0.0141893
    0.0270432
    0.0436195
    0.0749744
     0.100660
     0.119975
     0.121458
     0.107949
    0.0948730
    0.0755886
    0.0637092
    0.0474725
    0.0392117
    0.0304405
    0.0204061
   0.00791144
   0.00184132
  4.89542e-10
  4.89542e-10
  4.89542e-10
  4.89542e-10
  4.89542e-10
  4.89542e-10
  4.89542e-10
  4.89542e-10
  4.89542e-10
  4.89542e-10
  4.89542e-10
  4.89542e-10
  4.89542e-10
  4.89542e-10
      0.00000
