      0.00000
      0.00000
      0.00000
      0.00000
      0.00000
      0.00000
      0.00000
      0.00000
      0.00000
   0.00177041
   0.00634336
    0.0113286
    0.0179598
    0.0242499
    0.0377014
    0.0472716
    0.0539647
    0.0559954
    0.0724940
    0.0926394
     0.109076
     0.113321
     0.104832
    0.0889632
    0.0662721
    0.0451263
    0.0294955
    0.0142441
   0.00617767
  0.000772923
 -6.16277e-09
 -6.16277e-09
 -6.16277e-09
 -6.16277e-09
 -6.16277e-09
 -6.16277e-09
 -6.16277e-09
 -6.16277e-09
 -6.16277e-09
 -6.16277e-09
 -6.16277e-09
      0.00000
