      0.00000
      0.00000
      0.00000
      0.00000
      0.00000
      0.00000
      0.00000
      0.00000
      0.00000
      0.00000
      0.00000
      0.00000
      0.00000
      0.00000
      0.00000
      0.00000
      0.00000
      0.00000
      0.00000
      0.00000
      0.00000
      0.00000
      0.00000
      0.00000
      0.00000
      0.00000
      0.00000
      0.00000
      0.00000
      0.00000
      0.00000
      0.00000
      0.00000
      0.00000
      0.00000
      0.00000
  9.86970e-05
  0.000233641
  0.000612097
   0.00121768
   0.00224928
   0.00310310
   0.00455322
   0.00627337
   0.00891618
    0.0115783
    0.0145257
    0.0187269
    0.0231956
    0.0284551
    0.0317047
    0.0339041
    0.0356750
    0.0380981
    0.0412802
    0.0431273
    0.0444548
    0.0453129
    0.0463654
    0.0466056
    0.0453906
    0.0427448
    0.0388472
    0.0354458
    0.0332626
    0.0324303
    0.0321488
    0.0330118
    0.0331014
    0.0310826
    0.0269262
    0.0217731
    0.0172588
    0.0132101
    0.0100558
   0.00784236
   0.00532458
   0.00426040
   0.00296678
   0.00193298
  0.000643861
  5.67154e-05
  1.56120e-05
 -1.84191e-09
 -1.84191e-09
 -1.84191e-09
 -1.84191e-09
 -1.84191e-09
 -1.84191e-09
 -1.84191e-09
 -1.84191e-09
 -1.84191e-09
 -1.84191e-09
 -1.84191e-09
 -1.84191e-09
 -1.84191e-09
 -1.84191e-09
 -1.84191e-09
 -1.84191e-09
 -1.84191e-09
 -1.84191e-09
 -1.84191e-09
 -1.84191e-09
 -1.84191e-09
 -1.84191e-09
 -1.84191e-09
 -1.84191e-09
 -1.84191e-09
 -1.84191e-09
 -1.84191e-09
 -1.84191e-09
 -1.84191e-09
 -1.84191e-09
 -1.84191e-09
 -1.84191e-09
 -1.84191e-09
 -1.84191e-09
 -1.84191e-09
      0.00000
