      0.00000
      0.00000
      0.00000
      0.00000
      0.00000
      0.00000
      0.00000
      0.00000
      0.00000
   0.00125937
   0.00697204
    0.0185852
    0.0303329
    0.0365538
    0.0347314
    0.0334383
    0.0364166
    0.0407313
    0.0541330
    0.0719155
    0.0974317
     0.123445
     0.138902
     0.121312
    0.0822587
    0.0425735
    0.0205421
   0.00846596
 -2.50181e-09
 -2.50181e-09
 -2.50181e-09
 -2.50181e-09
 -2.50181e-09
 -2.50181e-09
 -2.50181e-09
 -2.50181e-09
 -2.50181e-09
 -2.50181e-09
 -2.50181e-09
      0.00000
