      0.00000
      0.00000
      0.00000
      0.00000
      0.00000
      0.00000
      0.00000
      0.00000
      0.00000
      0.00000
      0.00000
      0.00000
      0.00000
      0.00000
      0.00000
      0.00000
   0.00281747
    0.0139684
    0.0370076
    0.0715430
     0.109843
     0.128223
     0.119184
    0.0986145
    0.0795013
    0.0726405
    0.0613453
    0.0566002
    0.0458351
    0.0367596
    0.0217736
    0.0145694
   0.00996743
   0.00896542
   0.00658724
   0.00283478
   0.00126262
  0.000156617
  3.29965e-09
  3.29965e-09
  3.29965e-09
  3.29965e-09
  3.29965e-09
  3.29965e-09
  3.29965e-09
  3.29965e-09
  3.29965e-09
  3.29965e-09
      0.00000
