      0.00000
      0.00000
      0.00000
      0.00000
      0.00000
      0.00000
      0.00000
      0.00000
      0.00000
      0.00000
      0.00000
      0.00000
      0.00000
      0.00000
      0.00000
      0.00000
      0.00000
      0.00000
      0.00000
      0.00000
      0.00000
      0.00000
      0.00000
      0.00000
      0.00000
      0.00000
      0.00000
      0.00000
      0.00000
      0.00000
      0.00000
      0.00000
      0.00000
      0.00000
      0.00000
      0.00000
      0.00000
      0.00000
      0.00000
      0.00000
      0.00000
      0.00000
  0.000110654
  0.000698222
   0.00145069
   0.00319553
   0.00554394
   0.00987653
    0.0146918
    0.0210823
    0.0273844
    0.0354715
    0.0427897
    0.0491272
    0.0521307
    0.0538499
    0.0551229
    0.0576461
    0.0600979
    0.0598609
    0.0567520
    0.0526678
    0.0489585
    0.0456557
    0.0432072
    0.0415214
    0.0389947
    0.0339303
    0.0276055
    0.0210151
    0.0146486
   0.00973334
   0.00630033
   0.00426507
   0.00265701
   0.00136909
  0.000552406
  3.50153e-05
 -8.85591e-10
 -8.85591e-10
 -8.85591e-10
 -8.85591e-10
 -8.85591e-10
 -8.85591e-10
 -8.85591e-10
 -8.85591e-10
 -8.85591e-10
 -8.85591e-10
 -8.85591e-10
 -8.85591e-10
 -8.85591e-10
 -8.85591e-10
 -8.85591e-10
 -8.85591e-10
 -8.85591e-10
 -8.85591e-10
 -8.85591e-10
 -8.85591e-10
 -8.85591e-10
 -8.85591e-10
 -8.85591e-10
 -8.85591e-10
 -8.85591e-10
 -8.85591e-10
 -8.85591e-10
 -8.85591e-10
 -8.85591e-10
 -8.85591e-10
 -8.85591e-10
 -8.85591e-10
 -8.85591e-10
 -8.85591e-10
 -8.85591e-10
 -8.85591e-10
 -8.85591e-10
 -8.85591e-10
 -8.85591e-10
 -8.85591e-10
      0.00000
