      0.00000
      0.00000
      0.00000
      0.00000
      0.00000
      0.00000
      0.00000
      0.00000
      0.00000
      0.00000
      0.00000
      0.00000
      0.00000
      0.00000
      0.00000
      0.00000
   0.00147942
    0.0121657
    0.0316220
    0.0730930
     0.116028
     0.130923
     0.108784
    0.0745079
    0.0631674
    0.0635004
    0.0680784
    0.0609243
    0.0559675
    0.0398435
    0.0307560
    0.0163469
    0.0113130
   0.00536166
   0.00839260
   0.00982562
    0.0105788
   0.00576914
   0.00157144
 -1.28657e-09
 -1.28657e-09
 -1.28657e-09
 -1.28657e-09
 -1.28657e-09
 -1.28657e-09
 -1.28657e-09
 -1.28657e-09
 -1.28657e-09
      0.00000
