      0.00000
      0.00000
      0.00000
      0.00000
      0.00000
      0.00000
      0.00000
      0.00000
      0.00000
      0.00000
      0.00000
      0.00000
      0.00000
      0.00000
      0.00000
      0.00000
   0.00477228
    0.0177944
    0.0426961
    0.0822572
     0.111668
     0.116637
    0.0897486
    0.0663278
    0.0535782
    0.0557505
    0.0584430
    0.0563416
    0.0547895
    0.0427721
    0.0355575
    0.0205791
    0.0170027
    0.0149827
    0.0155975
    0.0150956
    0.0136391
   0.00983862
   0.00422931
 -9.84444e-05
 -4.79384e-09
 -4.79384e-09
 -4.79384e-09
 -4.79384e-09
 -4.79384e-09
 -4.79384e-09
 -4.79384e-09
 -4.79384e-09
      0.00000
