      0.00000
      0.00000
      0.00000
      0.00000
      0.00000
      0.00000
      0.00000
      0.00000
      0.00000
      0.00000
      0.00000
      0.00000
      0.00000
      0.00000
      0.00000
      0.00000
      0.00000
      0.00000
      0.00000
      0.00000
  0.000565824
   0.00109988
   0.00274999
   0.00524629
   0.00742310
   0.00940484
    0.0103277
    0.0124330
    0.0145530
    0.0187576
    0.0255438
    0.0325693
    0.0387513
    0.0399709
    0.0412467
    0.0408902
    0.0426306
    0.0432989
    0.0447076
    0.0464375
    0.0494430
    0.0502557
    0.0473145
    0.0433072
    0.0406876
    0.0377481
    0.0341442
    0.0309731
    0.0275588
    0.0233312
    0.0202169
    0.0218832
    0.0211306
    0.0173097
    0.0118108
    0.0103340
   0.00949110
   0.00784493
   0.00539315
   0.00458470
   0.00363454
   0.00242732
  0.000567947
 -2.26992e-07
  3.22079e-10
  3.22079e-10
  3.22079e-10
  3.22079e-10
  3.22079e-10
  3.22079e-10
  3.22079e-10
  3.22079e-10
  3.22079e-10
  3.22079e-10
  3.22079e-10
  3.22079e-10
  3.22079e-10
  3.22079e-10
  3.22079e-10
  3.22079e-10
  3.22079e-10
      0.00000
