      0.00000
      0.00000
      0.00000
      0.00000
      0.00000
      0.00000
      0.00000
      0.00000
      0.00000
      0.00000
      0.00000
      0.00000
      0.00000
      0.00000
      0.00000
      0.00000
      0.00000
      0.00000
      0.00000
      0.00000
      0.00000
      0.00000
      0.00000
      0.00000
      0.00000
  0.000348316
  0.000883124
   0.00134659
   0.00217489
   0.00341203
   0.00501931
   0.00601946
   0.00732405
   0.00896288
    0.0117446
    0.0158362
    0.0208583
    0.0255015
    0.0272302
    0.0276272
    0.0283606
    0.0320617
    0.0370801
    0.0427359
    0.0500093
    0.0611802
    0.0743301
    0.0817209
    0.0766590
    0.0628873
    0.0483834
    0.0386160
    0.0332330
    0.0288817
    0.0260466
    0.0219128
    0.0184443
    0.0155484
    0.0137778
    0.0119276
   0.00995716
   0.00767680
   0.00563885
   0.00372258
   0.00258437
   0.00157972
  0.000708984
  4.58979e-05
 -1.60720e-09
 -1.60720e-09
 -1.60720e-09
 -1.60720e-09
 -1.60720e-09
 -1.60720e-09
 -1.60720e-09
 -1.60720e-09
 -1.60720e-09
 -1.60720e-09
 -1.60720e-09
 -1.60720e-09
 -1.60720e-09
 -1.60720e-09
 -1.60720e-09
 -1.60720e-09
 -1.60720e-09
 -1.60720e-09
 -1.60720e-09
 -1.60720e-09
 -1.60720e-09
 -1.60720e-09
 -1.60720e-09
 -1.60720e-09
 -1.60720e-09
      0.00000
