      0.00000
      0.00000
      0.00000
      0.00000
      0.00000
      0.00000
      0.00000
      0.00000
      0.00000
   0.00125937
   0.00973800
    0.0309069
    0.0604472
    0.0872805
     0.106883
     0.152256
     0.240368
     0.391933
     0.559202
     0.716671
     0.821118
     0.846178
     0.769240
     0.562901
     0.351293
     0.175935
    0.0862576
    0.0293654
  0.000767085
 -4.59450e-09
 -4.59450e-09
 -4.59450e-09
 -4.59450e-09
 -4.59450e-09
 -4.59450e-09
 -4.59450e-09
 -4.59450e-09
 -4.59450e-09
 -4.59450e-09
      0.00000
