      0.00000
      0.00000
      0.00000
      0.00000
      0.00000
      0.00000
      0.00000
      0.00000
      0.00000
      0.00000
      0.00000
      0.00000
      0.00000
      0.00000
      0.00000
      0.00000
      0.00000
      0.00000
      0.00000
      0.00000
      0.00000
      0.00000
  5.74025e-05
  0.000168233
  0.000478249
  0.000505194
  0.000852052
   0.00102123
   0.00148161
   0.00169324
   0.00238320
   0.00315592
   0.00423329
   0.00513182
   0.00707433
   0.00977274
    0.0136105
    0.0187388
    0.0260174
    0.0355829
    0.0484617
    0.0656934
    0.0871305
     0.108750
     0.120477
     0.115472
    0.0951319
    0.0692990
    0.0474474
    0.0317301
    0.0218111
    0.0153438
    0.0112666
   0.00847522
   0.00635425
   0.00473344
   0.00337080
   0.00271160
   0.00195815
   0.00146969
  0.000665802
  0.000288511
  2.73043e-10
  2.73043e-10
  2.73043e-10
  2.73043e-10
  2.73043e-10
  2.73043e-10
  2.73043e-10
  2.73043e-10
  2.73043e-10
  2.73043e-10
  2.73043e-10
  2.73043e-10
  2.73043e-10
  2.73043e-10
  2.73043e-10
  2.73043e-10
  2.73043e-10
  2.73043e-10
  2.73043e-10
  2.73043e-10
  2.73043e-10
  2.73043e-10
  2.73043e-10
  2.73043e-10
  2.73043e-10
      0.00000
