      0.00000
      0.00000
      0.00000
      0.00000
      0.00000
      0.00000
      0.00000
      0.00000
      0.00000
      0.00000
      0.00000
      0.00000
      0.00000
   0.00222540
   0.00630992
    0.0157172
    0.0245475
    0.0341373
    0.0435102
    0.0568288
    0.0648316
    0.0607298
    0.0527807
    0.0489212
    0.0547498
    0.0616639
    0.0678812
    0.0696309
    0.0667369
    0.0651730
    0.0606598
    0.0525333
    0.0401790
    0.0267673
    0.0160168
   0.00590002
   0.00156827
 -3.83380e-09
 -3.83380e-09
 -3.83380e-09
 -3.83380e-09
 -3.83380e-09
 -3.83380e-09
 -3.83380e-09
 -3.83380e-09
 -3.83380e-09
 -3.83380e-09
 -3.83380e-09
 -3.83380e-09
 -3.83380e-09
      0.00000
