      0.00000
      0.00000
      0.00000
      0.00000
      0.00000
      0.00000
      0.00000
      0.00000
      0.00000
      0.00000
      0.00000
      0.00000
      0.00000
      0.00000
      0.00000
      0.00000
      0.00000
      0.00000
      0.00000
      0.00000
      0.00000
      0.00000
      0.00000
      0.00000
      0.00000
      0.00000
      0.00000
      0.00000
      0.00000
      0.00000
      0.00000
      0.00000
      0.00000
      0.00000
      0.00000
      0.00000
      0.00000
      0.00000
      0.00000
      0.00000
      0.00000
      0.00000
      0.00000
      0.00000
      0.00000
      0.00000
      0.00000
      0.00000
 -3.48524e-07
  7.92651e-05
  0.000536762
   0.00131769
   0.00217267
   0.00296194
   0.00396111
   0.00534617
   0.00686153
   0.00893103
    0.0112265
    0.0141327
    0.0164977
    0.0186641
    0.0208246
    0.0242219
    0.0295791
    0.0351302
    0.0378157
    0.0370296
    0.0350122
    0.0357462
    0.0385020
    0.0425179
    0.0460307
    0.0478626
    0.0474259
    0.0452206
    0.0415782
    0.0370296
    0.0322061
    0.0276727
    0.0245846
    0.0214842
    0.0198908
    0.0183516
    0.0174845
    0.0165598
    0.0155627
    0.0145808
    0.0139601
    0.0131888
    0.0125280
    0.0109212
   0.00898867
   0.00670142
   0.00516579
   0.00423231
   0.00337593
   0.00233828
   0.00180034
   0.00160588
   0.00166774
   0.00152920
   0.00177839
   0.00222518
   0.00230275
   0.00179943
  0.000891454
  0.000359111
  4.65562e-05
 -6.03724e-10
 -6.03724e-10
 -6.03724e-10
 -6.03724e-10
 -6.03724e-10
 -6.03724e-10
 -6.03724e-10
 -6.03724e-10
 -6.03724e-10
 -6.03724e-10
 -6.03724e-10
 -6.03724e-10
 -6.03724e-10
 -6.03724e-10
 -6.03724e-10
 -6.03724e-10
 -6.03724e-10
 -6.03724e-10
 -6.03724e-10
 -6.03724e-10
 -6.03724e-10
 -6.03724e-10
 -6.03724e-10
 -6.03724e-10
 -6.03724e-10
 -6.03724e-10
 -6.03724e-10
 -6.03724e-10
 -6.03724e-10
 -6.03724e-10
 -6.03724e-10
 -6.03724e-10
 -6.03724e-10
 -6.03724e-10
 -6.03724e-10
 -6.03724e-10
 -6.03724e-10
 -6.03724e-10
 -6.03724e-10
      0.00000
