      0.00000
      0.00000
      0.00000
      0.00000
      0.00000
      0.00000
      0.00000
      0.00000
      0.00000
      0.00000
      0.00000
      0.00000
      0.00000
      0.00000
      0.00000
      0.00000
      0.00000
      0.00000
      0.00000
      0.00000
      0.00000
      0.00000
      0.00000
      0.00000
      0.00000
      0.00000
      0.00000
      0.00000
      0.00000
      0.00000
      0.00000
      0.00000
      0.00000
      0.00000
      0.00000
      0.00000
      0.00000
      0.00000
  4.86822e-07
  0.000241200
  0.000602405
   0.00115833
   0.00174972
   0.00244190
   0.00299273
   0.00321758
   0.00363474
   0.00406393
   0.00453687
   0.00466448
   0.00470645
   0.00503170
   0.00538640
   0.00604768
   0.00642334
   0.00718008
   0.00769932
   0.00867914
   0.00928356
    0.0104871
    0.0117477
    0.0134843
    0.0152122
    0.0172870
    0.0196230
    0.0216055
    0.0232831
    0.0247222
    0.0263673
    0.0276412
    0.0285693
    0.0294464
    0.0303153
    0.0315887
    0.0330592
    0.0343355
    0.0350394
    0.0356378
    0.0374438
    0.0406539
    0.0437004
    0.0447343
    0.0442656
    0.0417305
    0.0385148
    0.0338055
    0.0280901
    0.0222218
    0.0156988
    0.0112506
   0.00765927
   0.00586425
   0.00466186
   0.00424838
   0.00343220
   0.00291597
   0.00255703
   0.00267243
   0.00213940
   0.00138475
  0.000716979
  0.000360103
  8.00406e-05
  3.24061e-06
 -4.61430e-10
 -4.61430e-10
 -4.61430e-10
 -4.61430e-10
 -4.61430e-10
 -4.61430e-10
 -4.61430e-10
 -4.61430e-10
 -4.61430e-10
 -4.61430e-10
 -4.61430e-10
 -4.61430e-10
 -4.61430e-10
 -4.61430e-10
 -4.61430e-10
 -4.61430e-10
 -4.61430e-10
 -4.61430e-10
 -4.61430e-10
 -4.61430e-10
 -4.61430e-10
 -4.61430e-10
 -4.61430e-10
 -4.61430e-10
 -4.61430e-10
 -4.61430e-10
 -4.61430e-10
 -4.61430e-10
 -4.61430e-10
 -4.61430e-10
 -4.61430e-10
 -4.61430e-10
 -4.61430e-10
 -4.61430e-10
 -4.61430e-10
 -4.61430e-10
 -4.61430e-10
 -4.61430e-10
 -4.61430e-10
 -4.61430e-10
 -4.61430e-10
 -4.61430e-10
 -4.61430e-10
 -4.61430e-10
      0.00000
