      0.00000
      0.00000
      0.00000
      0.00000
      0.00000
      0.00000
      0.00000
      0.00000
      0.00000
      0.00000
      0.00000
      0.00000
   0.00155377
   0.00743437
    0.0150832
    0.0163562
    0.0148603
    0.0134555
    0.0190170
    0.0263063
    0.0400260
    0.0556007
    0.0705199
    0.0792983
    0.0856692
    0.0923799
    0.0940509
    0.0931744
    0.0846785
    0.0703567
    0.0512195
    0.0329781
    0.0205399
    0.0107427
   0.00417592
  0.000522987
  1.01127e-09
  1.01127e-09
  1.01127e-09
  1.01127e-09
  1.01127e-09
  1.01127e-09
  1.01127e-09
  1.01127e-09
  1.01127e-09
  1.01127e-09
  1.01127e-09
  1.01127e-09
  1.01127e-09
  1.01127e-09
      0.00000
