      0.00000
      0.00000
      0.00000
      0.00000
      0.00000
      0.00000
      0.00000
      0.00000
      0.00000
      0.00000
      0.00000
      0.00000
      0.00000
      0.00000
   0.00203349
    0.0155344
    0.0445089
    0.0944802
     0.142726
     0.172735
     0.178533
     0.145750
     0.106206
    0.0552859
    0.0293229
   0.00988325
   0.00300040
  7.35106e-09
  7.35106e-09
  7.35106e-09
  7.35106e-09
  7.35106e-09
  7.35106e-09
  7.35106e-09
  7.35106e-09
  7.35106e-09
  7.35106e-09
  7.35106e-09
  7.35106e-09
      0.00000
