      0.00000
      0.00000
      0.00000
      0.00000
      0.00000
      0.00000
      0.00000
      0.00000
      0.00000
      0.00000
      0.00000
      0.00000
      0.00000
      0.00000
      0.00000
      0.00000
      0.00000
      0.00000
      0.00000
      0.00000
  3.48028e-05
   0.00212759
   0.00862726
    0.0193764
    0.0331410
    0.0502306
    0.0718523
    0.0989501
     0.138844
     0.195083
     0.248292
     0.266580
     0.239296
     0.188178
     0.141559
     0.105108
    0.0765483
    0.0525768
    0.0335649
    0.0194198
   0.00824873
   0.00235181
  1.02110e-05
 -2.53435e-09
 -2.53435e-09
 -2.53435e-09
 -2.53435e-09
 -2.53435e-09
 -2.53435e-09
 -2.53435e-09
 -2.53435e-09
 -2.53435e-09
 -2.53435e-09
 -2.53435e-09
 -2.53435e-09
 -2.53435e-09
 -2.53435e-09
 -2.53435e-09
 -2.53435e-09
 -2.53435e-09
 -2.53435e-09
 -2.53435e-09
 -2.53435e-09
      0.00000
