      0.00000
      0.00000
      0.00000
      0.00000
      0.00000
      0.00000
      0.00000
      0.00000
      0.00000
      0.00000
      0.00000
      0.00000
      0.00000
      0.00000
      0.00000
   0.00214573
   0.00478766
   0.00766919
   0.00807269
   0.00912599
   0.00855983
   0.00720120
   0.00518164
    0.0109298
    0.0207402
    0.0344465
    0.0382743
    0.0402706
    0.0389116
    0.0425872
    0.0443756
    0.0467194
    0.0502519
    0.0571423
    0.0620056
    0.0591800
    0.0526724
    0.0448046
    0.0390518
    0.0372354
    0.0364732
    0.0342307
    0.0323804
    0.0289470
    0.0300355
    0.0266095
    0.0200752
    0.0125228
   0.00448728
   0.00185491
  4.04279e-05
 -1.02950e-09
 -1.02950e-09
 -1.02950e-09
 -1.02950e-09
 -1.02950e-09
 -1.02950e-09
 -1.02950e-09
 -1.02950e-09
 -1.02950e-09
 -1.02950e-09
 -1.02950e-09
 -1.02950e-09
 -1.02950e-09
 -1.02950e-09
 -1.02950e-09
 -1.02950e-09
 -1.02950e-09
      0.00000
