      0.00000
      0.00000
      0.00000
      0.00000
      0.00000
      0.00000
      0.00000
      0.00000
      0.00000
      0.00000
      0.00000
      0.00000
   0.00155377
    0.0100838
    0.0244030
    0.0431274
    0.0640435
    0.0944752
     0.140335
     0.193282
     0.236760
     0.249424
     0.247702
     0.242257
     0.253453
     0.272405
     0.293321
     0.308609
     0.305227
     0.290294
     0.249456
     0.194056
     0.135085
    0.0836633
    0.0465339
    0.0167383
   0.00371212
 -6.27747e-09
 -6.27747e-09
 -6.27747e-09
 -6.27747e-09
 -6.27747e-09
 -6.27747e-09
 -6.27747e-09
 -6.27747e-09
 -6.27747e-09
 -6.27747e-09
 -6.27747e-09
 -6.27747e-09
 -6.27747e-09
      0.00000
