      0.00000
      0.00000
      0.00000
      0.00000
      0.00000
      0.00000
      0.00000
      0.00000
      0.00000
      0.00000
      0.00000
      0.00000
      0.00000
      0.00000
      0.00000
      0.00000
      0.00000
      0.00000
      0.00000
  0.000409805
   0.00119922
   0.00296187
   0.00641997
    0.0119346
    0.0180042
    0.0257484
    0.0303057
    0.0360783
    0.0433887
    0.0564458
    0.0718143
    0.0901851
     0.112965
     0.129429
     0.146170
     0.160083
     0.183098
     0.201744
     0.218479
     0.230886
     0.243329
     0.248014
     0.242316
     0.224424
     0.201713
     0.177219
     0.152925
     0.134937
     0.117501
     0.101532
    0.0858255
    0.0700796
    0.0566054
    0.0411940
    0.0322952
    0.0262225
    0.0218881
    0.0181598
    0.0121652
   0.00711326
   0.00325497
   0.00206379
   0.00123657
  0.000236292
 -9.32147e-09
 -9.32147e-09
 -9.32147e-09
 -9.32147e-09
 -9.32147e-09
 -9.32147e-09
 -9.32147e-09
 -9.32147e-09
 -9.32147e-09
 -9.32147e-09
 -9.32147e-09
 -9.32147e-09
 -9.32147e-09
 -9.32147e-09
 -9.32147e-09
 -9.32147e-09
 -9.32147e-09
      0.00000
