      0.00000
      0.00000
      0.00000
      0.00000
      0.00000
      0.00000
      0.00000
      0.00000
      0.00000
      0.00000
      0.00000
      0.00000
      0.00000
      0.00000
      0.00000
      0.00000
      0.00000
      0.00000
      0.00000
      0.00000
      0.00000
      0.00000
      0.00000
      0.00000
      0.00000
      0.00000
      0.00000
      0.00000
  0.000108042
   0.00111454
   0.00357160
   0.00656693
    0.0106509
    0.0146402
    0.0206747
    0.0281145
    0.0401978
    0.0575441
    0.0824853
     0.117700
     0.167953
     0.227250
     0.280130
     0.307275
     0.300544
     0.270330
     0.232164
     0.194655
     0.159155
     0.121904
    0.0888123
    0.0615585
    0.0432731
    0.0321392
    0.0246044
    0.0194277
    0.0148206
    0.0114188
   0.00833361
   0.00750492
   0.00771553
   0.00811587
   0.00742899
   0.00639677
   0.00547677
   0.00444914
   0.00258027
   0.00118409
  3.01471e-05
  2.78797e-09
  2.78797e-09
  2.78797e-09
  2.78797e-09
  2.78797e-09
  2.78797e-09
  2.78797e-09
  2.78797e-09
  2.78797e-09
  2.78797e-09
  2.78797e-09
  2.78797e-09
  2.78797e-09
  2.78797e-09
  2.78797e-09
  2.78797e-09
  2.78797e-09
  2.78797e-09
  2.78797e-09
  2.78797e-09
  2.78797e-09
      0.00000
