      0.00000
      0.00000
      0.00000
      0.00000
      0.00000
      0.00000
      0.00000
      0.00000
      0.00000
      0.00000
      0.00000
      0.00000
      0.00000
      0.00000
      0.00000
      0.00000
  1.69075e-05
  0.000893998
   0.00169531
   0.00315781
   0.00497681
   0.00854994
    0.0138942
    0.0189786
    0.0231155
    0.0263994
    0.0304649
    0.0361118
    0.0429943
    0.0516547
    0.0623528
    0.0718039
    0.0771081
    0.0763152
    0.0725550
    0.0659213
    0.0587654
    0.0492377
    0.0409325
    0.0333412
    0.0282696
    0.0250521
    0.0212824
    0.0184072
    0.0141029
    0.0105574
   0.00659090
   0.00324750
   0.00124644
  6.42514e-06
  2.65647e-10
  2.65647e-10
  2.65647e-10
  2.65647e-10
  2.65647e-10
  2.65647e-10
  2.65647e-10
  2.65647e-10
  2.65647e-10
  2.65647e-10
  2.65647e-10
  2.65647e-10
  2.65647e-10
  2.65647e-10
  2.65647e-10
  2.65647e-10
  2.65647e-10
      0.00000
