      0.00000
      0.00000
      0.00000
      0.00000
      0.00000
      0.00000
      0.00000
      0.00000
      0.00000
      0.00000
      0.00000
      0.00000
      0.00000
      0.00000
      0.00000
      0.00000
      0.00000
      0.00000
      0.00000
      0.00000
      0.00000
      0.00000
      0.00000
      0.00000
      0.00000
      0.00000
      0.00000
      0.00000
      0.00000
      0.00000
      0.00000
      0.00000
      0.00000
      0.00000
      0.00000
      0.00000
      0.00000
      0.00000
      0.00000
  9.44147e-07
  1.02157e-05
  4.57931e-05
  8.16769e-05
  0.000116505
  0.000149575
  0.000228684
  0.000504521
  0.000777423
   0.00103049
   0.00112427
   0.00137629
   0.00172469
   0.00217374
   0.00264669
   0.00316804
   0.00373052
   0.00433977
   0.00530501
   0.00645707
   0.00821528
    0.0107007
    0.0141985
    0.0185930
    0.0227909
    0.0262393
    0.0288057
    0.0311084
    0.0336323
    0.0366394
    0.0407661
    0.0465359
    0.0546571
    0.0616603
    0.0625917
    0.0573772
    0.0498347
    0.0444749
    0.0404034
    0.0369687
    0.0341856
    0.0314701
    0.0281871
    0.0243015
    0.0204112
    0.0171590
    0.0143192
    0.0120707
    0.0100402
   0.00850406
   0.00718027
   0.00603591
   0.00514476
   0.00430001
   0.00364267
   0.00299588
   0.00241949
   0.00199290
   0.00156644
   0.00117471
  0.000801846
  0.000512440
  0.000280167
  0.000104511
  1.38345e-05
  2.00576e-09
  2.00576e-09
  2.00576e-09
  2.00576e-09
  2.00576e-09
  2.00576e-09
  2.00576e-09
  2.00576e-09
  2.00576e-09
  2.00576e-09
  2.00576e-09
  2.00576e-09
  2.00576e-09
  2.00576e-09
  2.00576e-09
  2.00576e-09
  2.00576e-09
  2.00576e-09
  2.00576e-09
  2.00576e-09
  2.00576e-09
  2.00576e-09
  2.00576e-09
  2.00576e-09
  2.00576e-09
  2.00576e-09
  2.00576e-09
  2.00576e-09
  2.00576e-09
  2.00576e-09
  2.00576e-09
  2.00576e-09
  2.00576e-09
  2.00576e-09
  2.00576e-09
  2.00576e-09
  2.00576e-09
  2.00576e-09
  2.00576e-09
  2.00576e-09
  2.00576e-09
  2.00576e-09
  2.00576e-09
      0.00000
