      0.00000
      0.00000
      0.00000
      0.00000
      0.00000
      0.00000
      0.00000
      0.00000
      0.00000
      0.00000
      0.00000
      0.00000
      0.00000
      0.00000
      0.00000
      0.00000
      0.00000
      0.00000
      0.00000
      0.00000
      0.00000
      0.00000
      0.00000
  7.26459e-05
  0.000362606
   0.00127982
   0.00222684
   0.00325115
   0.00456386
   0.00746003
    0.0111615
    0.0159382
    0.0224267
    0.0296740
    0.0365759
    0.0437923
    0.0507418
    0.0594463
    0.0666832
    0.0731687
    0.0772275
    0.0781514
    0.0751179
    0.0686739
    0.0582645
    0.0488080
    0.0393756
    0.0337629
    0.0272505
    0.0213924
    0.0147380
    0.0100723
   0.00678735
   0.00484960
   0.00372488
   0.00207259
  0.000905195
 -1.53937e-09
 -1.53937e-09
 -1.53937e-09
 -1.53937e-09
 -1.53937e-09
 -1.53937e-09
 -1.53937e-09
 -1.53937e-09
 -1.53937e-09
 -1.53937e-09
 -1.53937e-09
 -1.53937e-09
 -1.53937e-09
 -1.53937e-09
 -1.53937e-09
 -1.53937e-09
 -1.53937e-09
 -1.53937e-09
 -1.53937e-09
 -1.53937e-09
 -1.53937e-09
 -1.53937e-09
 -1.53937e-09
 -1.53937e-09
      0.00000
