      0.00000
      0.00000
      0.00000
      0.00000
      0.00000
      0.00000
      0.00000
      0.00000
      0.00000
      0.00000
      0.00000
      0.00000
      0.00000
      0.00000
      0.00000
      0.00000
      0.00000
      0.00000
      0.00000
      0.00000
      0.00000
      0.00000
      0.00000
      0.00000
      0.00000
      0.00000
      0.00000
      0.00000
      0.00000
      0.00000
      0.00000
      0.00000
      0.00000
      0.00000
      0.00000
      0.00000
  3.69814e-08
 -9.17931e-10
  4.56714e-05
  0.000104892
  0.000140128
  0.000102467
  4.27512e-05
  1.14528e-05
  3.74886e-05
  0.000332554
  0.000754939
   0.00101888
   0.00125829
   0.00190673
   0.00320383
   0.00424585
   0.00455538
   0.00437585
   0.00448213
   0.00404337
   0.00408145
   0.00419585
   0.00520036
   0.00583456
   0.00644746
   0.00676533
   0.00731389
   0.00801268
   0.00944425
    0.0109652
    0.0124374
    0.0139250
    0.0165397
    0.0197044
    0.0237112
    0.0271156
    0.0315310
    0.0366490
    0.0424317
    0.0486432
    0.0541946
    0.0585470
    0.0596010
    0.0580674
    0.0539402
    0.0476078
    0.0409931
    0.0343990
    0.0300947
    0.0254655
    0.0219917
    0.0186009
    0.0163983
    0.0147168
    0.0128800
    0.0114913
    0.0102274
   0.00908142
   0.00769145
   0.00636881
   0.00553630
   0.00496662
   0.00464824
   0.00391691
   0.00382935
   0.00329114
   0.00319039
   0.00234111
   0.00177895
   0.00132568
  0.000787418
  0.000357750
  5.97785e-05
  2.61652e-10
  2.61652e-10
  2.61652e-10
  2.61652e-10
  2.61652e-10
  2.61652e-10
  2.61652e-10
  2.61652e-10
  2.61652e-10
  2.61652e-10
  2.61652e-10
  2.61652e-10
  2.61652e-10
  2.61652e-10
  2.61652e-10
  2.61652e-10
  2.61652e-10
  2.61652e-10
  2.61652e-10
  2.61652e-10
  2.61652e-10
  2.61652e-10
  2.61652e-10
  2.61652e-10
  2.61652e-10
  2.61652e-10
  2.61652e-10
  2.61652e-10
  2.61652e-10
  2.61652e-10
  2.61652e-10
  2.61652e-10
  2.61652e-10
  2.61652e-10
  2.61652e-10
  2.61652e-10
  2.61652e-10
  2.61652e-10
  2.61652e-10
  2.61652e-10
  2.61652e-10
  2.61652e-10
  2.61652e-10
  2.61652e-10
  2.61652e-10
      0.00000
