      0.00000
      0.00000
      0.00000
      0.00000
      0.00000
      0.00000
      0.00000
      0.00000
      0.00000
      0.00000
      0.00000
      0.00000
      0.00000
      0.00000
      0.00000
  0.000659121
   0.00735457
    0.0168713
    0.0335837
    0.0553541
    0.0896212
     0.127753
     0.156062
     0.155350
     0.128331
    0.0921301
    0.0589369
    0.0355699
    0.0209581
    0.0123510
   0.00743563
   0.00147489
  0.000202683
 -7.55739e-10
 -7.55739e-10
 -7.55739e-10
 -7.55739e-10
 -7.55739e-10
 -7.55739e-10
 -7.55739e-10
 -7.55739e-10
 -7.55739e-10
 -7.55739e-10
 -7.55739e-10
 -7.55739e-10
 -7.55739e-10
      0.00000
