      0.00000
      0.00000
      0.00000
      0.00000
      0.00000
      0.00000
      0.00000
      0.00000
      0.00000
      0.00000
      0.00000
      0.00000
      0.00000
      0.00000
      0.00000
      0.00000
      0.00000
      0.00000
      0.00000
      0.00000
      0.00000
      0.00000
      0.00000
      0.00000
      0.00000
      0.00000
      0.00000
      0.00000
      0.00000
      0.00000
      0.00000
      0.00000
      0.00000
      0.00000
      0.00000
      0.00000
      0.00000
      0.00000
      0.00000
      0.00000
      0.00000
      0.00000
      0.00000
      0.00000
      0.00000
      0.00000
      0.00000
      0.00000
      0.00000
      0.00000
      0.00000
      0.00000
      0.00000
      0.00000
      0.00000
      0.00000
      0.00000
      0.00000
      0.00000
      0.00000
   0.00394099
    0.0202571
    0.0552032
     0.105766
     0.156120
     0.174212
     0.163374
     0.128839
    0.0937925
    0.0593635
    0.0280982
    0.0101261
  0.000888642
  1.84089e-05
 -1.80864e-09
 -1.80864e-09
 -1.80864e-09
 -1.80864e-09
 -1.80864e-09
 -1.80864e-09
 -1.80864e-09
 -1.80864e-09
 -1.80864e-09
 -1.80864e-09
 -1.80864e-09
 -1.80864e-09
 -1.80864e-09
 -1.80864e-09
 -1.80864e-09
 -1.80864e-09
 -1.80864e-09
 -1.80864e-09
 -1.80864e-09
 -1.80864e-09
 -1.80864e-09
 -1.80864e-09
 -1.80864e-09
 -1.80864e-09
 -1.80864e-09
 -1.80864e-09
 -1.80864e-09
 -1.80864e-09
 -1.80864e-09
 -1.80864e-09
 -1.80864e-09
 -1.80864e-09
 -1.80864e-09
 -1.80864e-09
 -1.80864e-09
 -1.80864e-09
 -1.80864e-09
 -1.80864e-09
 -1.80864e-09
 -1.80864e-09
 -1.80864e-09
 -1.80864e-09
 -1.80864e-09
 -1.80864e-09
 -1.80864e-09
 -1.80864e-09
 -1.80864e-09
 -1.80864e-09
 -1.80864e-09
 -1.80864e-09
 -1.80864e-09
 -1.80864e-09
 -1.80864e-09
 -1.80864e-09
 -1.80864e-09
 -1.80864e-09
 -1.80864e-09
 -1.80864e-09
      0.00000
