      0.00000
      0.00000
      0.00000
      0.00000
      0.00000
      0.00000
      0.00000
      0.00000
      0.00000
      0.00000
      0.00000
      0.00000
      0.00000
  0.000289902
   0.00708517
    0.0265603
    0.0605268
     0.105255
     0.135449
     0.154779
     0.145679
     0.130016
     0.100835
    0.0711920
    0.0413075
    0.0169023
   0.00412276
  5.14296e-09
  5.14296e-09
  5.14296e-09
  5.14296e-09
  5.14296e-09
  5.14296e-09
  5.14296e-09
  5.14296e-09
  5.14296e-09
  5.14296e-09
  5.14296e-09
  5.14296e-09
      0.00000
