      0.00000
      0.00000
      0.00000
      0.00000
      0.00000
      0.00000
      0.00000
      0.00000
      0.00000
      0.00000
      0.00000
      0.00000
      0.00000
      0.00000
      0.00000
      0.00000
      0.00000
      0.00000
      0.00000
      0.00000
      0.00000
      0.00000
      0.00000
      0.00000
      0.00000
      0.00000
      0.00000
      0.00000
      0.00000
      0.00000
      0.00000
      0.00000
      0.00000
      0.00000
      0.00000
      0.00000
      0.00000
      0.00000
  5.71913e-05
  0.000210587
  0.000444127
  0.000852692
   0.00120649
   0.00167183
   0.00192506
   0.00218997
   0.00288319
   0.00369740
   0.00468883
   0.00528901
   0.00607316
   0.00711194
   0.00831858
   0.00981466
    0.0114703
    0.0136661
    0.0166727
    0.0208385
    0.0261956
    0.0333792
    0.0423568
    0.0526630
    0.0630418
    0.0723046
    0.0798660
    0.0855440
    0.0903344
    0.0951781
     0.102532
     0.113837
     0.131244
     0.154695
     0.170946
     0.170034
     0.152614
     0.131247
     0.115261
     0.103402
    0.0956194
    0.0906066
    0.0864554
    0.0814109
    0.0746449
    0.0659478
    0.0570735
    0.0486893
    0.0420103
    0.0366517
    0.0327132
    0.0294907
    0.0261488
    0.0228308
    0.0196790
    0.0168778
    0.0141859
    0.0118397
   0.00985413
   0.00808676
   0.00641742
   0.00505361
   0.00380080
   0.00268230
   0.00185895
   0.00129725
  0.000933960
  0.000630115
  0.000418403
  0.000242038
  7.96698e-05
  1.21957e-05
  2.74128e-09
  2.74128e-09
  2.74128e-09
  2.74128e-09
  2.74128e-09
  2.74128e-09
  2.74128e-09
  2.74128e-09
  2.74128e-09
  2.74128e-09
  2.74128e-09
  2.74128e-09
  2.74128e-09
  2.74128e-09
  2.74128e-09
  2.74128e-09
  2.74128e-09
  2.74128e-09
  2.74128e-09
  2.74128e-09
  2.74128e-09
  2.74128e-09
  2.74128e-09
  2.74128e-09
  2.74128e-09
  2.74128e-09
  2.74128e-09
  2.74128e-09
  2.74128e-09
  2.74128e-09
  2.74128e-09
  2.74128e-09
  2.74128e-09
  2.74128e-09
  2.74128e-09
  2.74128e-09
  2.74128e-09
      0.00000
