      0.00000
      0.00000
      0.00000
      0.00000
      0.00000
      0.00000
      0.00000
      0.00000
      0.00000
      0.00000
      0.00000
      0.00000
      0.00000
      0.00000
      0.00000
      0.00000
   0.00112938
   0.00376248
   0.00750842
    0.0108272
    0.0137081
    0.0155942
    0.0193362
    0.0215759
    0.0233070
    0.0231366
    0.0247689
    0.0269023
    0.0273641
    0.0275075
    0.0267907
    0.0271847
    0.0276488
    0.0287378
    0.0300170
    0.0315363
    0.0339760
    0.0371727
    0.0388264
    0.0389019
    0.0356221
    0.0320372
    0.0312426
    0.0330910
    0.0362756
    0.0349149
    0.0331690
    0.0296286
    0.0273797
    0.0220384
    0.0191346
    0.0169319
    0.0175323
    0.0143369
    0.0122925
    0.0116429
    0.0119458
   0.00885338
   0.00407000
  0.000640148
  6.91147e-09
  6.91147e-09
  6.91147e-09
  6.91147e-09
  6.91147e-09
  6.91147e-09
  6.91147e-09
  6.91147e-09
  6.91147e-09
  6.91147e-09
  6.91147e-09
  6.91147e-09
  6.91147e-09
  6.91147e-09
      0.00000
