      0.00000
      0.00000
      0.00000
      0.00000
      0.00000
      0.00000
      0.00000
      0.00000
      0.00000
      0.00000
      0.00000
      0.00000
      0.00000
      0.00000
      0.00000
      0.00000
      0.00000
      0.00000
      0.00000
      0.00000
      0.00000
      0.00000
      0.00000
      0.00000
      0.00000
      0.00000
  1.39763e-05
   0.00123279
   0.00242358
   0.00312260
   0.00396101
   0.00655576
    0.0100304
    0.0138529
    0.0182809
    0.0250254
    0.0345064
    0.0453947
    0.0617120
    0.0842734
     0.111315
     0.125886
     0.119816
     0.100760
    0.0804954
    0.0624562
    0.0432791
    0.0248827
    0.0128661
   0.00527067
   0.00216468
  0.000368735
  5.43148e-05
  2.87332e-10
  2.87332e-10
  2.87332e-10
  2.87332e-10
  2.87332e-10
  2.87332e-10
  2.87332e-10
  2.87332e-10
  2.87332e-10
  2.87332e-10
  2.87332e-10
  2.87332e-10
  2.87332e-10
  2.87332e-10
  2.87332e-10
  2.87332e-10
  2.87332e-10
  2.87332e-10
  2.87332e-10
  2.87332e-10
  2.87332e-10
  2.87332e-10
  2.87332e-10
  2.87332e-10
  2.87332e-10
  2.87332e-10
  2.87332e-10
  2.87332e-10
      0.00000
