      0.00000
      0.00000
      0.00000
      0.00000
      0.00000
      0.00000
      0.00000
      0.00000
      0.00000
      0.00000
      0.00000
      0.00000
      0.00000
      0.00000
      0.00000
      0.00000
      0.00000
      0.00000
      0.00000
      0.00000
      0.00000
      0.00000
      0.00000
      0.00000
      0.00000
      0.00000
      0.00000
      0.00000
      0.00000
      0.00000
      0.00000
      0.00000
      0.00000
      0.00000
      0.00000
      0.00000
      0.00000
      0.00000
      0.00000
      0.00000
      0.00000
      0.00000
      0.00000
      0.00000
      0.00000
      0.00000
      0.00000
      0.00000
      0.00000
      0.00000
      0.00000
      0.00000
      0.00000
      0.00000
      0.00000
      0.00000
  0.000197360
   0.00830225
    0.0227520
    0.0451799
    0.0688560
    0.0833398
    0.0859143
    0.0777096
    0.0727924
    0.0810796
     0.105492
     0.113908
    0.0986939
    0.0589167
    0.0283291
    0.0113355
   0.00733599
   0.00785994
   0.00847949
   0.00465725
   0.00298311
   0.00152640
   0.00137782
  0.000727124
  0.000285258
  4.46490e-05
  5.51794e-05
  6.25823e-05
  6.38495e-05
  8.66895e-06
  1.26609e-06
 -1.14071e-09
 -1.14071e-09
  0.000213191
  0.000487759
  0.000492600
  0.000345102
  8.99798e-05
  8.51390e-05
  1.94455e-05
 -1.14209e-09
 -1.14209e-09
 -1.14209e-09
 -1.14209e-09
 -1.14209e-09
 -1.14209e-09
 -1.14209e-09
 -1.14209e-09
 -1.14209e-09
 -1.14209e-09
 -1.14209e-09
 -1.14209e-09
 -1.14209e-09
 -1.14209e-09
 -1.14209e-09
 -1.14209e-09
 -1.14209e-09
 -1.14209e-09
 -1.14209e-09
 -1.14209e-09
 -1.14209e-09
 -1.14209e-09
 -1.14209e-09
 -1.14209e-09
 -1.14209e-09
 -1.14209e-09
 -1.14209e-09
 -1.14209e-09
 -1.14209e-09
 -1.14209e-09
 -1.14209e-09
 -1.14209e-09
 -1.14209e-09
 -1.14209e-09
 -1.14209e-09
 -1.14209e-09
      0.00000
