      0.00000
      0.00000
      0.00000
      0.00000
      0.00000
      0.00000
      0.00000
      0.00000
      0.00000
      0.00000
      0.00000
      0.00000
  1.26154e-05
   0.00146328
   0.00433304
   0.00850609
    0.0119756
    0.0142849
    0.0175035
    0.0246000
    0.0372232
    0.0561514
    0.0816729
     0.115599
     0.140377
     0.140288
     0.113991
    0.0789855
    0.0530267
    0.0349054
    0.0239849
    0.0170300
    0.0125386
   0.00781813
   0.00327702
  0.000457569
 -5.29937e-06
  1.88127e-09
  1.88127e-09
  1.88127e-09
  1.88127e-09
  1.88127e-09
  1.88127e-09
  1.88127e-09
  1.88127e-09
  1.88127e-09
  1.88127e-09
  1.88127e-09
  1.88127e-09
      0.00000
