      0.00000
      0.00000
      0.00000
      0.00000
      0.00000
      0.00000
      0.00000
      0.00000
      0.00000
      0.00000
      0.00000
      0.00000
      0.00000
      0.00000
      0.00000
      0.00000
      0.00000
      0.00000
      0.00000
      0.00000
      0.00000
      0.00000
  1.09332e-06
  0.000259072
  0.000970759
   0.00353996
   0.00675000
    0.0122787
    0.0171512
    0.0224075
    0.0262947
    0.0292270
    0.0313381
    0.0330816
    0.0341113
    0.0359490
    0.0369565
    0.0409388
    0.0450565
    0.0488870
    0.0493532
    0.0473632
    0.0453571
    0.0443727
    0.0452100
    0.0446065
    0.0435049
    0.0397252
    0.0362868
    0.0319853
    0.0278674
    0.0237324
    0.0201939
    0.0171899
    0.0152469
    0.0122226
   0.00977723
   0.00738447
   0.00614966
   0.00425470
   0.00224999
  0.000581675
  0.000185574
 -1.67122e-09
 -1.67122e-09
 -1.67122e-09
 -1.67122e-09
 -1.67122e-09
 -1.67122e-09
 -1.67122e-09
 -1.67122e-09
 -1.67122e-09
 -1.67122e-09
 -1.67122e-09
 -1.67122e-09
 -1.67122e-09
 -1.67122e-09
 -1.67122e-09
 -1.67122e-09
 -1.67122e-09
 -1.67122e-09
      0.00000
