      0.00000
      0.00000
      0.00000
      0.00000
      0.00000
      0.00000
      0.00000
      0.00000
      0.00000
      0.00000
      0.00000
      0.00000
      0.00000
      0.00000
      0.00000
      0.00000
      0.00000
      0.00000
      0.00000
      0.00000
      0.00000
      0.00000
      0.00000
  8.34183e-05
  0.000544301
   0.00119293
   0.00255207
   0.00421197
   0.00630880
   0.00823786
    0.0113127
    0.0157343
    0.0224606
    0.0313159
    0.0426590
    0.0534340
    0.0623029
    0.0697664
    0.0762518
    0.0823805
    0.0847887
    0.0796198
    0.0682444
    0.0541145
    0.0436683
    0.0361468
    0.0307576
    0.0257281
    0.0210540
    0.0163024
    0.0125089
   0.00911292
   0.00658569
   0.00503331
   0.00414125
   0.00376379
   0.00327119
   0.00256558
   0.00135915
  0.000483796
 -2.57761e-11
 -2.57761e-11
 -2.57761e-11
 -2.57761e-11
 -2.57761e-11
 -2.57761e-11
 -2.57761e-11
 -2.57761e-11
 -2.57761e-11
 -2.57761e-11
 -2.57761e-11
 -2.57761e-11
 -2.57761e-11
 -2.57761e-11
 -2.57761e-11
 -2.57761e-11
 -2.57761e-11
 -2.57761e-11
 -2.57761e-11
 -2.57761e-11
 -2.57761e-11
      0.00000
