      0.00000
      0.00000
      0.00000
      0.00000
      0.00000
      0.00000
      0.00000
      0.00000
      0.00000
      0.00000
      0.00000
      0.00000
      0.00000
      0.00000
      0.00000
      0.00000
      0.00000
      0.00000
      0.00000
      0.00000
      0.00000
      0.00000
      0.00000
      0.00000
      0.00000
  0.000339584
   0.00155304
   0.00315465
   0.00486756
   0.00606146
   0.00816025
    0.0112579
    0.0159610
    0.0224259
    0.0320928
    0.0444543
    0.0588874
    0.0730899
    0.0869466
    0.0984444
     0.101228
    0.0933419
    0.0781529
    0.0631089
    0.0497389
    0.0371734
    0.0269007
    0.0199038
    0.0157129
    0.0122967
   0.00926888
   0.00646993
   0.00458190
   0.00330307
   0.00272198
   0.00240783
   0.00241787
   0.00202956
   0.00116208
  0.000382599
  3.87642e-09
  3.87642e-09
  3.87642e-09
  3.87642e-09
  3.87642e-09
  3.87642e-09
  3.87642e-09
  3.87642e-09
  3.87642e-09
  3.87642e-09
  3.87642e-09
  3.87642e-09
  3.87642e-09
  3.87642e-09
  3.87642e-09
  3.87642e-09
  3.87642e-09
  3.87642e-09
  3.87642e-09
  3.87642e-09
  3.87642e-09
      0.00000
