      0.00000
      0.00000
      0.00000
      0.00000
      0.00000
      0.00000
      0.00000
      0.00000
      0.00000
      0.00000
      0.00000
      0.00000
      0.00000
      0.00000
      0.00000
      0.00000
      0.00000
      0.00000
      0.00000
      0.00000
      0.00000
      0.00000
      0.00000
      0.00000
      0.00000
      0.00000
      0.00000
      0.00000
      0.00000
      0.00000
      0.00000
      0.00000
      0.00000
  2.19629e-06
  6.25453e-06
  7.24966e-06
  3.25076e-05
  0.000122753
  0.000235178
  0.000269386
  0.000261986
  0.000197448
  0.000150955
  0.000485956
  0.000414104
  0.000470604
  0.000154421
  0.000416602
  0.000589573
   0.00138525
   0.00214786
   0.00261084
   0.00266143
   0.00264747
   0.00281706
   0.00252865
   0.00275030
   0.00303861
   0.00366445
   0.00398567
   0.00451056
   0.00528425
   0.00598570
   0.00670314
   0.00740291
   0.00821768
   0.00977632
    0.0116126
    0.0141670
    0.0175001
    0.0216175
    0.0273634
    0.0335977
    0.0410167
    0.0481246
    0.0566040
    0.0644149
    0.0700645
    0.0708834
    0.0670789
    0.0605119
    0.0527165
    0.0444271
    0.0370871
    0.0306481
    0.0257980
    0.0214180
    0.0179872
    0.0153583
    0.0129128
    0.0107691
   0.00862674
   0.00715062
   0.00550979
   0.00485260
   0.00419380
   0.00376993
   0.00300441
   0.00219388
   0.00164453
   0.00115243
  0.000961006
  0.000672782
  0.000412875
  0.000179452
  5.86056e-05
  1.88787e-06
  2.40871e-09
  2.40871e-09
  2.40871e-09
  2.40871e-09
  2.40871e-09
  2.40871e-09
  2.40871e-09
  2.40871e-09
  2.40871e-09
  2.40871e-09
  2.40871e-09
  2.40871e-09
  2.40871e-09
  2.40871e-09
  2.40871e-09
  2.40871e-09
  2.40871e-09
  2.40871e-09
  2.40871e-09
  2.40871e-09
  2.40871e-09
  2.40871e-09
  2.40871e-09
  2.40871e-09
  2.40871e-09
  2.40871e-09
  2.40871e-09
  2.40871e-09
  2.40871e-09
  2.40871e-09
  2.40871e-09
  2.40871e-09
  2.40871e-09
  2.40871e-09
  2.40871e-09
  2.40871e-09
  2.40871e-09
  2.40871e-09
  2.40871e-09
  2.40871e-09
  2.40871e-09
  2.40871e-09
  2.40871e-09
  2.40871e-09
  2.40871e-09
  2.40871e-09
  2.40871e-09
      0.00000
