      0.00000
      0.00000
      0.00000
      0.00000
      0.00000
      0.00000
      0.00000
      0.00000
      0.00000
      0.00000
      0.00000
      0.00000
      0.00000
      0.00000
      0.00000
      0.00000
   0.00208547
   0.00759960
    0.0150998
    0.0224558
    0.0295411
    0.0356395
    0.0456508
    0.0552562
    0.0657743
    0.0755705
    0.0890216
     0.105493
     0.126024
     0.152523
     0.178307
     0.201845
     0.224619
     0.250872
     0.287247
     0.326725
     0.367799
     0.396654
     0.411432
     0.397526
     0.359227
     0.306680
     0.264571
     0.221982
     0.189480
     0.151721
     0.128510
     0.101578
    0.0851745
    0.0640883
    0.0517783
    0.0409404
    0.0383500
    0.0298140
    0.0243016
    0.0224845
    0.0229353
    0.0167805
   0.00782527
   0.00101717
  7.11052e-09
  7.11052e-09
  7.11052e-09
  7.11052e-09
  7.11052e-09
  7.11052e-09
  7.11052e-09
  7.11052e-09
  7.11052e-09
  7.11052e-09
  7.11052e-09
  7.11052e-09
  7.11052e-09
  7.11052e-09
      0.00000
