      0.00000
      0.00000
      0.00000
      0.00000
      0.00000
      0.00000
      0.00000
      0.00000
      0.00000
      0.00000
      0.00000
      0.00000
      0.00000
      0.00000
      0.00000
      0.00000
      0.00000
      0.00000
      0.00000
      0.00000
      0.00000
      0.00000
      0.00000
      0.00000
      0.00000
      0.00000
      0.00000
      0.00000
      0.00000
      0.00000
      0.00000
      0.00000
      0.00000
      0.00000
      0.00000
      0.00000
      0.00000
      0.00000
  5.71913e-05
  0.000179295
  0.000381056
  0.000669373
  0.000924424
   0.00123033
   0.00137287
   0.00147807
   0.00165540
   0.00193767
   0.00224870
   0.00249384
   0.00274082
   0.00317033
   0.00357233
   0.00410774
   0.00466783
   0.00563940
   0.00708314
   0.00904451
    0.0114629
    0.0144750
    0.0178999
    0.0210962
    0.0235866
    0.0252050
    0.0263682
    0.0271321
    0.0280012
    0.0291712
    0.0311684
    0.0343655
    0.0398023
    0.0472501
    0.0516110
    0.0502786
    0.0442994
    0.0379018
    0.0331707
    0.0296389
    0.0277612
    0.0269028
    0.0262521
    0.0256998
    0.0246969
    0.0227956
    0.0202736
    0.0176559
    0.0155896
    0.0140199
    0.0130453
    0.0122813
    0.0112178
   0.00997841
   0.00878365
   0.00782568
   0.00683165
   0.00584558
   0.00491158
   0.00415736
   0.00348474
   0.00288775
   0.00227730
   0.00175340
   0.00137295
   0.00104702
  0.000786168
  0.000585899
  0.000405952
  0.000242036
  7.96677e-05
  1.21936e-05
  6.27759e-10
  6.27759e-10
  6.27759e-10
  6.27759e-10
  6.27759e-10
  6.27759e-10
  6.27759e-10
  6.27759e-10
  6.27759e-10
  6.27759e-10
  6.27759e-10
  6.27759e-10
  6.27759e-10
  6.27759e-10
  6.27759e-10
  6.27759e-10
  6.27759e-10
  6.27759e-10
  6.27759e-10
  6.27759e-10
  6.27759e-10
  6.27759e-10
  6.27759e-10
  6.27759e-10
  6.27759e-10
  6.27759e-10
  6.27759e-10
  6.27759e-10
  6.27759e-10
  6.27759e-10
  6.27759e-10
  6.27759e-10
  6.27759e-10
  6.27759e-10
  6.27759e-10
  6.27759e-10
  6.27759e-10
      0.00000
