      0.00000
      0.00000
      0.00000
      0.00000
      0.00000
      0.00000
      0.00000
      0.00000
      0.00000
      0.00000
      0.00000
      0.00000
      0.00000
      0.00000
      0.00000
      0.00000
      0.00000
      0.00000
      0.00000
  0.000263166
   0.00236142
   0.00485333
   0.00682691
   0.00915397
    0.0126344
    0.0175109
    0.0212083
    0.0222819
    0.0271719
    0.0334599
    0.0395620
    0.0406318
    0.0405774
    0.0410755
    0.0433321
    0.0459029
    0.0503008
    0.0537516
    0.0547597
    0.0539638
    0.0516553
    0.0500816
    0.0492734
    0.0458057
    0.0413313
    0.0322712
    0.0265739
    0.0205487
    0.0186363
    0.0144672
    0.0104752
   0.00642975
   0.00446237
   0.00343759
   0.00205111
  0.000880507
  3.55288e-05
  3.46550e-10
  3.46550e-10
  3.46550e-10
  3.46550e-10
  3.46550e-10
  3.46550e-10
  3.46550e-10
  3.46550e-10
  3.46550e-10
  3.46550e-10
  3.46550e-10
  3.46550e-10
  3.46550e-10
  3.46550e-10
  3.46550e-10
  3.46550e-10
  3.46550e-10
      0.00000
