      0.00000
      0.00000
      0.00000
      0.00000
      0.00000
      0.00000
      0.00000
      0.00000
      0.00000
      0.00000
      0.00000
      0.00000
      0.00000
      0.00000
      0.00000
      0.00000
      0.00000
      0.00000
      0.00000
      0.00000
      0.00000
      0.00000
  0.000604099
   0.00300191
   0.00557928
   0.00920799
    0.0129491
    0.0193242
    0.0255244
    0.0314009
    0.0361443
    0.0397605
    0.0464527
    0.0480540
    0.0535468
    0.0557196
    0.0641481
    0.0667620
    0.0689770
    0.0662707
    0.0653817
    0.0601144
    0.0563387
    0.0456214
    0.0363026
    0.0261377
    0.0212405
    0.0154921
   0.00981849
   0.00482051
   0.00291695
   0.00151803
  0.000863659
  6.08689e-06
 -2.41135e-09
 -2.41135e-09
 -2.41135e-09
 -2.41135e-09
 -2.41135e-09
 -2.41135e-09
 -2.41135e-09
 -2.41135e-09
 -2.41135e-09
 -2.41135e-09
 -2.41135e-09
 -2.41135e-09
 -2.41135e-09
 -2.41135e-09
 -2.41135e-09
 -2.41135e-09
 -2.41135e-09
 -2.41135e-09
 -2.41135e-09
 -2.41135e-09
      0.00000
