      0.00000
      0.00000
      0.00000
      0.00000
      0.00000
      0.00000
      0.00000
      0.00000
      0.00000
      0.00000
      0.00000
      0.00000
      0.00000
      0.00000
      0.00000
      0.00000
      0.00000
      0.00000
      0.00000
      0.00000
      0.00000
      0.00000
      0.00000
      0.00000
      0.00000
      0.00000
      0.00000
      0.00000
      0.00000
      0.00000
      0.00000
      0.00000
      0.00000
      0.00000
      0.00000
      0.00000
      0.00000
      0.00000
      0.00000
      0.00000
      0.00000
      0.00000
      0.00000
      0.00000
      0.00000
      0.00000
      0.00000
      0.00000
      0.00000
      0.00000
      0.00000
      0.00000
      0.00000
      0.00000
      0.00000
      0.00000
      0.00000
      0.00000
      0.00000
      0.00000
      0.00000
      0.00000
      0.00000
      0.00000
      0.00000
      0.00000
      0.00000
      0.00000
      0.00000
      0.00000
      0.00000
      0.00000
      0.00000
      0.00000
      0.00000
      0.00000
      0.00000
      0.00000
      0.00000
      0.00000
      0.00000
      0.00000
      0.00000
  2.79383e-08
  1.65592e-07
  4.42203e-07
  6.74351e-07
  9.75617e-07
  9.52984e-07
  1.06475e-06
  9.85814e-07
  1.01093e-06
  1.03261e-06
  1.27811e-06
  1.95759e-06
  2.83217e-06
  3.27577e-06
  3.71712e-06
  3.80118e-06
  9.37084e-06
  1.57582e-05
  2.30297e-05
  2.48011e-05
  3.32612e-05
  4.53512e-05
  5.66708e-05
  5.56328e-05
  5.81508e-05
  6.00421e-05
  7.33076e-05
  8.85223e-05
  0.000108791
  0.000127956
  0.000142945
  0.000165681
  0.000190101
  0.000225078
  0.000258543
  0.000299634
  0.000342438
  0.000394099
  0.000461534
  0.000559092
  0.000699824
  0.000840023
   0.00102890
   0.00143435
   0.00226456
   0.00320438
   0.00439840
   0.00660212
    0.0147888
    0.0339112
    0.0852544
     0.188404
     0.236209
     0.209298
     0.110874
    0.0469802
    0.0213865
   0.00858376
   0.00488484
   0.00357541
   0.00261409
   0.00173783
   0.00113518
  0.000887476
  0.000750987
  0.000641983
  0.000526387
  0.000448543
  0.000395192
  0.000344753
  0.000293872
  0.000247630
  0.000220833
  0.000193267
  0.000163646
  0.000137664
  0.000121339
  0.000111618
  9.38041e-05
  7.59037e-05
  6.18909e-05
  6.05968e-05
  5.60830e-05
  5.91897e-05
  5.03150e-05
  4.02044e-05
  2.02332e-05
  1.08535e-05
  4.80719e-06
  3.60213e-06
  3.03405e-06
  3.42424e-06
  3.77488e-06
  3.44809e-06
  2.56098e-06
  2.24169e-06
  1.78857e-06
  1.39490e-06
  8.90823e-07
  4.58898e-07
  1.36277e-07
 -6.10423e-09
 -6.10423e-09
 -6.10423e-09
 -6.10423e-09
 -6.10423e-09
 -6.10423e-09
 -6.10423e-09
 -6.10423e-09
 -6.10423e-09
 -6.10423e-09
 -6.10423e-09
 -6.10423e-09
 -6.10423e-09
 -6.10423e-09
 -6.10423e-09
 -6.10423e-09
 -6.10423e-09
 -6.10423e-09
 -6.10423e-09
 -6.10423e-09
 -6.10423e-09
 -6.10423e-09
 -6.10423e-09
 -6.10423e-09
 -6.10423e-09
 -6.10423e-09
 -6.10423e-09
 -6.10423e-09
 -6.10423e-09
 -6.10423e-09
 -6.10423e-09
 -6.10423e-09
 -6.10423e-09
 -6.10423e-09
 -6.10423e-09
 -6.10423e-09
 -6.10423e-09
 -6.10423e-09
 -6.10423e-09
 -6.10423e-09
 -6.10423e-09
 -6.10423e-09
 -6.10423e-09
 -6.10423e-09
 -6.10423e-09
 -6.10423e-09
 -6.10423e-09
 -6.10423e-09
 -6.10423e-09
 -6.10423e-09
 -6.10423e-09
 -6.10423e-09
 -6.10423e-09
 -6.10423e-09
 -6.10423e-09
 -6.10423e-09
 -6.10423e-09
 -6.10423e-09
 -6.10423e-09
 -6.10423e-09
 -6.10423e-09
 -6.10423e-09
 -6.10423e-09
 -6.10423e-09
 -6.10423e-09
 -6.10423e-09
 -6.10423e-09
 -6.10423e-09
 -6.10423e-09
 -6.10423e-09
 -6.10423e-09
 -6.10423e-09
 -6.10423e-09
 -6.10423e-09
 -6.10423e-09
 -6.10423e-09
 -6.10423e-09
 -6.10423e-09
 -6.10423e-09
 -6.10423e-09
 -6.10423e-09
 -6.10423e-09
 -6.10423e-09
 -6.10423e-09
 -6.10423e-09
 -6.10423e-09
 -6.10423e-09
      0.00000
