      0.00000
      0.00000
      0.00000
      0.00000
      0.00000
      0.00000
      0.00000
      0.00000
      0.00000
      0.00000
      0.00000
      0.00000
      0.00000
      0.00000
      0.00000
      0.00000
      0.00000
      0.00000
      0.00000
      0.00000
      0.00000
      0.00000
      0.00000
      0.00000
      0.00000
      0.00000
      0.00000
      0.00000
      0.00000
      0.00000
      0.00000
      0.00000
      0.00000
      0.00000
      0.00000
      0.00000
      0.00000
      0.00000
      0.00000
      0.00000
      0.00000
      0.00000
      0.00000
      0.00000
      0.00000
      0.00000
      0.00000
      0.00000
      0.00000
      0.00000
      0.00000
      0.00000
      0.00000
      0.00000
      0.00000
  1.07277e-05
  0.000304478
  0.000649587
   0.00260444
   0.00962730
    0.0204834
    0.0441971
    0.0726528
     0.103709
     0.114502
     0.107057
    0.0939186
    0.0765702
    0.0712189
    0.0648284
    0.0670042
    0.0602395
    0.0459644
    0.0265847
    0.0122328
   0.00377968
   0.00186033
 -1.69946e-09
 -1.69946e-09
 -1.69946e-09
 -1.69946e-09
 -1.69946e-09
 -1.69946e-09
 -1.69946e-09
 -1.69946e-09
 -1.69946e-09
 -1.69946e-09
 -1.69946e-09
 -1.69946e-09
 -1.69946e-09
 -1.69946e-09
 -1.69946e-09
 -1.69946e-09
 -1.69946e-09
 -1.69946e-09
 -1.69946e-09
 -1.69946e-09
 -1.69946e-09
 -1.69946e-09
 -1.69946e-09
 -1.69946e-09
 -1.69946e-09
 -1.69946e-09
 -1.69946e-09
 -1.69946e-09
 -1.69946e-09
 -1.69946e-09
 -1.69946e-09
 -1.69946e-09
 -1.69946e-09
 -1.69946e-09
 -1.69946e-09
 -1.69946e-09
 -1.69946e-09
 -1.69946e-09
 -1.69946e-09
 -1.69946e-09
 -1.69946e-09
 -1.69946e-09
 -1.69946e-09
 -1.69946e-09
 -1.69946e-09
 -1.69946e-09
 -1.69946e-09
 -1.69946e-09
 -1.69946e-09
 -1.69946e-09
 -1.69946e-09
 -1.69946e-09
 -1.69946e-09
 -1.69946e-09
 -1.69946e-09
      0.00000
