      0.00000
      0.00000
      0.00000
      0.00000
      0.00000
      0.00000
      0.00000
      0.00000
      0.00000
      0.00000
      0.00000
      0.00000
      0.00000
      0.00000
      0.00000
      0.00000
      0.00000
      0.00000
      0.00000
      0.00000
      0.00000
      0.00000
      0.00000
      0.00000
      0.00000
      0.00000
      0.00000
      0.00000
      0.00000
      0.00000
      0.00000
      0.00000
      0.00000
      0.00000
      0.00000
      0.00000
      0.00000
      0.00000
      0.00000
      0.00000
      0.00000
      0.00000
      0.00000
      0.00000
      0.00000
      0.00000
      0.00000
      0.00000
      0.00000
      0.00000
      0.00000
      0.00000
      0.00000
      0.00000
      0.00000
      0.00000
      0.00000
      0.00000
      0.00000
      0.00000
      0.00000
      0.00000
      0.00000
      0.00000
      0.00000
      0.00000
      0.00000
      0.00000
      0.00000
      0.00000
      0.00000
      0.00000
      0.00000
      0.00000
      0.00000
      0.00000
      0.00000
      0.00000
      0.00000
      0.00000
      0.00000
      0.00000
      0.00000
      0.00000
      0.00000
      0.00000
      0.00000
      0.00000
      0.00000
      0.00000
      0.00000
      0.00000
      0.00000
      0.00000
      0.00000
      0.00000
      0.00000
      0.00000
      0.00000
      0.00000
      0.00000
      0.00000
      0.00000
      0.00000
      0.00000
      0.00000
      0.00000
      0.00000
      0.00000
      0.00000
      0.00000
      0.00000
      0.00000
      0.00000
      0.00000
      0.00000
      0.00000
  1.26498e-05
  3.24814e-05
  6.02200e-05
  9.34283e-05
  0.000120539
  0.000133575
  9.79750e-05
  0.000241067
  0.000342546
  0.000636722
  0.000955373
   0.00163601
   0.00296243
   0.00496022
   0.00831941
    0.0123682
    0.0163228
    0.0186873
    0.0205547
    0.0218088
    0.0240129
    0.0260778
    0.0287708
    0.0314817
    0.0341858
    0.0373036
    0.0411281
    0.0469065
    0.0534255
    0.0603035
    0.0668877
    0.0740443
    0.0815820
    0.0880911
    0.0929805
    0.0955363
    0.0954463
    0.0934735
    0.0900295
    0.0866390
    0.0838529
    0.0814526
    0.0787038
    0.0755130
    0.0719319
    0.0686281
    0.0648949
    0.0609041
    0.0569905
    0.0534899
    0.0498199
    0.0459314
    0.0417071
    0.0383303
    0.0360240
    0.0340617
    0.0325376
    0.0309583
    0.0295224
    0.0276723
    0.0260528
    0.0249577
    0.0247139
    0.0242384
    0.0238644
    0.0229800
    0.0225284
    0.0221196
    0.0219231
    0.0218269
    0.0212378
    0.0207167
    0.0197306
    0.0193524
    0.0189565
    0.0189189
    0.0187023
    0.0185881
    0.0181750
    0.0173309
    0.0157977
    0.0133691
    0.0112785
   0.00961754
   0.00872603
   0.00775694
   0.00720420
   0.00700839
   0.00627767
   0.00552103
   0.00473527
   0.00444007
   0.00452478
   0.00465408
   0.00494893
   0.00466674
   0.00388151
   0.00326103
   0.00275871
   0.00275545
   0.00242086
   0.00210400
   0.00167336
   0.00152968
   0.00144393
   0.00145545
   0.00127833
   0.00117107
   0.00104415
  0.000994895
  0.000748655
  0.000435297
  0.000229046
  0.000189916
  0.000179520
  0.000159973
  0.000168351
  0.000195891
  0.000257248
  0.000247066
  0.000199601
  0.000113891
  5.62161e-05
  1.95584e-05
  6.81594e-06
  1.07357e-07
 -1.44463e-09
 -1.44463e-09
 -1.44463e-09
 -1.44463e-09
 -1.44463e-09
 -1.44463e-09
 -1.44463e-09
 -1.44463e-09
 -1.44463e-09
 -1.44463e-09
 -1.44463e-09
 -1.44463e-09
 -1.44463e-09
 -1.44463e-09
 -1.44463e-09
 -1.44463e-09
 -1.44463e-09
 -1.44463e-09
 -1.44463e-09
 -1.44463e-09
 -1.44463e-09
 -1.44463e-09
 -1.44463e-09
 -1.44463e-09
 -1.44463e-09
 -1.44463e-09
 -1.44463e-09
 -1.44463e-09
 -1.44463e-09
 -1.44463e-09
 -1.44463e-09
 -1.44463e-09
 -1.44463e-09
 -1.44463e-09
 -1.44463e-09
 -1.44463e-09
 -1.44463e-09
 -1.44463e-09
 -1.44463e-09
 -1.44463e-09
 -1.44463e-09
 -1.44463e-09
 -1.44463e-09
 -1.44463e-09
 -1.44463e-09
 -1.44463e-09
 -1.44463e-09
 -1.44463e-09
 -1.44463e-09
 -1.44463e-09
 -1.44463e-09
 -1.44463e-09
 -1.44463e-09
 -1.44463e-09
 -1.44463e-09
 -1.44463e-09
 -1.44463e-09
 -1.44463e-09
 -1.44463e-09
 -1.44463e-09
 -1.44463e-09
 -1.44463e-09
 -1.44463e-09
 -1.44463e-09
 -1.44463e-09
 -1.44463e-09
 -1.44463e-09
 -1.44463e-09
 -1.44463e-09
 -1.44463e-09
 -1.44463e-09
 -1.44463e-09
 -1.44463e-09
 -1.44463e-09
 -1.44463e-09
 -1.44463e-09
 -1.44463e-09
 -1.44463e-09
 -1.44463e-09
 -1.44463e-09
 -1.44463e-09
 -1.44463e-09
 -1.44463e-09
 -1.44463e-09
 -1.44463e-09
 -1.44463e-09
 -1.44463e-09
      0.00000
