      0.00000
      0.00000
      0.00000
      0.00000
      0.00000
      0.00000
      0.00000
      0.00000
      0.00000
      0.00000
      0.00000
      0.00000
      0.00000
      0.00000
      0.00000
      0.00000
      0.00000
      0.00000
      0.00000
      0.00000
  1.95137e-05
  0.000523688
   0.00167488
   0.00387692
   0.00706607
    0.0115127
    0.0187339
    0.0285148
    0.0395467
    0.0518004
    0.0697727
    0.0961596
     0.134797
     0.185838
     0.249388
     0.310668
     0.365393
     0.410266
     0.449290
     0.481439
     0.496020
     0.472370
     0.408636
     0.327707
     0.256684
     0.206508
     0.170094
     0.144900
     0.125111
     0.106082
    0.0898847
    0.0743234
    0.0603793
    0.0468632
    0.0336344
    0.0242468
    0.0181943
    0.0130500
   0.00692290
   0.00191826
  0.000189334
  3.39244e-10
  3.39244e-10
  3.39244e-10
  3.39244e-10
  3.39244e-10
  3.39244e-10
  3.39244e-10
  3.39244e-10
  3.39244e-10
  3.39244e-10
  3.39244e-10
  3.39244e-10
  3.39244e-10
  3.39244e-10
  3.39244e-10
  3.39244e-10
  3.39244e-10
  3.39244e-10
  3.39244e-10
  3.39244e-10
      0.00000
