      0.00000
      0.00000
      0.00000
      0.00000
      0.00000
      0.00000
      0.00000
      0.00000
      0.00000
      0.00000
      0.00000
      0.00000
      0.00000
      0.00000
      0.00000
      0.00000
      0.00000
      0.00000
      0.00000
      0.00000
      0.00000
      0.00000
      0.00000
      0.00000
      0.00000
      0.00000
      0.00000
      0.00000
      0.00000
      0.00000
      0.00000
      0.00000
      0.00000
  2.19629e-06
  6.25453e-06
  7.24966e-06
  3.25446e-05
  0.000122752
  0.000280849
  0.000383736
  0.000410792
  0.000315712
  0.000233659
  0.000552136
  0.000538743
  0.000877048
   0.00101011
   0.00156155
   0.00202214
   0.00351132
   0.00554106
   0.00708139
   0.00757319
   0.00754644
   0.00819372
   0.00759198
   0.00814978
   0.00870906
    0.0104741
    0.0114698
    0.0127316
    0.0146057
    0.0168002
    0.0190026
    0.0218312
    0.0251344
    0.0295743
    0.0349794
    0.0420128
    0.0515190
    0.0636640
    0.0791424
    0.0992056
     0.122727
     0.149399
     0.176494
     0.201968
     0.219918
     0.221764
     0.208566
     0.184935
     0.158316
     0.131834
     0.107552
    0.0886154
    0.0728131
    0.0599511
    0.0494138
    0.0413341
    0.0347945
    0.0283489
    0.0233808
    0.0196272
    0.0164941
    0.0141208
    0.0117270
    0.0100462
   0.00839314
   0.00702662
   0.00563234
   0.00498579
   0.00425215
   0.00386318
   0.00275399
   0.00195841
   0.00138428
  0.000789306
  0.000357753
  5.97814e-05
  3.16808e-09
  3.16808e-09
  3.16808e-09
  3.16808e-09
  3.16808e-09
  3.16808e-09
  3.16808e-09
  3.16808e-09
  3.16808e-09
  3.16808e-09
  3.16808e-09
  3.16808e-09
  3.16808e-09
  3.16808e-09
  3.16808e-09
  3.16808e-09
  3.16808e-09
  3.16808e-09
  3.16808e-09
  3.16808e-09
  3.16808e-09
  3.16808e-09
  3.16808e-09
  3.16808e-09
  3.16808e-09
  3.16808e-09
  3.16808e-09
  3.16808e-09
  3.16808e-09
  3.16808e-09
  3.16808e-09
  3.16808e-09
  3.16808e-09
  3.16808e-09
  3.16808e-09
  3.16808e-09
  3.16808e-09
  3.16808e-09
  3.16808e-09
  3.16808e-09
  3.16808e-09
  3.16808e-09
  3.16808e-09
  3.16808e-09
  3.16808e-09
      0.00000
