      0.00000
      0.00000
      0.00000
      0.00000
      0.00000
      0.00000
      0.00000
      0.00000
      0.00000
      0.00000
      0.00000
      0.00000
      0.00000
      0.00000
      0.00000
      0.00000
      0.00000
      0.00000
      0.00000
      0.00000
      0.00000
      0.00000
      0.00000
      0.00000
      0.00000
  0.000524002
   0.00188823
   0.00379691
   0.00628065
   0.00792895
   0.00909369
    0.0110713
    0.0122798
    0.0133684
    0.0125646
    0.0119886
    0.0112087
    0.0117993
    0.0138058
    0.0150812
    0.0151216
    0.0155421
    0.0176833
    0.0190956
    0.0191320
    0.0174185
    0.0192672
    0.0216216
    0.0244510
    0.0240430
    0.0250807
    0.0282159
    0.0325762
    0.0370677
    0.0397372
    0.0418026
    0.0419657
    0.0422610
    0.0407076
    0.0383409
    0.0351227
    0.0306539
    0.0260634
    0.0222477
    0.0198458
    0.0182722
    0.0155901
    0.0150967
    0.0148085
    0.0140054
    0.0136259
    0.0132911
    0.0136230
    0.0118191
   0.00837797
   0.00606546
   0.00458595
   0.00375533
   0.00315959
   0.00250352
   0.00213286
   0.00120338
  0.000348964
 -1.00797e-05
 -2.16144e-09
 -2.16144e-09
 -2.16144e-09
 -2.16144e-09
 -2.16144e-09
 -2.16144e-09
 -2.16144e-09
 -2.16144e-09
 -2.16144e-09
 -2.16144e-09
 -2.16144e-09
 -2.16144e-09
 -2.16144e-09
 -2.16144e-09
 -2.16144e-09
 -2.16144e-09
 -2.16144e-09
 -2.16144e-09
 -2.16144e-09
 -2.16144e-09
 -2.16144e-09
 -2.16144e-09
 -2.16144e-09
      0.00000
