      0.00000
      0.00000
      0.00000
      0.00000
      0.00000
      0.00000
      0.00000
      0.00000
      0.00000
      0.00000
      0.00000
      0.00000
      0.00000
      0.00000
      0.00000
      0.00000
      0.00000
      0.00000
      0.00000
      0.00000
      0.00000
      0.00000
      0.00000
      0.00000
      0.00000
      0.00000
      0.00000
      0.00000
      0.00000
      0.00000
      0.00000
      0.00000
      0.00000
      0.00000
      0.00000
      0.00000
      0.00000
      0.00000
      0.00000
      0.00000
      0.00000
      0.00000
      0.00000
      0.00000
      0.00000
      0.00000
      0.00000
      0.00000
      0.00000
      0.00000
      0.00000
      0.00000
      0.00000
      0.00000
  2.90148e-06
  9.42046e-05
  0.000193605
  0.000326821
  0.000632896
   0.00136542
   0.00229942
   0.00298163
   0.00364578
   0.00431822
   0.00499612
   0.00621971
   0.00747551
   0.00835788
   0.00821468
   0.00919959
    0.0110737
    0.0150514
    0.0194169
    0.0253591
    0.0316613
    0.0383920
    0.0453659
    0.0528511
    0.0610092
    0.0745061
    0.0948605
     0.134712
     0.197508
     0.263876
     0.317028
     0.333187
     0.308632
     0.243073
     0.169247
     0.112261
    0.0831032
    0.0664787
    0.0561687
    0.0481558
    0.0403259
    0.0340727
    0.0256433
    0.0163026
   0.00840728
   0.00424485
   0.00282163
   0.00211206
   0.00127587
  0.000603211
  0.000349867
  0.000322523
  0.000158746
  5.63976e-05
  4.19592e-09
  4.19592e-09
  4.19592e-09
  4.19592e-09
  4.19592e-09
  4.19592e-09
  4.19592e-09
  4.19592e-09
  4.19592e-09
  4.19592e-09
  4.19592e-09
  4.19592e-09
  4.19592e-09
  4.19592e-09
  4.19592e-09
  4.19592e-09
  4.19592e-09
  4.19592e-09
  4.19592e-09
  4.19592e-09
  4.19592e-09
  4.19592e-09
  4.19592e-09
  4.19592e-09
  4.19592e-09
  4.19592e-09
  4.19592e-09
  4.19592e-09
  4.19592e-09
  4.19592e-09
  4.19592e-09
  4.19592e-09
  4.19592e-09
  4.19592e-09
  4.19592e-09
  4.19592e-09
  4.19592e-09
  4.19592e-09
  4.19592e-09
  4.19592e-09
  4.19592e-09
  4.19592e-09
  4.19592e-09
  4.19592e-09
  4.19592e-09
  4.19592e-09
  4.19592e-09
  4.19592e-09
  4.19592e-09
  4.19592e-09
  4.19592e-09
  4.19592e-09
  4.19592e-09
  4.19592e-09
  4.19592e-09
  4.19592e-09
  4.19592e-09
  4.19592e-09
  4.19592e-09
      0.00000
