      0.00000
      0.00000
      0.00000
      0.00000
      0.00000
      0.00000
      0.00000
      0.00000
      0.00000
      0.00000
      0.00000
      0.00000
      0.00000
      0.00000
      0.00000
   0.00229713
   0.00797606
    0.0191133
    0.0353192
    0.0594288
    0.0910945
     0.126581
     0.150103
     0.151542
     0.126594
    0.0936746
    0.0621273
    0.0393262
    0.0221492
   0.00945641
   0.00321547
  1.19677e-06
 -8.48449e-10
 -8.48449e-10
 -8.48449e-10
 -8.48449e-10
 -8.48449e-10
 -8.48449e-10
 -8.48449e-10
 -8.48449e-10
 -8.48449e-10
 -8.48449e-10
 -8.48449e-10
 -8.48449e-10
 -8.48449e-10
 -8.48449e-10
      0.00000
