      0.00000
      0.00000
      0.00000
      0.00000
      0.00000
      0.00000
      0.00000
      0.00000
      0.00000
      0.00000
      0.00000
   0.00124885
   0.00532876
    0.0117843
    0.0190808
    0.0236603
    0.0262308
    0.0310297
    0.0402564
    0.0480683
    0.0589613
    0.0687341
    0.0860045
    0.0950180
     0.102004
    0.0945436
    0.0853690
    0.0667217
    0.0515350
    0.0351859
    0.0256428
    0.0151667
   0.00743973
  0.000985441
 -3.37202e-09
 -3.37202e-09
 -3.37202e-09
 -3.37202e-09
 -3.37202e-09
 -3.37202e-09
 -3.37202e-09
 -3.37202e-09
 -3.37202e-09
 -3.37202e-09
 -3.37202e-09
      0.00000
