      0.00000
      0.00000
      0.00000
      0.00000
      0.00000
      0.00000
      0.00000
      0.00000
      0.00000
      0.00000
      0.00000
      0.00000
      0.00000
      0.00000
      0.00000
   0.00121240
   0.00476969
    0.0144625
    0.0241950
    0.0446657
    0.0652760
    0.0977563
     0.129540
     0.154764
     0.147942
     0.120829
    0.0860234
    0.0583733
    0.0334906
    0.0128079
   0.00385437
  3.85065e-05
 -2.18810e-09
 -2.18810e-09
 -2.18810e-09
 -2.18810e-09
 -2.18810e-09
 -2.18810e-09
 -2.18810e-09
 -2.18810e-09
 -2.18810e-09
 -2.18810e-09
 -2.18810e-09
 -2.18810e-09
 -2.18810e-09
      0.00000
