      0.00000
      0.00000
      0.00000
      0.00000
      0.00000
      0.00000
      0.00000
      0.00000
      0.00000
      0.00000
      0.00000
      0.00000
      0.00000
      0.00000
      0.00000
      0.00000
      0.00000
      0.00000
      0.00000
      0.00000
      0.00000
      0.00000
      0.00000
      0.00000
      0.00000
      0.00000
      0.00000
      0.00000
      0.00000
  0.000212513
  0.000935365
   0.00185604
   0.00299633
   0.00419555
   0.00588630
   0.00819594
    0.0120678
    0.0177990
    0.0264292
    0.0392941
    0.0576811
    0.0793827
    0.0989582
     0.109042
     0.104223
    0.0894233
    0.0740737
    0.0633704
    0.0540814
    0.0415819
    0.0294097
    0.0198202
    0.0137372
   0.00969906
   0.00717623
   0.00600879
   0.00500045
   0.00366498
   0.00245847
   0.00195271
   0.00205111
   0.00184691
   0.00155175
   0.00119490
   0.00118857
  0.000909434
  0.000470225
  0.000173776
  1.31973e-09
  1.31973e-09
  1.31973e-09
  1.31973e-09
  1.31973e-09
  1.31973e-09
  1.31973e-09
  1.31973e-09
  1.31973e-09
  1.31973e-09
  1.31973e-09
  1.31973e-09
  1.31973e-09
  1.31973e-09
  1.31973e-09
  1.31973e-09
  1.31973e-09
  1.31973e-09
  1.31973e-09
  1.31973e-09
  1.31973e-09
  1.31973e-09
      0.00000
