      0.00000
      0.00000
      0.00000
      0.00000
      0.00000
      0.00000
      0.00000
      0.00000
      0.00000
      0.00000
      0.00000
      0.00000
      0.00000
      0.00000
      0.00000
      0.00000
      0.00000
      0.00000
      0.00000
      0.00000
      0.00000
      0.00000
      0.00000
      0.00000
  0.000119698
  0.000388980
   0.00175555
   0.00382293
   0.00582114
   0.00763055
    0.0100857
    0.0141144
    0.0197522
    0.0277440
    0.0392063
    0.0512333
    0.0623890
    0.0716518
    0.0800497
    0.0879064
    0.0901110
    0.0839070
    0.0706069
    0.0565759
    0.0461836
    0.0379823
    0.0306814
    0.0240003
    0.0184556
    0.0142822
    0.0107662
   0.00783496
   0.00558150
   0.00438766
   0.00370172
   0.00352175
   0.00338244
   0.00268408
   0.00139698
  0.000284784
 -5.43330e-09
 -5.43330e-09
 -5.43330e-09
 -5.43330e-09
 -5.43330e-09
 -5.43330e-09
 -5.43330e-09
 -5.43330e-09
 -5.43330e-09
 -5.43330e-09
 -5.43330e-09
 -5.43330e-09
 -5.43330e-09
 -5.43330e-09
 -5.43330e-09
 -5.43330e-09
 -5.43330e-09
 -5.43330e-09
 -5.43330e-09
 -5.43330e-09
 -5.43330e-09
      0.00000
