      0.00000
      0.00000
      0.00000
      0.00000
      0.00000
      0.00000
      0.00000
      0.00000
      0.00000
      0.00000
      0.00000
      0.00000
      0.00000
  0.000215261
   0.00344608
   0.00912701
    0.0206939
    0.0324959
    0.0459660
    0.0626987
    0.0825468
     0.101040
     0.112002
     0.113308
     0.104061
    0.0859764
    0.0683177
    0.0515007
    0.0390944
    0.0270048
    0.0188751
    0.0118741
   0.00621346
   0.00276304
  0.000778515
 -8.89060e-10
 -8.89060e-10
 -8.89060e-10
 -8.89060e-10
 -8.89060e-10
 -8.89060e-10
 -8.89060e-10
 -8.89060e-10
 -8.89060e-10
 -8.89060e-10
 -8.89060e-10
      0.00000
