      0.00000
      0.00000
      0.00000
      0.00000
      0.00000
      0.00000
      0.00000
      0.00000
      0.00000
      0.00000
      0.00000
      0.00000
  0.000128801
   0.00166002
   0.00477027
   0.00867475
    0.0121509
    0.0145934
    0.0176155
    0.0239197
    0.0358711
    0.0552082
    0.0817758
     0.116459
     0.141541
     0.141271
     0.114470
    0.0791397
    0.0525107
    0.0344273
    0.0235684
    0.0171997
    0.0120743
   0.00745718
   0.00284574
  0.000668321
 -1.00718e-08
 -1.00718e-08
 -1.00718e-08
 -1.00718e-08
 -1.00718e-08
 -1.00718e-08
 -1.00718e-08
 -1.00718e-08
 -1.00718e-08
 -1.00718e-08
 -1.00718e-08
 -1.00718e-08
 -1.00718e-08
      0.00000
