      0.00000
      0.00000
      0.00000
      0.00000
      0.00000
      0.00000
      0.00000
      0.00000
      0.00000
      0.00000
      0.00000
      0.00000
      0.00000
      0.00000
      0.00000
      0.00000
      0.00000
      0.00000
      0.00000
      0.00000
      0.00000
      0.00000
      0.00000
      0.00000
      0.00000
      0.00000
      0.00000
      0.00000
  0.000108042
  0.000886664
   0.00171876
   0.00267991
   0.00344303
   0.00408692
   0.00560101
   0.00744356
    0.0106348
    0.0151847
    0.0215206
    0.0313710
    0.0471387
    0.0676599
    0.0892721
     0.105788
     0.114721
     0.113214
     0.101322
    0.0800800
    0.0568920
    0.0377219
    0.0249985
    0.0173268
    0.0116411
   0.00861766
   0.00638520
   0.00489897
   0.00317206
   0.00190263
  0.000921555
  0.000585067
  0.000462414
  0.000321068
  0.000205246
  6.72170e-05
  7.19507e-06
  2.52709e-10
  2.52709e-10
  2.52709e-10
  2.52709e-10
  2.52709e-10
  2.52709e-10
  2.52709e-10
  2.52709e-10
  2.52709e-10
  2.52709e-10
  2.52709e-10
  2.52709e-10
  2.52709e-10
  2.52709e-10
  2.52709e-10
  2.52709e-10
  2.52709e-10
  2.52709e-10
  2.52709e-10
  2.52709e-10
  2.52709e-10
  2.52709e-10
  2.52709e-10
  2.52709e-10
  2.52709e-10
      0.00000
