      0.00000
      0.00000
      0.00000
      0.00000
      0.00000
      0.00000
      0.00000
      0.00000
      0.00000
      0.00000
      0.00000
      0.00000
      0.00000
      0.00000
      0.00000
      0.00000
      0.00000
      0.00000
      0.00000
      0.00000
      0.00000
      0.00000
      0.00000
      0.00000
      0.00000
      0.00000
      0.00000
      0.00000
      0.00000
      0.00000
      0.00000
      0.00000
      0.00000
      0.00000
      0.00000
      0.00000
      0.00000
      0.00000
      0.00000
      0.00000
      0.00000
      0.00000
      0.00000
      0.00000
      0.00000
      0.00000
      0.00000
      0.00000
      0.00000
      0.00000
      0.00000
      0.00000
      0.00000
      0.00000
      0.00000
      0.00000
      0.00000
      0.00000
      0.00000
      0.00000
      0.00000
      0.00000
      0.00000
      0.00000
      0.00000
      0.00000
      0.00000
      0.00000
  1.04316e-06
  3.56814e-05
  0.000134110
  0.000429581
   0.00111578
   0.00180537
   0.00274487
   0.00346119
   0.00459767
   0.00575867
   0.00757657
   0.00991338
    0.0127181
    0.0152389
    0.0172139
    0.0187454
    0.0202423
    0.0220955
    0.0238268
    0.0258582
    0.0279378
    0.0303638
    0.0328863
    0.0357636
    0.0393873
    0.0440923
    0.0495201
    0.0532431
    0.0533386
    0.0504308
    0.0465999
    0.0434774
    0.0404404
    0.0374719
    0.0343643
    0.0310419
    0.0274875
    0.0237200
    0.0200470
    0.0168292
    0.0141852
    0.0120139
    0.0100851
   0.00813261
   0.00639062
   0.00494734
   0.00375752
   0.00283533
   0.00194826
   0.00138906
  0.000947678
  0.000736539
  0.000461450
  0.000204313
  9.02491e-06
 -2.18998e-10
 -2.18998e-10
 -2.18998e-10
 -2.18998e-10
 -2.18998e-10
 -2.18998e-10
 -2.18998e-10
 -2.18998e-10
 -2.18998e-10
 -2.18998e-10
 -2.18998e-10
 -2.18998e-10
 -2.18998e-10
 -2.18998e-10
 -2.18998e-10
 -2.18998e-10
 -2.18998e-10
 -2.18998e-10
 -2.18998e-10
 -2.18998e-10
 -2.18998e-10
 -2.18998e-10
 -2.18998e-10
 -2.18998e-10
 -2.18998e-10
 -2.18998e-10
 -2.18998e-10
 -2.18998e-10
 -2.18998e-10
 -2.18998e-10
 -2.18998e-10
 -2.18998e-10
 -2.18998e-10
 -2.18998e-10
 -2.18998e-10
 -2.18998e-10
 -2.18998e-10
 -2.18998e-10
 -2.18998e-10
 -2.18998e-10
 -2.18998e-10
 -2.18998e-10
 -2.18998e-10
 -2.18998e-10
 -2.18998e-10
 -2.18998e-10
 -2.18998e-10
 -2.18998e-10
 -2.18998e-10
 -2.18998e-10
 -2.18998e-10
 -2.18998e-10
 -2.18998e-10
 -2.18998e-10
 -2.18998e-10
 -2.18998e-10
 -2.18998e-10
 -2.18998e-10
 -2.18998e-10
 -2.18998e-10
 -2.18998e-10
 -2.18998e-10
 -2.18998e-10
 -2.18998e-10
 -2.18998e-10
 -2.18998e-10
      0.00000
