      0.00000
      0.00000
      0.00000
      0.00000
      0.00000
      0.00000
      0.00000
      0.00000
      0.00000
      0.00000
      0.00000
      0.00000
      0.00000
      0.00000
      0.00000
      0.00000
  1.69075e-05
  0.000893998
   0.00169712
   0.00419459
   0.00885191
    0.0172479
    0.0289334
    0.0413711
    0.0539867
    0.0693922
    0.0887749
     0.112809
     0.140194
     0.169582
     0.201019
     0.226086
     0.239859
     0.239119
     0.227922
     0.209692
     0.185316
     0.157134
     0.129237
     0.104628
    0.0847264
    0.0704461
    0.0573709
    0.0464605
    0.0348351
    0.0246066
    0.0149265
   0.00645714
   0.00219986
  1.33528e-05
  3.71666e-10
  3.71666e-10
  3.71666e-10
  3.71666e-10
  3.71666e-10
  3.71666e-10
  3.71666e-10
  3.71666e-10
  3.71666e-10
  3.71666e-10
  3.71666e-10
  3.71666e-10
  3.71666e-10
  3.71666e-10
  3.71666e-10
  3.71666e-10
  3.71666e-10
      0.00000
