      0.00000
      0.00000
      0.00000
      0.00000
      0.00000
      0.00000
      0.00000
      0.00000
      0.00000
      0.00000
      0.00000
      0.00000
      0.00000
      0.00000
      0.00000
      0.00000
      0.00000
      0.00000
      0.00000
      0.00000
      0.00000
      0.00000
      0.00000
      0.00000
      0.00000
      0.00000
      0.00000
      0.00000
      0.00000
      0.00000
      0.00000
      0.00000
      0.00000
      0.00000
      0.00000
      0.00000
      0.00000
      0.00000
      0.00000
      0.00000
      0.00000
      0.00000
      0.00000
      0.00000
      0.00000
      0.00000
      0.00000
      0.00000
      0.00000
      0.00000
      0.00000
      0.00000
      0.00000
      0.00000
      0.00000
      0.00000
      0.00000
      0.00000
      0.00000
      0.00000
      0.00000
      0.00000
      0.00000
      0.00000
      0.00000
      0.00000
      0.00000
      0.00000
      0.00000
      0.00000
      0.00000
      0.00000
      0.00000
      0.00000
      0.00000
      0.00000
      0.00000
      0.00000
      0.00000
      0.00000
      0.00000
  1.02335e-07
  3.87143e-07
  8.29875e-07
  1.16829e-06
  1.52976e-06
  1.76370e-06
  2.68626e-06
  3.93129e-06
  5.50836e-06
  6.35738e-06
  7.28617e-06
  6.80106e-06
  7.33036e-06
  7.78939e-06
  1.05597e-05
  1.22734e-05
  1.49622e-05
  2.32808e-05
  4.78191e-05
  7.31302e-05
  9.51297e-05
  0.000110919
  0.000134375
  0.000158647
  0.000177993
  0.000185704
  0.000192785
  0.000212753
  0.000247186
  0.000291832
  0.000344601
  0.000406573
  0.000482070
  0.000547256
  0.000608061
  0.000690538
  0.000785001
  0.000912038
   0.00103976
   0.00119648
   0.00140890
   0.00174152
   0.00217139
   0.00260698
   0.00314115
   0.00440034
   0.00674129
   0.00963669
    0.0132652
    0.0206390
    0.0463624
     0.106959
     0.283199
     0.582499
     0.705737
     0.601455
     0.312812
     0.137440
    0.0614231
    0.0254775
    0.0150185
    0.0109784
   0.00792520
   0.00523423
   0.00351364
   0.00276037
   0.00232703
   0.00195897
   0.00160633
   0.00136332
   0.00119199
   0.00104863
  0.000896123
  0.000771587
  0.000682143
  0.000599795
  0.000509185
  0.000427322
  0.000367938
  0.000335866
  0.000293162
  0.000250260
  0.000199531
  0.000192485
  0.000183305
  0.000184395
  0.000160499
  0.000144986
  0.000124445
  0.000108241
  9.28603e-05
  7.75088e-05
  6.80388e-05
  5.38521e-05
  4.36770e-05
  3.11421e-05
  2.56795e-05
  2.67373e-05
  2.41955e-05
  1.49206e-05
  6.55245e-06
  2.09582e-06
  1.69237e-06
  9.89395e-07
  4.53134e-07
  1.36349e-07
  4.73538e-08
  1.33423e-08
  1.13243e-14
  1.13243e-14
  1.13243e-14
  1.13243e-14
  1.13243e-14
  1.13243e-14
  1.13243e-14
  1.13243e-14
  1.13243e-14
  1.13243e-14
  1.13243e-14
  1.13243e-14
  1.13243e-14
  1.13243e-14
  1.13243e-14
  1.13243e-14
  1.13243e-14
  1.13243e-14
  1.13243e-14
  1.13243e-14
  1.13243e-14
  1.13243e-14
  1.13243e-14
  1.13243e-14
  1.13243e-14
  1.13243e-14
  1.13243e-14
  1.13243e-14
  1.13243e-14
  1.13243e-14
  1.13243e-14
  1.13243e-14
  1.13243e-14
  1.13243e-14
  1.13243e-14
  1.13243e-14
  1.13243e-14
  1.13243e-14
  1.13243e-14
  1.13243e-14
  1.13243e-14
  1.13243e-14
  1.13243e-14
  1.13243e-14
  1.13243e-14
  1.13243e-14
  1.13243e-14
  1.13243e-14
  1.13243e-14
  1.13243e-14
  1.13243e-14
  1.13243e-14
  1.13243e-14
  1.13243e-14
  1.13243e-14
  1.13243e-14
  1.13243e-14
  1.13243e-14
  1.13243e-14
  1.13243e-14
  1.13243e-14
  1.13243e-14
  1.13243e-14
  1.13243e-14
  1.13243e-14
  1.13243e-14
  1.13243e-14
  1.13243e-14
  1.13243e-14
  1.13243e-14
  1.13243e-14
  1.13243e-14
  1.13243e-14
  1.13243e-14
  1.13243e-14
  1.13243e-14
  1.13243e-14
  1.13243e-14
  1.13243e-14
  1.13243e-14
  1.13243e-14
  1.13243e-14
      0.00000
