      0.00000
      0.00000
      0.00000
      0.00000
      0.00000
      0.00000
      0.00000
      0.00000
      0.00000
      0.00000
      0.00000
      0.00000
      0.00000
      0.00000
      0.00000
      0.00000
      0.00000
      0.00000
      0.00000
      0.00000
  0.000968905
   0.00243599
   0.00487366
   0.00797482
    0.0126354
    0.0205635
    0.0296900
    0.0398616
    0.0500831
    0.0611987
    0.0717135
    0.0794702
    0.0828752
    0.0829338
    0.0790306
    0.0736548
    0.0653071
    0.0563888
    0.0462610
    0.0370471
    0.0287598
    0.0220472
    0.0160458
    0.0117622
   0.00820347
   0.00535309
   0.00240151
  0.000459240
 -2.55582e-09
 -2.55582e-09
 -2.55582e-09
 -2.55582e-09
 -2.55582e-09
 -2.55582e-09
 -2.55582e-09
 -2.55582e-09
 -2.55582e-09
 -2.55582e-09
 -2.55582e-09
 -2.55582e-09
 -2.55582e-09
 -2.55582e-09
 -2.55582e-09
 -2.55582e-09
 -2.55582e-09
 -2.55582e-09
 -2.55582e-09
      0.00000
