      0.00000
      0.00000
      0.00000
      0.00000
      0.00000
      0.00000
      0.00000
      0.00000
      0.00000
      0.00000
      0.00000
      0.00000
      0.00000
      0.00000
      0.00000
      0.00000
      0.00000
      0.00000
      0.00000
      0.00000
      0.00000
      0.00000
      0.00000
      0.00000
      0.00000
      0.00000
      0.00000
      0.00000
      0.00000
      0.00000
      0.00000
      0.00000
      0.00000
      0.00000
      0.00000
      0.00000
      0.00000
      0.00000
      0.00000
  9.45858e-06
  8.67793e-06
  1.57977e-05
  3.99521e-05
  5.47269e-05
  8.71508e-05
  7.38896e-05
  0.000100751
  0.000126067
  0.000174281
  0.000219337
  0.000189370
  0.000224700
  0.000356373
  0.000523126
  0.000894532
   0.00101996
   0.00131803
   0.00147460
   0.00160932
   0.00164956
   0.00177359
   0.00255613
   0.00350061
   0.00428680
   0.00498405
   0.00595158
   0.00736059
   0.00944183
    0.0113061
    0.0143145
    0.0183352
    0.0246634
    0.0340769
    0.0450617
    0.0588424
    0.0712464
    0.0833588
    0.0913070
    0.0912793
    0.0834202
    0.0704830
    0.0579918
    0.0464136
    0.0360658
    0.0278725
    0.0215496
    0.0165414
    0.0128258
   0.00957741
   0.00716496
   0.00469992
   0.00326280
   0.00224911
   0.00190285
   0.00157678
   0.00116435
  0.000739930
  0.000422110
  0.000184505
  7.08941e-05
  4.01347e-06
  4.97715e-10
  4.97715e-10
  4.97715e-10
  4.97715e-10
  4.97715e-10
  4.97715e-10
  4.97715e-10
  4.97715e-10
  4.97715e-10
  4.97715e-10
  4.97715e-10
  4.97715e-10
  4.97715e-10
  4.97715e-10
  4.97715e-10
  4.97715e-10
  4.97715e-10
  4.97715e-10
  4.97715e-10
  4.97715e-10
  4.97715e-10
  4.97715e-10
  4.97715e-10
  4.97715e-10
  4.97715e-10
  4.97715e-10
  4.97715e-10
  4.97715e-10
  4.97715e-10
  4.97715e-10
  4.97715e-10
  4.97715e-10
  4.97715e-10
  4.97715e-10
  4.97715e-10
  4.97715e-10
  4.97715e-10
  4.97715e-10
  4.97715e-10
  4.97715e-10
  4.97715e-10
  4.97715e-10
  4.97715e-10
  4.97715e-10
  4.97715e-10
  4.97715e-10
  4.97715e-10
  4.97715e-10
  4.97715e-10
  4.97715e-10
  4.97715e-10
  4.97715e-10
  4.97715e-10
      0.00000
