      0.00000
      0.00000
      0.00000
      0.00000
      0.00000
      0.00000
      0.00000
      0.00000
      0.00000
      0.00000
      0.00000
      0.00000
      0.00000
      0.00000
      0.00000
      0.00000
      0.00000
      0.00000
      0.00000
  0.000148537
  0.000464115
   0.00101173
   0.00215680
   0.00441782
   0.00716056
    0.0101511
    0.0109647
    0.0117995
    0.0133745
    0.0164010
    0.0203543
    0.0247259
    0.0306322
    0.0335504
    0.0362872
    0.0374536
    0.0424994
    0.0454051
    0.0483483
    0.0503245
    0.0531091
    0.0550636
    0.0534734
    0.0498693
    0.0457838
    0.0419624
    0.0379092
    0.0339831
    0.0308613
    0.0276487
    0.0247706
    0.0206772
    0.0172200
    0.0132493
    0.0106441
   0.00919882
   0.00785888
   0.00723108
   0.00503359
   0.00316824
   0.00158087
   0.00109541
  0.000774180
  0.000202650
 -3.58070e-09
 -3.58070e-09
 -3.58070e-09
 -3.58070e-09
 -3.58070e-09
 -3.58070e-09
 -3.58070e-09
 -3.58070e-09
 -3.58070e-09
 -3.58070e-09
 -3.58070e-09
 -3.58070e-09
 -3.58070e-09
 -3.58070e-09
 -3.58070e-09
 -3.58070e-09
 -3.58070e-09
      0.00000
