      0.00000
      0.00000
      0.00000
      0.00000
      0.00000
      0.00000
      0.00000
      0.00000
      0.00000
      0.00000
      0.00000
      0.00000
   0.00137057
   0.00716722
    0.0174080
    0.0310013
    0.0430320
    0.0551717
    0.0734394
     0.105404
     0.157312
     0.232859
     0.335876
     0.461911
     0.554069
     0.551967
     0.451953
     0.317946
     0.210951
     0.139485
    0.0935299
    0.0663268
    0.0456217
    0.0285118
    0.0126095
   0.00447162
  0.000606177
 -8.83352e-09
 -8.83352e-09
 -8.83352e-09
 -8.83352e-09
 -8.83352e-09
 -8.83352e-09
 -8.83352e-09
 -8.83352e-09
 -8.83352e-09
 -8.83352e-09
 -8.83352e-09
 -8.83352e-09
      0.00000
