      0.00000
      0.00000
      0.00000
      0.00000
      0.00000
      0.00000
      0.00000
      0.00000
      0.00000
      0.00000
      0.00000
      0.00000
      0.00000
      0.00000
      0.00000
      0.00000
      0.00000
      0.00000
      0.00000
      0.00000
      0.00000
      0.00000
      0.00000
      0.00000
      0.00000
      0.00000
      0.00000
      0.00000
      0.00000
      0.00000
      0.00000
      0.00000
      0.00000
      0.00000
      0.00000
      0.00000
      0.00000
      0.00000
      0.00000
      0.00000
      0.00000
      0.00000
      0.00000
      0.00000
      0.00000
      0.00000
      0.00000
  1.97787e-05
  0.000244580
  0.000249068
  0.000229289
  2.50565e-05
  3.30236e-05
  0.000362230
  0.000991617
   0.00145003
   0.00179270
   0.00420484
    0.0114657
    0.0182001
    0.0329720
    0.0520643
    0.0788487
    0.0943818
    0.0903748
    0.0725856
    0.0605406
    0.0568228
    0.0577725
    0.0542932
    0.0561970
    0.0613041
    0.0604546
    0.0529152
    0.0362711
    0.0226068
    0.0117615
   0.00594726
   0.00261812
  4.76311e-09
  4.76311e-09
  4.76311e-09
  4.76311e-09
  4.76311e-09
  4.76311e-09
  4.76311e-09
  4.76311e-09
  4.76311e-09
  4.76311e-09
  4.76311e-09
  4.76311e-09
  4.76311e-09
  4.76311e-09
  4.76311e-09
  4.76311e-09
  4.76311e-09
  4.76311e-09
  4.76311e-09
  4.76311e-09
  4.76311e-09
  4.76311e-09
  4.76311e-09
  4.76311e-09
  4.76311e-09
  4.76311e-09
  4.76311e-09
  4.76311e-09
  4.76311e-09
  4.76311e-09
  4.76311e-09
  4.76311e-09
  4.76311e-09
  4.76311e-09
  4.76311e-09
  4.76311e-09
  4.76311e-09
  4.76311e-09
  4.76311e-09
  4.76311e-09
  4.76311e-09
  4.76311e-09
  4.76311e-09
  4.76311e-09
  4.76311e-09
  4.76311e-09
  4.76311e-09
  4.76311e-09
  4.76311e-09
  4.76311e-09
  4.76311e-09
  4.76311e-09
  4.76311e-09
      0.00000
