      0.00000
      0.00000
      0.00000
      0.00000
      0.00000
      0.00000
      0.00000
      0.00000
      0.00000
 -0.000427759
    0.0111265
    0.0302379
    0.0566289
    0.0938639
     0.149715
     0.223974
     0.317767
     0.399729
     0.428488
     0.386330
     0.300507
     0.220752
     0.157414
     0.109210
    0.0705562
    0.0334982
    0.0106009
  2.84368e-05
  2.84624e-09
  2.84624e-09
  2.84624e-09
  2.84624e-09
  2.84624e-09
  2.84624e-09
  2.84624e-09
      0.00000
