      0.00000
      0.00000
      0.00000
      0.00000
      0.00000
      0.00000
      0.00000
      0.00000
      0.00000
      0.00000
      0.00000
      0.00000
      0.00000
      0.00000
      0.00000
      0.00000
      0.00000
      0.00000
      0.00000
      0.00000
      0.00000
      0.00000
      0.00000
      0.00000
      0.00000
      0.00000
      0.00000
      0.00000
      0.00000
      0.00000
      0.00000
      0.00000
      0.00000
      0.00000
      0.00000
      0.00000
      0.00000
      0.00000
      0.00000
      0.00000
      0.00000
      0.00000
      0.00000
      0.00000
      0.00000
      0.00000
      0.00000
      0.00000
      0.00000
      0.00000
      0.00000
      0.00000
  1.55484e-06
  3.94821e-05
  0.000154348
  0.000395715
  0.000759773
   0.00113750
   0.00150154
   0.00183215
   0.00222981
   0.00270646
   0.00320469
   0.00361016
   0.00402467
   0.00426468
   0.00458681
   0.00491418
   0.00546782
   0.00583244
   0.00631970
   0.00674586
   0.00744815
   0.00809904
   0.00874996
   0.00925111
   0.00973653
    0.0104521
    0.0112339
    0.0120540
    0.0127997
    0.0137610
    0.0148910
    0.0161353
    0.0175389
    0.0187237
    0.0196481
    0.0202112
    0.0210852
    0.0223604
    0.0240178
    0.0259686
    0.0282022
    0.0310223
    0.0345474
    0.0376241
    0.0382971
    0.0361833
    0.0324987
    0.0291020
    0.0261949
    0.0241386
    0.0226095
    0.0214125
    0.0203127
    0.0195211
    0.0188202
    0.0183374
    0.0178178
    0.0174099
    0.0169661
    0.0165892
    0.0163987
    0.0158627
    0.0147501
    0.0132995
    0.0117099
    0.0103378
   0.00855841
   0.00701268
   0.00550264
   0.00459029
   0.00377674
   0.00322952
   0.00270329
   0.00229003
   0.00189315
   0.00172566
   0.00148986
   0.00135360
  0.000974087
  0.000608082
  0.000292378
  9.32936e-05
  4.34795e-05
  1.96485e-06
  1.25337e-09
  1.25337e-09
  1.25337e-09
  1.25337e-09
  1.25337e-09
  1.25337e-09
  1.25337e-09
  1.25337e-09
  1.25337e-09
  1.25337e-09
  1.25337e-09
  1.25337e-09
  1.25337e-09
  1.25337e-09
  1.25337e-09
  1.25337e-09
  1.25337e-09
  1.25337e-09
  1.25337e-09
  1.25337e-09
  1.25337e-09
  1.25337e-09
  1.25337e-09
  1.25337e-09
  1.25337e-09
  1.25337e-09
  1.25337e-09
  1.25337e-09
  1.25337e-09
  1.25337e-09
  1.25337e-09
  1.25337e-09
  1.25337e-09
  1.25337e-09
  1.25337e-09
  1.25337e-09
  1.25337e-09
  1.25337e-09
  1.25337e-09
  1.25337e-09
  1.25337e-09
  1.25337e-09
  1.25337e-09
  1.25337e-09
  1.25337e-09
  1.25337e-09
  1.25337e-09
  1.25337e-09
  1.25337e-09
  1.25337e-09
  1.25337e-09
  1.25337e-09
  1.25337e-09
      0.00000
