      0.00000
      0.00000
      0.00000
      0.00000
      0.00000
      0.00000
      0.00000
      0.00000
      0.00000
      0.00000
      0.00000
      0.00000
      0.00000
      0.00000
      0.00000
      0.00000
      0.00000
      0.00000
      0.00000
      0.00000
  4.41383e-07
  0.000182528
  0.000554680
   0.00117236
   0.00188813
   0.00305937
   0.00424176
   0.00592137
   0.00747484
   0.00977825
    0.0131671
    0.0181530
    0.0251730
    0.0341284
    0.0443233
    0.0533769
    0.0605755
    0.0654040
    0.0684418
    0.0697710
    0.0717212
    0.0708632
    0.0636983
    0.0511664
    0.0383309
    0.0306008
    0.0264128
    0.0244842
    0.0232572
    0.0214581
    0.0202677
    0.0189906
    0.0173389
    0.0139802
   0.00932442
   0.00546959
   0.00320069
   0.00182816
  0.000797119
  2.21331e-05
  4.17282e-09
  4.17282e-09
  4.17282e-09
  4.17282e-09
  4.17282e-09
  4.17282e-09
  4.17282e-09
  4.17282e-09
  4.17282e-09
  4.17282e-09
  4.17282e-09
  4.17282e-09
  4.17282e-09
  4.17282e-09
  4.17282e-09
  4.17282e-09
  4.17282e-09
  4.17282e-09
  4.17282e-09
  4.17282e-09
  4.17282e-09
      0.00000
