      0.00000
      0.00000
      0.00000
      0.00000
      0.00000
      0.00000
      0.00000
      0.00000
      0.00000
      0.00000
      0.00000
      0.00000
      0.00000
      0.00000
      0.00000
      0.00000
      0.00000
      0.00000
      0.00000
      0.00000
      0.00000
      0.00000
      0.00000
      0.00000
      0.00000
      0.00000
      0.00000
      0.00000
      0.00000
      0.00000
      0.00000
      0.00000
      0.00000
      0.00000
      0.00000
      0.00000
      0.00000
      0.00000
      0.00000
      0.00000
      0.00000
      0.00000
      0.00000
      0.00000
      0.00000
      0.00000
      0.00000
      0.00000
      0.00000
      0.00000
      0.00000
      0.00000
      0.00000
      0.00000
      0.00000
      0.00000
      0.00000
      0.00000
      0.00000
      0.00000
      0.00000
      0.00000
      0.00000
      0.00000
      0.00000
      0.00000
      0.00000
      0.00000
      0.00000
      0.00000
      0.00000
      0.00000
      0.00000
      0.00000
      0.00000
      0.00000
      0.00000
      0.00000
      0.00000
      0.00000
      0.00000
      0.00000
      0.00000
      0.00000
      0.00000
      0.00000
      0.00000
      0.00000
      0.00000
      0.00000
      0.00000
      0.00000
      0.00000
      0.00000
      0.00000
      0.00000
      0.00000
      0.00000
      0.00000
      0.00000
      0.00000
      0.00000
      0.00000
      0.00000
      0.00000
      0.00000
      0.00000
      0.00000
      0.00000
      0.00000
      0.00000
      0.00000
      0.00000
      0.00000
      0.00000
      0.00000
      0.00000
      0.00000
      0.00000
      0.00000
  8.57828e-07
  6.29069e-06
  1.86057e-05
  2.46761e-05
  8.14857e-05
  0.000107543
  0.000175528
  0.000221934
  0.000333093
  0.000631437
   0.00128882
   0.00292402
   0.00505419
   0.00692915
   0.00791128
   0.00812310
   0.00814182
   0.00849487
   0.00880385
   0.00937489
   0.00998675
    0.0108204
    0.0116745
    0.0125094
    0.0140722
    0.0157583
    0.0178013
    0.0200303
    0.0231941
    0.0266051
    0.0298842
    0.0324332
    0.0341047
    0.0346041
    0.0341093
    0.0327372
    0.0306619
    0.0286295
    0.0266949
    0.0251475
    0.0238231
    0.0226676
    0.0218146
    0.0208841
    0.0199121
    0.0190266
    0.0181608
    0.0171371
    0.0156713
    0.0140108
    0.0124571
    0.0113750
    0.0105618
   0.00976843
   0.00911198
   0.00845053
   0.00795557
   0.00739877
   0.00672634
   0.00649320
   0.00631466
   0.00601843
   0.00537244
   0.00483746
   0.00475760
   0.00484093
   0.00460067
   0.00446368
   0.00421751
   0.00426965
   0.00418241
   0.00423573
   0.00434547
   0.00442255
   0.00468718
   0.00502404
   0.00548601
   0.00546093
   0.00487087
   0.00424448
   0.00395554
   0.00393225
   0.00376880
   0.00365645
   0.00385645
   0.00384361
   0.00378941
   0.00362261
   0.00355671
   0.00374900
   0.00393730
   0.00423864
   0.00409558
   0.00346515
   0.00296541
   0.00253936
   0.00262233
   0.00235448
   0.00208824
   0.00167256
   0.00152968
   0.00144393
   0.00145545
   0.00127833
   0.00117107
   0.00104415
  0.000994896
  0.000748656
  0.000435298
  0.000229047
  0.000189917
  0.000179521
  0.000159974
  0.000168352
  0.000195892
  0.000257249
  0.000247067
  0.000199602
  0.000113892
  5.62172e-05
  1.95594e-05
  6.81695e-06
  1.08374e-07
 -4.27812e-10
 -4.27812e-10
 -4.27812e-10
 -4.27812e-10
 -4.27812e-10
 -4.27812e-10
 -4.27812e-10
 -4.27812e-10
 -4.27812e-10
 -4.27812e-10
 -4.27812e-10
 -4.27812e-10
 -4.27812e-10
 -4.27812e-10
 -4.27812e-10
 -4.27812e-10
 -4.27812e-10
 -4.27812e-10
 -4.27812e-10
 -4.27812e-10
 -4.27812e-10
 -4.27812e-10
 -4.27812e-10
 -4.27812e-10
 -4.27812e-10
 -4.27812e-10
 -4.27812e-10
 -4.27812e-10
 -4.27812e-10
 -4.27812e-10
 -4.27812e-10
 -4.27812e-10
 -4.27812e-10
 -4.27812e-10
 -4.27812e-10
 -4.27812e-10
 -4.27812e-10
 -4.27812e-10
 -4.27812e-10
 -4.27812e-10
 -4.27812e-10
 -4.27812e-10
 -4.27812e-10
 -4.27812e-10
 -4.27812e-10
 -4.27812e-10
 -4.27812e-10
 -4.27812e-10
 -4.27812e-10
 -4.27812e-10
 -4.27812e-10
 -4.27812e-10
 -4.27812e-10
 -4.27812e-10
 -4.27812e-10
 -4.27812e-10
 -4.27812e-10
 -4.27812e-10
 -4.27812e-10
 -4.27812e-10
 -4.27812e-10
 -4.27812e-10
 -4.27812e-10
 -4.27812e-10
 -4.27812e-10
 -4.27812e-10
 -4.27812e-10
 -4.27812e-10
 -4.27812e-10
 -4.27812e-10
 -4.27812e-10
 -4.27812e-10
 -4.27812e-10
 -4.27812e-10
 -4.27812e-10
 -4.27812e-10
 -4.27812e-10
 -4.27812e-10
 -4.27812e-10
 -4.27812e-10
 -4.27812e-10
 -4.27812e-10
 -4.27812e-10
 -4.27812e-10
 -4.27812e-10
 -4.27812e-10
 -4.27812e-10
      0.00000
