      0.00000
      0.00000
      0.00000
      0.00000
      0.00000
      0.00000
      0.00000
      0.00000
      0.00000
      0.00000
      0.00000
      0.00000
   0.00122698
   0.00346798
   0.00610378
   0.00784145
   0.00975345
    0.0130062
    0.0198228
    0.0287404
    0.0415858
    0.0589366
    0.0828410
     0.111867
     0.133610
     0.133968
     0.110890
    0.0794183
    0.0529583
    0.0358121
    0.0239412
    0.0172716
    0.0119408
   0.00813697
   0.00433277
   0.00212754
  0.000398884
 -4.57437e-09
 -4.57437e-09
 -4.57437e-09
 -4.57437e-09
 -4.57437e-09
 -4.57437e-09
 -4.57437e-09
 -4.57437e-09
 -4.57437e-09
 -4.57437e-09
 -4.57437e-09
 -4.57437e-09
      0.00000
