      0.00000
      0.00000
      0.00000
      0.00000
      0.00000
      0.00000
      0.00000
      0.00000
      0.00000
      0.00000
      0.00000
      0.00000
      0.00000
      0.00000
      0.00000
      0.00000
      0.00000
      0.00000
      0.00000
      0.00000
      0.00000
      0.00000
      0.00000
      0.00000
      0.00000
      0.00000
      0.00000
      0.00000
      0.00000
      0.00000
      0.00000
      0.00000
      0.00000
      0.00000
      0.00000
      0.00000
      0.00000
      0.00000
      0.00000
      0.00000
      0.00000
      0.00000
      0.00000
      0.00000
      0.00000
      0.00000
      0.00000
      0.00000
      0.00000
      0.00000
      0.00000
      0.00000
      0.00000
      0.00000
      0.00000
      0.00000
      0.00000
      0.00000
      0.00000
      0.00000
      0.00000
      0.00000
      0.00000
      0.00000
      0.00000
      0.00000
      0.00000
      0.00000
      0.00000
      0.00000
      0.00000
      0.00000
      0.00000
      0.00000
      0.00000
      0.00000
      0.00000
      0.00000
      0.00000
      0.00000
      0.00000
      0.00000
      0.00000
      0.00000
      0.00000
      0.00000
      0.00000
      0.00000
      0.00000
      0.00000
      0.00000
      0.00000
      0.00000
      0.00000
      0.00000
      0.00000
      0.00000
      0.00000
      0.00000
      0.00000
      0.00000
      0.00000
      0.00000
      0.00000
      0.00000
      0.00000
      0.00000
      0.00000
      0.00000
      0.00000
      0.00000
      0.00000
      0.00000
      0.00000
      0.00000
      0.00000
      0.00000
  1.26498e-05
  3.24814e-05
  6.02200e-05
  9.25704e-05
  0.000114249
  0.000114969
  7.28823e-05
  0.000127440
  0.000183646
  0.000382883
  0.000589273
  0.000875087
   0.00133795
   0.00177611
   0.00244857
   0.00346045
   0.00454672
   0.00554253
   0.00662847
   0.00754784
   0.00853834
   0.00941338
    0.0105480
    0.0115697
    0.0121583
    0.0129656
    0.0140147
    0.0157872
    0.0177648
    0.0205904
    0.0237212
    0.0272911
    0.0306466
    0.0332850
    0.0350194
    0.0350762
    0.0338064
    0.0316008
    0.0295104
    0.0279351
    0.0268622
    0.0261003
    0.0253176
    0.0246688
    0.0237094
    0.0227250
    0.0212758
    0.0199451
    0.0186341
    0.0173621
    0.0159875
    0.0143528
    0.0130244
    0.0120768
    0.0117326
    0.0110631
    0.0105079
   0.00987404
   0.00962283
   0.00891249
   0.00813450
   0.00748729
   0.00722044
   0.00705450
   0.00689501
   0.00647089
   0.00623331
   0.00602006
   0.00607677
   0.00600186
   0.00560606
   0.00550642
   0.00538238
   0.00577775
   0.00607371
   0.00667399
   0.00725758
   0.00770736
   0.00777832
   0.00756547
   0.00704450
   0.00613655
   0.00533326
   0.00452135
   0.00406339
   0.00343279
   0.00307638
   0.00276875
   0.00219939
   0.00164275
   0.00110838
  0.000883365
  0.000775779
  0.000716771
  0.000710292
  0.000571169
  0.000416367
  0.000295619
  0.000219348
  0.000133119
  6.63840e-05
  1.57610e-05
  7.98603e-07
 -8.90509e-10
 -8.90509e-10
 -8.90509e-10
 -8.90509e-10
 -8.90509e-10
 -8.90509e-10
 -8.90509e-10
 -8.90509e-10
 -8.90509e-10
 -8.90509e-10
 -8.90509e-10
 -8.90509e-10
 -8.90509e-10
 -8.90509e-10
 -8.90509e-10
 -8.90509e-10
 -8.90509e-10
 -8.90509e-10
 -8.90509e-10
 -8.90509e-10
 -8.90509e-10
 -8.90509e-10
 -8.90509e-10
 -8.90509e-10
 -8.90509e-10
 -8.90509e-10
 -8.90509e-10
 -8.90509e-10
 -8.90509e-10
 -8.90509e-10
 -8.90509e-10
 -8.90509e-10
 -8.90509e-10
 -8.90509e-10
 -8.90509e-10
 -8.90509e-10
 -8.90509e-10
 -8.90509e-10
 -8.90509e-10
 -8.90509e-10
 -8.90509e-10
 -8.90509e-10
 -8.90509e-10
 -8.90509e-10
 -8.90509e-10
 -8.90509e-10
 -8.90509e-10
 -8.90509e-10
 -8.90509e-10
 -8.90509e-10
 -8.90509e-10
 -8.90509e-10
 -8.90509e-10
 -8.90509e-10
 -8.90509e-10
 -8.90509e-10
 -8.90509e-10
 -8.90509e-10
 -8.90509e-10
 -8.90509e-10
 -8.90509e-10
 -8.90509e-10
 -8.90509e-10
 -8.90509e-10
 -8.90509e-10
 -8.90509e-10
 -8.90509e-10
 -8.90509e-10
 -8.90509e-10
 -8.90509e-10
 -8.90509e-10
 -8.90509e-10
 -8.90509e-10
 -8.90509e-10
 -8.90509e-10
 -8.90509e-10
 -8.90509e-10
 -8.90509e-10
 -8.90509e-10
 -8.90509e-10
 -8.90509e-10
 -8.90509e-10
 -8.90509e-10
 -8.90509e-10
 -8.90509e-10
 -8.90509e-10
 -8.90509e-10
 -8.90509e-10
 -8.90509e-10
 -8.90509e-10
 -8.90509e-10
 -8.90509e-10
 -8.90509e-10
 -8.90509e-10
 -8.90509e-10
 -8.90509e-10
 -8.90509e-10
 -8.90509e-10
 -8.90509e-10
 -8.90509e-10
 -8.90509e-10
 -8.90509e-10
 -8.90509e-10
 -8.90509e-10
 -8.90509e-10
 -8.90509e-10
 -8.90509e-10
 -8.90509e-10
 -8.90509e-10
 -8.90509e-10
      0.00000
