      0.00000
      0.00000
      0.00000
      0.00000
      0.00000
      0.00000
      0.00000
      0.00000
      0.00000
      0.00000
      0.00000
      0.00000
      0.00000
      0.00000
      0.00000
      0.00000
      0.00000
      0.00000
      0.00000
      0.00000
      0.00000
      0.00000
      0.00000
      0.00000
      0.00000
      0.00000
      0.00000
      0.00000
  0.000724596
   0.00403709
   0.00990811
    0.0162019
    0.0230950
    0.0286502
    0.0347576
    0.0408360
    0.0484795
    0.0569744
    0.0631400
    0.0697381
    0.0718327
    0.0726593
    0.0686168
    0.0669252
    0.0633992
    0.0584304
    0.0512506
    0.0429304
    0.0350912
    0.0254483
    0.0171076
    0.0106417
   0.00722529
   0.00500357
   0.00333524
   0.00182759
   0.00103277
  0.000442159
  0.000165139
  9.25090e-05
  3.28000e-09
  3.28000e-09
  3.28000e-09
  3.28000e-09
  3.28000e-09
  3.28000e-09
  3.28000e-09
  3.28000e-09
  3.28000e-09
  3.28000e-09
  3.28000e-09
  3.28000e-09
  3.28000e-09
  3.28000e-09
  3.28000e-09
  3.28000e-09
  3.28000e-09
  3.28000e-09
  3.28000e-09
  3.28000e-09
  3.28000e-09
      0.00000
