      0.00000
      0.00000
      0.00000
      0.00000
      0.00000
      0.00000
      0.00000
      0.00000
      0.00000
      0.00000
      0.00000
      0.00000
      0.00000
      0.00000
      0.00000
      0.00000
      0.00000
      0.00000
      0.00000
      0.00000
      0.00000
      0.00000
      0.00000
      0.00000
      0.00000
      0.00000
      0.00000
      0.00000
      0.00000
   0.00155417
   0.00404659
   0.00751812
    0.0121046
    0.0185458
    0.0248682
    0.0316349
    0.0392549
    0.0505434
    0.0650475
    0.0831427
     0.101452
     0.110326
     0.104238
    0.0890263
    0.0723188
    0.0608014
    0.0518961
    0.0383645
    0.0226116
   0.00780154
   0.00187299
  0.000626133
  0.000227154
  0.000109411
  6.62724e-05
  6.11557e-10
  6.11557e-10
  6.11557e-10
  6.11557e-10
  6.11557e-10
  6.11557e-10
  6.11557e-10
  6.11557e-10
  6.11557e-10
  6.11557e-10
  6.11557e-10
  6.11557e-10
  6.11557e-10
  6.11557e-10
  6.11557e-10
  6.11557e-10
  6.11557e-10
  6.11557e-10
  6.11557e-10
  6.11557e-10
  6.11557e-10
  6.11557e-10
  6.11557e-10
  6.11557e-10
  6.11557e-10
  6.11557e-10
      0.00000
