      0.00000
      0.00000
      0.00000
      0.00000
      0.00000
      0.00000
      0.00000
      0.00000
      0.00000
      0.00000
      0.00000
      0.00000
      0.00000
      0.00000
      0.00000
      0.00000
      0.00000
      0.00000
      0.00000
      0.00000
      0.00000
      0.00000
      0.00000
      0.00000
      0.00000
      0.00000
      0.00000
      0.00000
      0.00000
      0.00000
      0.00000
      0.00000
      0.00000
      0.00000
      0.00000
      0.00000
      0.00000
      0.00000
      0.00000
  3.03479e-05
  5.28548e-05
  0.000137527
  0.000200387
  0.000325003
  0.000402615
  0.000483215
  0.000723273
  0.000982307
   0.00140965
   0.00167090
   0.00195605
   0.00221692
   0.00257251
   0.00306024
   0.00363447
   0.00429622
   0.00524979
   0.00648894
   0.00827560
    0.0106889
    0.0137562
    0.0173683
    0.0208621
    0.0243088
    0.0272584
    0.0296063
    0.0312248
    0.0323746
    0.0347242
    0.0387049
    0.0449059
    0.0527883
    0.0576748
    0.0571634
    0.0509370
    0.0435101
    0.0376150
    0.0333601
    0.0308894
    0.0295182
    0.0287333
    0.0275241
    0.0256464
    0.0227411
    0.0196409
    0.0167141
    0.0143500
    0.0125916
    0.0111638
    0.0100291
   0.00889511
   0.00770759
   0.00659538
   0.00540948
   0.00435841
   0.00357466
   0.00294964
   0.00236296
   0.00175797
   0.00136401
   0.00101106
  0.000648736
  0.000381496
  0.000236398
  0.000147790
  4.42138e-05
  1.24494e-05
  1.07761e-10
  1.07761e-10
  1.07761e-10
  1.07761e-10
  1.07761e-10
  1.07761e-10
  1.07761e-10
  1.07761e-10
  1.07761e-10
  1.07761e-10
  1.07761e-10
  1.07761e-10
  1.07761e-10
  1.07761e-10
  1.07761e-10
  1.07761e-10
  1.07761e-10
  1.07761e-10
  1.07761e-10
  1.07761e-10
  1.07761e-10
  1.07761e-10
  1.07761e-10
  1.07761e-10
  1.07761e-10
  1.07761e-10
  1.07761e-10
  1.07761e-10
  1.07761e-10
  1.07761e-10
  1.07761e-10
  1.07761e-10
  1.07761e-10
  1.07761e-10
  1.07761e-10
  1.07761e-10
  1.07761e-10
  1.07761e-10
  1.07761e-10
  1.07761e-10
      0.00000
