      0.00000
      0.00000
      0.00000
      0.00000
      0.00000
      0.00000
      0.00000
      0.00000
      0.00000
      0.00000
      0.00000
      0.00000
   0.00284261
    0.0156645
    0.0376033
    0.0584048
    0.0837749
     0.108249
     0.128138
     0.133699
     0.120880
     0.102088
    0.0742980
    0.0534589
    0.0406036
    0.0258966
    0.0131422
   0.00125619
  2.22205e-09
  2.22205e-09
  2.22205e-09
  2.22205e-09
  2.22205e-09
  2.22205e-09
  2.22205e-09
  2.22205e-09
  2.22205e-09
  2.22205e-09
      0.00000
