      0.00000
      0.00000
      0.00000
      0.00000
      0.00000
      0.00000
      0.00000
      0.00000
      0.00000
      0.00000
      0.00000
      0.00000
      0.00000
      0.00000
      0.00000
      0.00000
      0.00000
      0.00000
      0.00000
      0.00000
      0.00000
      0.00000
      0.00000
      0.00000
      0.00000
      0.00000
  0.000170973
  0.000461830
   0.00118381
   0.00202813
   0.00243569
   0.00238312
   0.00229397
   0.00299277
   0.00378934
   0.00465810
   0.00636633
   0.00752152
   0.00918231
    0.0106230
    0.0121098
    0.0137307
    0.0167953
    0.0199884
    0.0223550
    0.0218662
    0.0237242
    0.0258566
    0.0291994
    0.0329667
    0.0359139
    0.0377543
    0.0378609
    0.0394102
    0.0427645
    0.0449093
    0.0455331
    0.0431393
    0.0407235
    0.0375443
    0.0350121
    0.0326810
    0.0312529
    0.0292195
    0.0250306
    0.0229611
    0.0211320
    0.0212797
    0.0187238
    0.0162457
    0.0132842
    0.0107745
   0.00860956
   0.00745472
   0.00705080
   0.00702347
   0.00602360
   0.00375111
   0.00169242
  0.000418989
  0.000141878
  9.17614e-10
  9.17614e-10
  9.17614e-10
  9.17614e-10
  9.17614e-10
  9.17614e-10
  9.17614e-10
  9.17614e-10
  9.17614e-10
  9.17614e-10
  9.17614e-10
  9.17614e-10
  9.17614e-10
  9.17614e-10
  9.17614e-10
  9.17614e-10
  9.17614e-10
  9.17614e-10
  9.17614e-10
  9.17614e-10
  9.17614e-10
  9.17614e-10
  9.17614e-10
  9.17614e-10
  9.17614e-10
  9.17614e-10
      0.00000
