      0.00000
      0.00000
      0.00000
      0.00000
      0.00000
      0.00000
      0.00000
      0.00000
      0.00000
      0.00000
      0.00000
      0.00000
      0.00000
      0.00000
      0.00000
      0.00000
      0.00000
      0.00000
      0.00000
      0.00000
      0.00000
      0.00000
      0.00000
      0.00000
  0.000820336
   0.00300766
   0.00598655
    0.0106944
    0.0169180
    0.0261673
    0.0336132
    0.0391164
    0.0444040
    0.0507516
    0.0604154
    0.0681292
    0.0761763
    0.0797185
    0.0810586
    0.0795009
    0.0746197
    0.0686937
    0.0569948
    0.0440218
    0.0310730
    0.0214693
    0.0139354
   0.00695548
   0.00329455
   0.00158044
  0.000865692
  1.80569e-05
  2.07511e-09
  2.07511e-09
  2.07511e-09
  2.07511e-09
  2.07511e-09
  2.07511e-09
  2.07511e-09
  2.07511e-09
  2.07511e-09
  2.07511e-09
  2.07511e-09
  2.07511e-09
  2.07511e-09
  2.07511e-09
  2.07511e-09
  2.07511e-09
  2.07511e-09
  2.07511e-09
  2.07511e-09
  2.07511e-09
  2.07511e-09
  2.07511e-09
      0.00000
