      0.00000
      0.00000
      0.00000
      0.00000
      0.00000
      0.00000
      0.00000
      0.00000
      0.00000
      0.00000
   0.00319046
   0.00891610
    0.0189353
    0.0307498
    0.0517230
    0.0744164
     0.105761
     0.131333
     0.142109
     0.126056
    0.0999370
    0.0728309
    0.0531373
    0.0362795
    0.0250207
    0.0144389
   0.00514511
  2.12845e-05
 -2.64286e-09
 -2.64286e-09
 -2.64286e-09
 -2.64286e-09
 -2.64286e-09
 -2.64286e-09
 -2.64286e-09
      0.00000
