      0.00000
      0.00000
      0.00000
      0.00000
      0.00000
      0.00000
      0.00000
      0.00000
      0.00000
      0.00000
      0.00000
   0.00155070
   0.00700612
    0.0126239
    0.0197769
    0.0250541
    0.0298533
    0.0344219
    0.0369471
    0.0396107
    0.0434642
    0.0502835
    0.0645937
    0.0760357
    0.0869174
    0.0880523
    0.0825172
    0.0708137
    0.0626708
    0.0585772
    0.0490827
    0.0340651
    0.0168743
   0.00722859
   0.00186358
  0.000115173
 -2.32381e-09
 -2.32381e-09
 -2.32381e-09
 -2.32381e-09
 -2.32381e-09
 -2.32381e-09
 -2.32381e-09
 -2.32381e-09
 -2.32381e-09
 -2.32381e-09
 -2.32381e-09
      0.00000
