      0.00000
      0.00000
      0.00000
      0.00000
      0.00000
      0.00000
      0.00000
      0.00000
      0.00000
      0.00000
      0.00000
      0.00000
      0.00000
      0.00000
   0.00344292
    0.0101042
    0.0163989
    0.0188574
    0.0208998
    0.0271201
    0.0348578
    0.0328894
    0.0360996
    0.0340540
    0.0364440
    0.0348764
    0.0421823
    0.0588184
    0.0694221
    0.0704228
    0.0586748
    0.0497408
    0.0476902
    0.0575041
    0.0556706
    0.0452125
    0.0327503
    0.0323811
    0.0335523
    0.0252484
    0.0116237
   0.00306124
  2.47028e-09
  2.47028e-09
  2.47028e-09
  2.47028e-09
  2.47028e-09
  2.47028e-09
  2.47028e-09
  2.47028e-09
  2.47028e-09
  2.47028e-09
  2.47028e-09
  2.47028e-09
  2.47028e-09
  2.47028e-09
      0.00000
