      0.00000
      0.00000
      0.00000
      0.00000
      0.00000
      0.00000
      0.00000
      0.00000
      0.00000
      0.00000
      0.00000
      0.00000
      0.00000
      0.00000
      0.00000
      0.00000
  0.000956089
   0.00383712
   0.00759133
    0.0113655
    0.0134716
    0.0151919
    0.0188837
    0.0215245
    0.0234333
    0.0227073
    0.0241087
    0.0262899
    0.0275424
    0.0289990
    0.0285570
    0.0289507
    0.0282527
    0.0297081
    0.0309626
    0.0330273
    0.0351897
    0.0387102
    0.0404230
    0.0407965
    0.0372520
    0.0335884
    0.0315834
    0.0328402
    0.0354119
    0.0350189
    0.0327728
    0.0289389
    0.0260455
    0.0211818
    0.0183859
    0.0160427
    0.0154917
    0.0120334
   0.00995796
   0.00996114
    0.0109539
   0.00792715
   0.00375527
  0.000377019
 -7.12989e-10
 -7.12989e-10
 -7.12989e-10
 -7.12989e-10
 -7.12989e-10
 -7.12989e-10
 -7.12989e-10
 -7.12989e-10
 -7.12989e-10
 -7.12989e-10
 -7.12989e-10
 -7.12989e-10
 -7.12989e-10
 -7.12989e-10
      0.00000
