      0.00000
      0.00000
      0.00000
      0.00000
      0.00000
      0.00000
      0.00000
      0.00000
      0.00000
      0.00000
      0.00000
      0.00000
      0.00000
      0.00000
      0.00000
      0.00000
      0.00000
   0.00101343
   0.00777935
    0.0215907
    0.0430599
    0.0688986
    0.0990700
     0.128304
     0.142697
     0.139712
     0.123140
     0.100343
    0.0687657
    0.0378156
    0.0136150
   0.00419480
  1.40150e-09
  1.40150e-09
  1.40150e-09
  1.40150e-09
  1.40150e-09
  1.40150e-09
  1.40150e-09
  1.40150e-09
  1.40150e-09
  1.40150e-09
  1.40150e-09
  1.40150e-09
  1.40150e-09
  1.40150e-09
  1.40150e-09
  1.40150e-09
  1.40150e-09
      0.00000
