      0.00000
      0.00000
      0.00000
      0.00000
      0.00000
      0.00000
      0.00000
      0.00000
      0.00000
      0.00000
      0.00000
      0.00000
      0.00000
      0.00000
      0.00000
      0.00000
      0.00000
      0.00000
      0.00000
      0.00000
  1.90723e-05
  0.000282067
  0.000826704
   0.00157821
   0.00237569
   0.00348899
   0.00462774
   0.00618735
   0.00771880
    0.0101141
    0.0135655
    0.0184707
    0.0257604
    0.0350350
    0.0451777
    0.0533068
    0.0597613
    0.0640331
    0.0670634
    0.0684349
    0.0707097
    0.0700621
    0.0629656
    0.0507821
    0.0382449
    0.0305977
    0.0263671
    0.0246280
    0.0235172
    0.0219825
    0.0208500
    0.0195939
    0.0176428
    0.0138887
   0.00915047
   0.00538250
   0.00317933
   0.00186684
  0.000750431
  1.05824e-05
 -1.29163e-09
 -1.29163e-09
 -1.29163e-09
 -1.29163e-09
 -1.29163e-09
 -1.29163e-09
 -1.29163e-09
 -1.29163e-09
 -1.29163e-09
 -1.29163e-09
 -1.29163e-09
 -1.29163e-09
 -1.29163e-09
 -1.29163e-09
 -1.29163e-09
 -1.29163e-09
 -1.29163e-09
 -1.29163e-09
 -1.29163e-09
 -1.29163e-09
 -1.29163e-09
      0.00000
