      0.00000
      0.00000
      0.00000
      0.00000
      0.00000
      0.00000
      0.00000
      0.00000
      0.00000
      0.00000
      0.00000
      0.00000
      0.00000
      0.00000
      0.00000
      0.00000
      0.00000
      0.00000
      0.00000
  0.000253668
  0.000541442
   0.00143082
   0.00273796
   0.00402086
   0.00453569
   0.00566609
   0.00726587
   0.00996779
    0.0131245
    0.0172836
    0.0207405
    0.0247067
    0.0288734
    0.0325914
    0.0361715
    0.0396724
    0.0455439
    0.0492340
    0.0528232
    0.0541191
    0.0570519
    0.0571729
    0.0577909
    0.0546202
    0.0513913
    0.0444738
    0.0376036
    0.0330924
    0.0285886
    0.0254060
    0.0216341
    0.0193076
    0.0162938
    0.0115223
   0.00865102
   0.00697088
   0.00646190
   0.00502553
   0.00332876
   0.00157649
  0.000566575
  0.000163747
  1.33887e-06
 -9.72563e-11
 -9.72563e-11
 -9.72563e-11
 -9.72563e-11
 -9.72563e-11
 -9.72563e-11
 -9.72563e-11
 -9.72563e-11
 -9.72563e-11
 -9.72563e-11
 -9.72563e-11
 -9.72563e-11
 -9.72563e-11
 -9.72563e-11
 -9.72563e-11
 -9.72563e-11
 -9.72563e-11
 -9.72563e-11
      0.00000
