      0.00000
      0.00000
      0.00000
      0.00000
      0.00000
      0.00000
      0.00000
      0.00000
      0.00000
      0.00000
      0.00000
      0.00000
      0.00000
      0.00000
      0.00000
  6.41627e-05
   0.00215605
   0.00491434
    0.0144023
    0.0213337
    0.0247639
    0.0257526
    0.0335431
    0.0396617
    0.0423705
    0.0440874
    0.0583039
    0.0734634
    0.0789333
    0.0751599
    0.0673045
    0.0586258
    0.0530405
    0.0453359
    0.0437130
    0.0326226
    0.0301453
    0.0293526
    0.0384737
    0.0344947
    0.0215883
   0.00639278
 -1.68471e-09
 -1.68471e-09
 -1.68471e-09
 -1.68471e-09
 -1.68471e-09
 -1.68471e-09
 -1.68471e-09
 -1.68471e-09
 -1.68471e-09
 -1.68471e-09
 -1.68471e-09
 -1.68471e-09
 -1.68471e-09
 -1.68471e-09
      0.00000
