      0.00000
      0.00000
      0.00000
      0.00000
      0.00000
      0.00000
      0.00000
      0.00000
      0.00000
      0.00000
      0.00000
   0.00158983
   0.00539216
    0.0151718
    0.0286349
    0.0482950
    0.0761339
     0.110504
     0.135563
     0.142825
     0.131192
     0.111884
    0.0856116
    0.0586107
    0.0321891
    0.0135912
   0.00280155
  1.00358e-05
 -3.88861e-09
 -3.88861e-09
 -3.88861e-09
 -3.88861e-09
 -3.88861e-09
 -3.88861e-09
 -3.88861e-09
 -3.88861e-09
 -3.88861e-09
 -3.88861e-09
 -3.88861e-09
      0.00000
