      0.00000
      0.00000
      0.00000
      0.00000
      0.00000
      0.00000
      0.00000
      0.00000
      0.00000
 -0.000427759
   0.00784015
    0.0192520
    0.0300991
    0.0401717
    0.0502237
    0.0687732
    0.0942883
     0.121818
     0.133624
     0.124295
    0.0982922
    0.0742249
    0.0532513
    0.0384105
    0.0270329
    0.0134865
   0.00533718
  7.15467e-06
  7.85503e-09
  7.85503e-09
  7.85503e-09
  7.85503e-09
  7.85503e-09
  7.85503e-09
  7.85503e-09
      0.00000
