      0.00000
      0.00000
      0.00000
      0.00000
      0.00000
      0.00000
      0.00000
      0.00000
      0.00000
      0.00000
      0.00000
  0.000323020
   0.00686726
    0.0438237
    0.0838617
     0.114240
     0.119960
     0.127375
     0.138787
     0.158548
     0.185478
     0.227769
     0.247765
     0.268613
     0.267827
     0.259050
     0.223111
     0.174809
     0.135309
     0.100195
    0.0687712
    0.0355439
    0.0110435
  0.000929937
 -8.96225e-09
 -8.96225e-09
 -8.96225e-09
 -8.96225e-09
 -8.96225e-09
 -8.96225e-09
 -8.96225e-09
 -8.96225e-09
 -8.96225e-09
 -8.96225e-09
      0.00000
