      0.00000
      0.00000
      0.00000
      0.00000
      0.00000
      0.00000
      0.00000
      0.00000
      0.00000
      0.00000
      0.00000
      0.00000
      0.00000
      0.00000
      0.00000
      0.00000
      0.00000
      0.00000
      0.00000
      0.00000
      0.00000
      0.00000
      0.00000
      0.00000
      0.00000
      0.00000
      0.00000
      0.00000
      0.00000
      0.00000
      0.00000
      0.00000
      0.00000
      0.00000
      0.00000
      0.00000
      0.00000
      0.00000
      0.00000
      0.00000
      0.00000
      0.00000
      0.00000
      0.00000
      0.00000
      0.00000
      0.00000
      0.00000
      0.00000
      0.00000
      0.00000
      0.00000
      0.00000
      0.00000
      0.00000
      0.00000
 -2.21029e-06
   0.00620615
    0.0167214
    0.0354738
    0.0561957
    0.0760441
    0.0907287
    0.0911716
    0.0914032
    0.0990967
     0.119021
     0.116037
    0.0902196
    0.0494494
    0.0224914
   0.00952435
   0.00625372
   0.00731621
   0.00612436
   0.00369096
   0.00237974
   0.00149196
  0.000668908
  0.000264626
  2.64847e-06
  5.32856e-05
  6.25823e-05
  5.99328e-05
  9.29571e-06
 -9.47950e-10
 -9.47950e-10
  0.000167013
  0.000521235
  0.000532291
  0.000418136
  9.22886e-05
  8.12324e-05
  2.83734e-05
 -9.24351e-10
 -9.24351e-10
 -9.24351e-10
 -9.24351e-10
 -9.24351e-10
 -9.24351e-10
 -9.24351e-10
 -9.24351e-10
 -9.24351e-10
 -9.24351e-10
 -9.24351e-10
 -9.24351e-10
 -9.24351e-10
 -9.24351e-10
 -9.24351e-10
 -9.24351e-10
 -9.24351e-10
 -9.24351e-10
 -9.24351e-10
 -9.24351e-10
 -9.24351e-10
 -9.24351e-10
 -9.24351e-10
 -9.24351e-10
 -9.24351e-10
 -9.24351e-10
 -9.24351e-10
 -9.24351e-10
 -9.24351e-10
 -9.24351e-10
 -9.24351e-10
 -9.24351e-10
 -9.24351e-10
 -9.24351e-10
 -9.24351e-10
 -9.24351e-10
 -9.24351e-10
 -9.24351e-10
      0.00000
