      0.00000
      0.00000
      0.00000
      0.00000
      0.00000
      0.00000
      0.00000
      0.00000
      0.00000
      0.00000
      0.00000
      0.00000
      0.00000
      0.00000
      0.00000
      0.00000
      0.00000
      0.00000
      0.00000
      0.00000
      0.00000
      0.00000
      0.00000
      0.00000
      0.00000
      0.00000
      0.00000
      0.00000
      0.00000
      0.00000
      0.00000
      0.00000
      0.00000
      0.00000
      0.00000
      0.00000
      0.00000
      0.00000
      0.00000
      0.00000
      0.00000
      0.00000
      0.00000
      0.00000
      0.00000
      0.00000
      0.00000
      0.00000
      0.00000
      0.00000
      0.00000
      0.00000
      0.00000
      0.00000
      0.00000
      0.00000
      0.00000
      0.00000
      0.00000
      0.00000
      0.00000
      0.00000
      0.00000
      0.00000
      0.00000
      0.00000
      0.00000
      0.00000
      0.00000
      0.00000
      0.00000
      0.00000
      0.00000
      0.00000
      0.00000
      0.00000
      0.00000
      0.00000
      0.00000
      0.00000
      0.00000
      0.00000
      0.00000
      0.00000
  5.91314e-09
  1.00566e-07
  2.19568e-07
  4.22193e-07
  6.27912e-07
  1.01980e-06
  1.65004e-06
  1.99093e-06
  1.92641e-06
  1.55134e-06
  1.53643e-06
  1.71401e-06
  1.90026e-06
  2.15890e-06
  2.47902e-06
  3.08039e-06
  5.36801e-06
  1.56371e-05
  3.05865e-05
  4.26291e-05
  4.81927e-05
  5.15015e-05
  6.02587e-05
  6.65571e-05
  7.60893e-05
  8.86670e-05
  0.000103145
  0.000120115
  0.000140754
  0.000162490
  0.000182047
  0.000193133
  0.000213712
  0.000238994
  0.000279861
  0.000325148
  0.000378144
  0.000442405
  0.000560687
  0.000705755
  0.000868563
   0.00105677
   0.00149978
   0.00223245
   0.00319565
   0.00441637
   0.00718614
    0.0164180
    0.0380667
     0.103530
     0.198599
     0.235138
     0.192682
    0.0992868
    0.0434251
    0.0187934
   0.00808296
   0.00509365
   0.00374145
   0.00266600
   0.00175572
   0.00120439
  0.000950508
  0.000786979
  0.000653218
  0.000539229
  0.000448803
  0.000382764
  0.000333032
  0.000289033
  0.000255336
  0.000223766
  0.000200987
  0.000172764
  0.000145398
  0.000119159
  0.000103416
  9.09361e-05
  7.99136e-05
  6.21075e-05
  6.23989e-05
  6.59907e-05
  6.84346e-05
  5.94817e-05
  5.17533e-05
  4.75154e-05
  4.28521e-05
  4.03064e-05
  3.32572e-05
  3.31386e-05
  3.04229e-05
  2.97932e-05
  2.30517e-05
  2.03931e-05
  2.18967e-05
  2.05851e-05
  1.21027e-05
  4.41582e-06
  4.14331e-07
  3.96489e-07
  3.89855e-07
  2.63387e-07
  1.33794e-07
  4.47991e-08
  1.07877e-08
 -2.55463e-09
 -2.55463e-09
 -2.55463e-09
 -2.55463e-09
 -2.55463e-09
 -2.55463e-09
 -2.55463e-09
 -2.55463e-09
 -2.55463e-09
 -2.55463e-09
 -2.55463e-09
 -2.55463e-09
 -2.55463e-09
 -2.55463e-09
 -2.55463e-09
 -2.55463e-09
 -2.55463e-09
 -2.55463e-09
 -2.55463e-09
 -2.55463e-09
 -2.55463e-09
 -2.55463e-09
 -2.55463e-09
 -2.55463e-09
 -2.55463e-09
 -2.55463e-09
 -2.55463e-09
 -2.55463e-09
 -2.55463e-09
 -2.55463e-09
 -2.55463e-09
 -2.55463e-09
 -2.55463e-09
 -2.55463e-09
 -2.55463e-09
 -2.55463e-09
 -2.55463e-09
 -2.55463e-09
 -2.55463e-09
 -2.55463e-09
 -2.55463e-09
 -2.55463e-09
 -2.55463e-09
 -2.55463e-09
 -2.55463e-09
 -2.55463e-09
 -2.55463e-09
 -2.55463e-09
 -2.55463e-09
 -2.55463e-09
 -2.55463e-09
 -2.55463e-09
 -2.55463e-09
 -2.55463e-09
 -2.55463e-09
 -2.55463e-09
 -2.55463e-09
 -2.55463e-09
 -2.55463e-09
 -2.55463e-09
 -2.55463e-09
 -2.55463e-09
 -2.55463e-09
 -2.55463e-09
 -2.55463e-09
 -2.55463e-09
 -2.55463e-09
 -2.55463e-09
 -2.55463e-09
 -2.55463e-09
 -2.55463e-09
 -2.55463e-09
 -2.55463e-09
 -2.55463e-09
 -2.55463e-09
 -2.55463e-09
 -2.55463e-09
 -2.55463e-09
 -2.55463e-09
 -2.55463e-09
 -2.55463e-09
 -2.55463e-09
      0.00000
