      0.00000
      0.00000
      0.00000
      0.00000
      0.00000
      0.00000
      0.00000
      0.00000
      0.00000
      0.00000
      0.00000
      0.00000
   0.00689301
    0.0316856
    0.0694410
     0.116933
     0.165550
     0.212935
     0.251854
     0.267358
     0.249857
     0.203708
     0.146218
     0.104282
    0.0780710
    0.0517662
    0.0300338
   0.00920821
   0.00408875
  0.000117586
  7.71842e-09
  7.71842e-09
  7.71842e-09
  7.71842e-09
  7.71842e-09
  7.71842e-09
  7.71842e-09
  7.71842e-09
      0.00000
