      0.00000
      0.00000
      0.00000
      0.00000
      0.00000
      0.00000
      0.00000
      0.00000
      0.00000
      0.00000
      0.00000
      0.00000
      0.00000
      0.00000
      0.00000
      0.00000
      0.00000
      0.00000
      0.00000
      0.00000
      0.00000
      0.00000
      0.00000
      0.00000
      0.00000
      0.00000
      0.00000
      0.00000
      0.00000
      0.00000
      0.00000
      0.00000
      0.00000
      0.00000
      0.00000
      0.00000
      0.00000
      0.00000
      0.00000
      0.00000
      0.00000
      0.00000
      0.00000
      0.00000
      0.00000
      0.00000
      0.00000
      0.00000
      0.00000
      0.00000
      0.00000
      0.00000
      0.00000
      0.00000
      0.00000
      0.00000
      0.00000
      0.00000
      0.00000
      0.00000
      0.00000
      0.00000
      0.00000
      0.00000
      0.00000
      0.00000
      0.00000
      0.00000
      0.00000
      0.00000
      0.00000
      0.00000
      0.00000
      0.00000
      0.00000
      0.00000
      0.00000
      0.00000
      0.00000
      0.00000
      0.00000
  1.02335e-07
  3.87143e-07
  8.01937e-07
  9.96787e-07
  9.86988e-07
  8.69778e-07
  1.28845e-06
  2.35039e-06
  3.42380e-06
  3.72153e-06
  4.28432e-06
  3.84205e-06
  4.50091e-06
  4.29537e-06
  6.01347e-06
  7.09735e-06
  9.08617e-06
  1.70006e-05
  3.53678e-05
  5.20040e-05
  5.64629e-05
  5.55318e-05
  5.84846e-05
  6.51027e-05
  6.98205e-05
  6.98121e-05
  6.80767e-05
  7.66215e-05
  8.52109e-05
  0.000100165
  0.000115695
  0.000137863
  0.000176635
  0.000199528
  0.000224827
  0.000251748
  0.000287463
  0.000332543
  0.000372174
  0.000424234
  0.000504964
  0.000621744
  0.000765809
  0.000898393
   0.00105548
   0.00146621
   0.00224428
   0.00323665
   0.00445047
   0.00685072
    0.0151556
    0.0349808
    0.0944143
     0.195496
     0.234390
     0.199476
     0.102652
    0.0470342
    0.0212432
   0.00881075
   0.00504001
   0.00366153
   0.00264511
   0.00174068
   0.00117408
  0.000922381
  0.000789060
  0.000663766
  0.000540717
  0.000465974
  0.000414030
  0.000370847
  0.000313219
  0.000268622
  0.000237544
  0.000205541
  0.000172774
  0.000144260
  0.000127440
  0.000120832
  0.000108421
  9.44426e-05
  7.55328e-05
  6.94895e-05
  6.12310e-05
  5.67709e-05
  5.07020e-05
  5.30286e-05
  5.66964e-05
  5.45357e-05
  4.77467e-05
  4.06495e-05
  3.18662e-05
  2.00050e-05
  1.01089e-05
  4.64230e-06
  2.72542e-06
  2.59886e-06
  1.82185e-06
  1.42294e-06
  1.24580e-06
  1.22260e-06
  1.15960e-06
  6.05644e-07
  1.95851e-07
  8.65887e-09
  8.65887e-09
  8.65887e-09
  8.65887e-09
  8.65887e-09
  8.65887e-09
  8.65887e-09
  8.65887e-09
  8.65887e-09
  8.65887e-09
  8.65887e-09
  8.65887e-09
  8.65887e-09
  8.65887e-09
  8.65887e-09
  8.65887e-09
  8.65887e-09
  8.65887e-09
  8.65887e-09
  8.65887e-09
  8.65887e-09
  8.65887e-09
  8.65887e-09
  8.65887e-09
  8.65887e-09
  8.65887e-09
  8.65887e-09
  8.65887e-09
  8.65887e-09
  8.65887e-09
  8.65887e-09
  8.65887e-09
  8.65887e-09
  8.65887e-09
  8.65887e-09
  8.65887e-09
  8.65887e-09
  8.65887e-09
  8.65887e-09
  8.65887e-09
  8.65887e-09
  8.65887e-09
  8.65887e-09
  8.65887e-09
  8.65887e-09
  8.65887e-09
  8.65887e-09
  8.65887e-09
  8.65887e-09
  8.65887e-09
  8.65887e-09
  8.65887e-09
  8.65887e-09
  8.65887e-09
  8.65887e-09
  8.65887e-09
  8.65887e-09
  8.65887e-09
  8.65887e-09
  8.65887e-09
  8.65887e-09
  8.65887e-09
  8.65887e-09
  8.65887e-09
  8.65887e-09
  8.65887e-09
  8.65887e-09
  8.65887e-09
  8.65887e-09
  8.65887e-09
  8.65887e-09
  8.65887e-09
  8.65887e-09
  8.65887e-09
  8.65887e-09
  8.65887e-09
  8.65887e-09
  8.65887e-09
  8.65887e-09
  8.65887e-09
  8.65887e-09
  8.65887e-09
  8.65887e-09
  8.65887e-09
  8.65887e-09
      0.00000
