      0.00000
      0.00000
      0.00000
      0.00000
      0.00000
      0.00000
      0.00000
      0.00000
      0.00000
      0.00000
      0.00000
      0.00000
      0.00000
      0.00000
      0.00000
      0.00000
      0.00000
      0.00000
      0.00000
      0.00000
      0.00000
      0.00000
      0.00000
      0.00000
      0.00000
  0.000524002
   0.00205920
   0.00425874
   0.00746446
   0.00995708
    0.0115294
    0.0134544
    0.0145738
    0.0165784
    0.0170928
    0.0186402
    0.0199586
    0.0214644
    0.0248490
    0.0294034
    0.0330234
    0.0383547
    0.0475392
    0.0562997
    0.0624758
    0.0630700
    0.0716322
    0.0800664
    0.0911388
     0.100023
     0.106620
     0.114476
     0.120091
     0.128860
     0.136230
     0.139502
     0.141394
     0.137340
     0.130415
     0.120634
     0.110920
     0.101193
    0.0914351
    0.0803969
    0.0690655
    0.0605618
    0.0530972
    0.0502716
    0.0453584
    0.0397042
    0.0339011
    0.0287031
    0.0252142
    0.0207012
    0.0156868
    0.0130889
    0.0106096
   0.00750645
   0.00485201
   0.00292251
   0.00227474
   0.00120338
  0.000348968
 -1.00761e-05
  1.39811e-09
  1.39811e-09
  1.39811e-09
  1.39811e-09
  1.39811e-09
  1.39811e-09
  1.39811e-09
  1.39811e-09
  1.39811e-09
  1.39811e-09
  1.39811e-09
  1.39811e-09
  1.39811e-09
  1.39811e-09
  1.39811e-09
  1.39811e-09
  1.39811e-09
  1.39811e-09
  1.39811e-09
  1.39811e-09
  1.39811e-09
  1.39811e-09
  1.39811e-09
      0.00000
