      0.00000
      0.00000
      0.00000
      0.00000
      0.00000
      0.00000
      0.00000
      0.00000
      0.00000
      0.00000
      0.00000
      0.00000
      0.00000
      0.00000
      0.00000
      0.00000
      0.00000
      0.00000
      0.00000
      0.00000
      0.00000
      0.00000
      0.00000
      0.00000
      0.00000
      0.00000
      0.00000
      0.00000
      0.00000
      0.00000
      0.00000
      0.00000
      0.00000
      0.00000
      0.00000
      0.00000
      0.00000
      0.00000
      0.00000
      0.00000
      0.00000
      0.00000
      0.00000
      0.00000
      0.00000
      0.00000
      0.00000
      0.00000
      0.00000
      0.00000
      0.00000
      0.00000
      0.00000
      0.00000
      0.00000
      0.00000
      0.00000
      0.00000
      0.00000
  3.20755e-06
  2.44010e-05
  6.09170e-05
  0.000148306
  0.000308204
  0.000468974
  0.000629446
  0.000781482
   0.00120739
   0.00172246
   0.00224982
   0.00272992
   0.00324438
   0.00396804
   0.00469973
   0.00535706
   0.00587891
   0.00651480
   0.00720765
   0.00816983
   0.00912765
    0.0104894
    0.0120857
    0.0142008
    0.0163838
    0.0190776
    0.0218153
    0.0246608
    0.0268307
    0.0284463
    0.0296044
    0.0308280
    0.0327041
    0.0354227
    0.0389163
    0.0429617
    0.0462736
    0.0464372
    0.0437224
    0.0393852
    0.0357077
    0.0327980
    0.0304671
    0.0290372
    0.0277250
    0.0265822
    0.0251738
    0.0234855
    0.0217014
    0.0198155
    0.0180777
    0.0163784
    0.0143785
    0.0120960
   0.00967646
   0.00752312
   0.00588759
   0.00454370
   0.00342805
   0.00257546
   0.00193664
   0.00156439
   0.00122524
   0.00111674
  0.000955511
  0.000736415
  0.000397986
  0.000193347
  6.64913e-05
  3.62002e-07
  5.56306e-10
  5.56306e-10
  5.56306e-10
  5.56306e-10
  5.56306e-10
  5.56306e-10
  5.56306e-10
  5.56306e-10
  5.56306e-10
  5.56306e-10
  5.56306e-10
  5.56306e-10
  5.56306e-10
  5.56306e-10
  5.56306e-10
  5.56306e-10
  5.56306e-10
  5.56306e-10
  5.56306e-10
  5.56306e-10
  5.56306e-10
  5.56306e-10
  5.56306e-10
  5.56306e-10
  5.56306e-10
  5.56306e-10
  5.56306e-10
  5.56306e-10
  5.56306e-10
  5.56306e-10
  5.56306e-10
  5.56306e-10
  5.56306e-10
  5.56306e-10
  5.56306e-10
  5.56306e-10
  5.56306e-10
  5.56306e-10
  5.56306e-10
  5.56306e-10
  5.56306e-10
  5.56306e-10
  5.56306e-10
  5.56306e-10
  5.56306e-10
  5.56306e-10
  5.56306e-10
  5.56306e-10
  5.56306e-10
  5.56306e-10
  5.56306e-10
  5.56306e-10
  5.56306e-10
  5.56306e-10
  5.56306e-10
  5.56306e-10
  5.56306e-10
  5.56306e-10
  5.56306e-10
  5.56306e-10
      0.00000
