      0.00000
      0.00000
      0.00000
      0.00000
      0.00000
      0.00000
      0.00000
      0.00000
      0.00000
      0.00000
      0.00000
      0.00000
      0.00000
      0.00000
      0.00000
      0.00000
      0.00000
      0.00000
      0.00000
      0.00000
      0.00000
      0.00000
      0.00000
      0.00000
      0.00000
      0.00000
      0.00000
      0.00000
      0.00000
      0.00000
      0.00000
      0.00000
      0.00000
      0.00000
      0.00000
      0.00000
      0.00000
      0.00000
      0.00000
      0.00000
      0.00000
      0.00000
      0.00000
      0.00000
      0.00000
      0.00000
      0.00000
      0.00000
      0.00000
      0.00000
      0.00000
      0.00000
      0.00000
      0.00000
  2.90148e-06
  9.42046e-05
  0.000193605
  0.000313870
  0.000428786
  0.000937578
   0.00152493
   0.00199603
   0.00241246
   0.00291062
   0.00321546
   0.00349479
   0.00347435
   0.00347281
   0.00291620
   0.00274663
   0.00307704
   0.00366633
   0.00446729
   0.00560899
   0.00720481
   0.00781174
   0.00846265
    0.0102284
    0.0136159
    0.0186670
    0.0236687
    0.0284992
    0.0348182
    0.0480340
    0.0712658
     0.106331
     0.128343
     0.120819
    0.0888638
    0.0553897
    0.0377668
    0.0285730
    0.0239461
    0.0219462
    0.0198143
    0.0187609
    0.0149677
   0.00977849
   0.00413725
   0.00120009
  0.000131786
 -4.96122e-10
 -4.96122e-10
 -4.96122e-10
 -4.96122e-10
 -4.96122e-10
 -4.96122e-10
 -4.96122e-10
 -4.96122e-10
 -4.96122e-10
 -4.96122e-10
 -4.96122e-10
 -4.96122e-10
 -4.96122e-10
 -4.96122e-10
 -4.96122e-10
 -4.96122e-10
 -4.96122e-10
 -4.96122e-10
 -4.96122e-10
 -4.96122e-10
 -4.96122e-10
 -4.96122e-10
 -4.96122e-10
 -4.96122e-10
 -4.96122e-10
 -4.96122e-10
 -4.96122e-10
 -4.96122e-10
 -4.96122e-10
 -4.96122e-10
 -4.96122e-10
 -4.96122e-10
 -4.96122e-10
 -4.96122e-10
 -4.96122e-10
 -4.96122e-10
 -4.96122e-10
 -4.96122e-10
 -4.96122e-10
 -4.96122e-10
 -4.96122e-10
 -4.96122e-10
 -4.96122e-10
 -4.96122e-10
 -4.96122e-10
 -4.96122e-10
 -4.96122e-10
 -4.96122e-10
 -4.96122e-10
 -4.96122e-10
 -4.96122e-10
 -4.96122e-10
 -4.96122e-10
 -4.96122e-10
 -4.96122e-10
 -4.96122e-10
 -4.96122e-10
 -4.96122e-10
 -4.96122e-10
 -4.96122e-10
 -4.96122e-10
 -4.96122e-10
 -4.96122e-10
 -4.96122e-10
 -4.96122e-10
 -4.96122e-10
      0.00000
