      0.00000
      0.00000
      0.00000
      0.00000
      0.00000
      0.00000
      0.00000
      0.00000
      0.00000
      0.00000
      0.00000
  0.000323020
   0.00501529
    0.0210772
    0.0369939
    0.0435447
    0.0442374
    0.0418826
    0.0478795
    0.0492361
    0.0542890
    0.0621347
    0.0661687
    0.0788687
    0.0861779
    0.0904752
    0.0814231
    0.0628183
    0.0492292
    0.0356464
    0.0256176
    0.0129094
   0.00390664
  0.000145371
 -2.90557e-09
 -2.90557e-09
 -2.90557e-09
 -2.90557e-09
 -2.90557e-09
 -2.90557e-09
 -2.90557e-09
 -2.90557e-09
 -2.90557e-09
 -2.90557e-09
      0.00000
