      0.00000
      0.00000
      0.00000
      0.00000
      0.00000
      0.00000
      0.00000
      0.00000
      0.00000
      0.00000
      0.00000
      0.00000
      0.00000
      0.00000
      0.00000
      0.00000
      0.00000
      0.00000
      0.00000
      0.00000
      0.00000
   0.00268138
    0.0104518
    0.0284129
    0.0550912
    0.0831741
     0.109892
     0.129014
     0.131824
     0.117573
    0.0923090
    0.0681750
    0.0461815
    0.0314514
    0.0268214
    0.0268051
    0.0216721
    0.0128870
   0.00446794
   0.00111466
  2.04437e-09
  2.04437e-09
  2.04437e-09
  2.04437e-09
  2.04437e-09
  2.04437e-09
  2.04437e-09
  2.04437e-09
  2.04437e-09
  2.04437e-09
  2.04437e-09
  2.04437e-09
  2.04437e-09
  2.04437e-09
  2.04437e-09
  2.04437e-09
      0.00000
