      0.00000
      0.00000
      0.00000
      0.00000
      0.00000
      0.00000
      0.00000
      0.00000
      0.00000
      0.00000
      0.00000
      0.00000
   0.00405040
    0.0160210
    0.0318376
    0.0585280
    0.0817752
     0.104686
     0.123716
     0.133658
     0.128977
     0.101620
    0.0719204
    0.0508235
    0.0374674
    0.0258696
    0.0168916
   0.00795202
   0.00408875
  0.000117584
  5.49636e-09
  5.49636e-09
  5.49636e-09
  5.49636e-09
  5.49636e-09
  5.49636e-09
  5.49636e-09
  5.49636e-09
      0.00000
