      0.00000
      0.00000
      0.00000
      0.00000
      0.00000
      0.00000
      0.00000
      0.00000
      0.00000
      0.00000
      0.00000
      0.00000
      0.00000
      0.00000
      0.00000
      0.00000
      0.00000
      0.00000
      0.00000
      0.00000
      0.00000
      0.00000
      0.00000
      0.00000
      0.00000
      0.00000
      0.00000
      0.00000
      0.00000
      0.00000
      0.00000
      0.00000
      0.00000
      0.00000
      0.00000
      0.00000
      0.00000
      0.00000
      0.00000
      0.00000
      0.00000
      0.00000
      0.00000
      0.00000
      0.00000
      0.00000
      0.00000
      0.00000
      0.00000
      0.00000
      0.00000
      0.00000
      0.00000
      0.00000
      0.00000
      0.00000
      0.00000
  1.29510e-05
  0.000204109
  0.000427843
  0.000774482
  0.000985599
   0.00123332
   0.00140760
   0.00178066
   0.00272493
   0.00400116
   0.00488508
   0.00528940
   0.00625813
   0.00711225
   0.00864122
    0.0102350
    0.0137054
    0.0172609
    0.0220944
    0.0252297
    0.0274218
    0.0276962
    0.0313300
    0.0408884
    0.0654275
     0.103483
     0.125708
     0.116641
    0.0822532
    0.0535711
    0.0367181
    0.0274807
    0.0208139
    0.0176519
    0.0149874
    0.0139499
    0.0124234
    0.0107624
   0.00872074
   0.00734800
   0.00568246
   0.00416342
   0.00304476
   0.00268985
   0.00211206
   0.00127587
  0.000603212
  0.000349869
  0.000322525
  0.000158748
  5.63992e-05
  5.81979e-09
  5.81979e-09
  5.81979e-09
  5.81979e-09
  5.81979e-09
  5.81979e-09
  5.81979e-09
  5.81979e-09
  5.81979e-09
  5.81979e-09
  5.81979e-09
  5.81979e-09
  5.81979e-09
  5.81979e-09
  5.81979e-09
  5.81979e-09
  5.81979e-09
  5.81979e-09
  5.81979e-09
  5.81979e-09
  5.81979e-09
  5.81979e-09
  5.81979e-09
  5.81979e-09
  5.81979e-09
  5.81979e-09
  5.81979e-09
  5.81979e-09
  5.81979e-09
  5.81979e-09
  5.81979e-09
  5.81979e-09
  5.81979e-09
  5.81979e-09
  5.81979e-09
  5.81979e-09
  5.81979e-09
  5.81979e-09
  5.81979e-09
  5.81979e-09
  5.81979e-09
  5.81979e-09
  5.81979e-09
  5.81979e-09
  5.81979e-09
  5.81979e-09
  5.81979e-09
  5.81979e-09
  5.81979e-09
  5.81979e-09
  5.81979e-09
  5.81979e-09
  5.81979e-09
  5.81979e-09
  5.81979e-09
  5.81979e-09
  5.81979e-09
  5.81979e-09
  5.81979e-09
      0.00000
