      0.00000
      0.00000
      0.00000
      0.00000
      0.00000
      0.00000
      0.00000
      0.00000
      0.00000
      0.00000
      0.00000
      0.00000
  0.000983592
    0.0151024
    0.0280835
    0.0414137
    0.0394000
    0.0444577
    0.0462719
    0.0540904
    0.0581990
    0.0714736
    0.0753721
    0.0874696
    0.0879548
    0.0899060
    0.0753061
    0.0599467
    0.0457512
    0.0334273
    0.0245044
    0.0137113
   0.00639003
  0.000784567
 -5.39113e-09
 -5.39113e-09
 -5.39113e-09
 -5.39113e-09
 -5.39113e-09
 -5.39113e-09
 -5.39113e-09
 -5.39113e-09
 -5.39113e-09
 -5.39113e-09
      0.00000
