      0.00000
      0.00000
      0.00000
      0.00000
      0.00000
      0.00000
      0.00000
      0.00000
      0.00000
      0.00000
      0.00000
      0.00000
  2.17574e-06
  0.000575942
   0.00220093
   0.00597898
   0.00915205
    0.0132873
    0.0184976
    0.0281437
    0.0426317
    0.0625626
    0.0895860
     0.117985
     0.138542
     0.136440
     0.112602
    0.0804028
    0.0524558
    0.0343401
    0.0220353
    0.0148255
   0.00906809
   0.00509952
   0.00215395
   0.00121819
  0.000212602
  3.93138e-09
  3.93138e-09
  3.93138e-09
  3.93138e-09
  3.93138e-09
  3.93138e-09
  3.93138e-09
  3.93138e-09
  3.93138e-09
  3.93138e-09
  3.93138e-09
  3.93138e-09
      0.00000
