      0.00000
      0.00000
      0.00000
      0.00000
      0.00000
      0.00000
      0.00000
      0.00000
      0.00000
      0.00000
      0.00000
      0.00000
      0.00000
      0.00000
      0.00000
      0.00000
      0.00000
      0.00000
      0.00000
      0.00000
      0.00000
      0.00000
      0.00000
      0.00000
      0.00000
      0.00000
      0.00000
  5.51279e-07
   0.00150340
   0.00498801
    0.0136400
    0.0262008
    0.0372833
    0.0525447
    0.0689733
    0.0924100
     0.108008
     0.120539
     0.127387
     0.118093
    0.0946964
    0.0621643
    0.0391382
    0.0206018
   0.00908620
   0.00190911
  0.000818393
  1.42549e-05
  9.01741e-10
  9.01741e-10
  9.01741e-10
  9.01741e-10
  9.01741e-10
  9.01741e-10
  9.01741e-10
  9.01741e-10
  9.01741e-10
  9.01741e-10
  9.01741e-10
  9.01741e-10
  9.01741e-10
  9.01741e-10
  9.01741e-10
  9.01741e-10
  9.01741e-10
  9.01741e-10
  9.01741e-10
  9.01741e-10
  9.01741e-10
  9.01741e-10
  9.01741e-10
  9.01741e-10
  9.01741e-10
  9.01741e-10
      0.00000
