      0.00000
      0.00000
      0.00000
      0.00000
      0.00000
      0.00000
      0.00000
      0.00000
      0.00000
      0.00000
      0.00000
      0.00000
      0.00000
      0.00000
      0.00000
      0.00000
      0.00000
      0.00000
      0.00000
      0.00000
      0.00000
      0.00000
  1.09332e-06
  0.000297070
   0.00149414
   0.00599312
    0.0121499
    0.0237162
    0.0356977
    0.0521783
    0.0693334
    0.0874997
     0.107102
     0.127503
     0.147282
     0.170542
     0.197951
     0.237033
     0.282182
     0.336978
     0.384809
     0.405551
     0.385380
     0.347916
     0.309207
     0.272625
     0.233703
     0.185333
     0.142379
     0.102344
    0.0761277
    0.0583263
    0.0465117
    0.0379653
    0.0323060
    0.0249879
    0.0194763
    0.0144637
    0.0115471
   0.00789693
   0.00421099
   0.00134234
  0.000657389
  1.52173e-09
  1.52173e-09
  1.52173e-09
  1.52173e-09
  1.52173e-09
  1.52173e-09
  1.52173e-09
  1.52173e-09
  1.52173e-09
  1.52173e-09
  1.52173e-09
  1.52173e-09
  1.52173e-09
  1.52173e-09
  1.52173e-09
  1.52173e-09
  1.52173e-09
  1.52173e-09
      0.00000
