      0.00000
      0.00000
      0.00000
      0.00000
      0.00000
      0.00000
      0.00000
      0.00000
      0.00000
      0.00000
      0.00000
      0.00000
      0.00000
      0.00000
      0.00000
      0.00000
      0.00000
      0.00000
  0.000455631
   0.00963283
    0.0282285
    0.0691184
     0.120737
     0.176937
     0.192357
     0.160634
     0.102602
    0.0560352
    0.0337155
    0.0223356
    0.0155810
   0.00861454
   0.00322940
 -0.000214095
  1.59916e-09
  1.59916e-09
  1.59916e-09
  1.59916e-09
  1.59916e-09
  1.59916e-09
  1.59916e-09
  1.59916e-09
  1.59916e-09
  1.59916e-09
  1.59916e-09
  1.59916e-09
  1.59916e-09
  1.59916e-09
  1.59916e-09
      0.00000
