      0.00000
      0.00000
      0.00000
      0.00000
      0.00000
      0.00000
      0.00000
      0.00000
      0.00000
      0.00000
      0.00000
      0.00000
      0.00000
  0.000215261
   0.00344608
    0.0120833
    0.0360245
    0.0684806
     0.114869
     0.177482
     0.263262
     0.355375
     0.418167
     0.420201
     0.358987
     0.271781
     0.189382
     0.126397
    0.0822017
    0.0488122
    0.0295262
    0.0133501
   0.00641614
   0.00276304
  0.000778513
 -2.49325e-09
 -2.49325e-09
 -2.49325e-09
 -2.49325e-09
 -2.49325e-09
 -2.49325e-09
 -2.49325e-09
 -2.49325e-09
 -2.49325e-09
 -2.49325e-09
 -2.49325e-09
      0.00000
