      0.00000
      0.00000
      0.00000
      0.00000
      0.00000
      0.00000
      0.00000
      0.00000
      0.00000
      0.00000
      0.00000
   0.00124885
   0.00574868
    0.0136314
    0.0249136
    0.0342292
    0.0440789
    0.0638315
    0.0933905
     0.137689
     0.188346
     0.254121
     0.325909
     0.377153
     0.377366
     0.328992
     0.261226
     0.192473
     0.129530
    0.0751454
    0.0416862
    0.0201691
   0.00813563
  0.000985438
 -6.79222e-09
 -6.79222e-09
 -6.79222e-09
 -6.79222e-09
 -6.79222e-09
 -6.79222e-09
 -6.79222e-09
 -6.79222e-09
 -6.79222e-09
 -6.79222e-09
 -6.79222e-09
      0.00000
