      0.00000
      0.00000
      0.00000
      0.00000
      0.00000
      0.00000
      0.00000
      0.00000
      0.00000
      0.00000
      0.00000
      0.00000
      0.00000
      0.00000
      0.00000
      0.00000
      0.00000
      0.00000
      0.00000
  7.59889e-06
  0.000193661
  0.000519317
   0.00152521
   0.00342331
   0.00594536
   0.00865141
   0.00984825
    0.0110598
    0.0123258
    0.0153012
    0.0195580
    0.0248143
    0.0310329
    0.0336129
    0.0371352
    0.0391651
    0.0443134
    0.0476590
    0.0506238
    0.0532738
    0.0559408
    0.0576257
    0.0559338
    0.0512601
    0.0462734
    0.0419747
    0.0380370
    0.0340985
    0.0308001
    0.0270849
    0.0246829
    0.0200226
    0.0163042
    0.0115728
   0.00927520
   0.00798022
   0.00666214
   0.00590317
   0.00380282
   0.00236854
   0.00110753
  0.000804638
  0.000461055
  3.36430e-05
 -4.10415e-09
 -4.10415e-09
 -4.10415e-09
 -4.10415e-09
 -4.10415e-09
 -4.10415e-09
 -4.10415e-09
 -4.10415e-09
 -4.10415e-09
 -4.10415e-09
 -4.10415e-09
 -4.10415e-09
 -4.10415e-09
 -4.10415e-09
 -4.10415e-09
 -4.10415e-09
 -4.10415e-09
      0.00000
