      0.00000
      0.00000
      0.00000
      0.00000
      0.00000
      0.00000
      0.00000
      0.00000
      0.00000
      0.00000
      0.00000
      0.00000
      0.00000
      0.00000
   0.00344292
    0.0101683
    0.0185550
    0.0237717
    0.0353021
    0.0484538
    0.0596217
    0.0613234
    0.0800944
     0.102129
     0.133906
     0.162138
     0.210379
     0.261295
     0.280180
     0.263156
     0.218288
     0.176542
     0.146912
     0.134291
     0.126205
     0.104640
    0.0845677
    0.0746207
    0.0764940
    0.0608577
    0.0332120
   0.00945402
  2.82994e-09
  2.82994e-09
  2.82994e-09
  2.82994e-09
  2.82994e-09
  2.82994e-09
  2.82994e-09
  2.82994e-09
  2.82994e-09
  2.82994e-09
  2.82994e-09
  2.82994e-09
  2.82994e-09
  2.82994e-09
      0.00000
