      0.00000
      0.00000
      0.00000
      0.00000
      0.00000
      0.00000
      0.00000
      0.00000
      0.00000
      0.00000
      0.00000
      0.00000
      0.00000
      0.00000
      0.00000
      0.00000
      0.00000
      0.00000
      0.00000
      0.00000
      0.00000
      0.00000
      0.00000
      0.00000
      0.00000
      0.00000
      0.00000
      0.00000
      0.00000
      0.00000
      0.00000
      0.00000
      0.00000
      0.00000
      0.00000
      0.00000
      0.00000
      0.00000
      0.00000
      0.00000
      0.00000
      0.00000
      0.00000
      0.00000
      0.00000
      0.00000
      0.00000
      0.00000
      0.00000
      0.00000
      0.00000
      0.00000
      0.00000
      0.00000
      0.00000
      0.00000
      0.00000
      0.00000
  3.34325e-05
  0.000235613
  0.000553921
  0.000885787
   0.00112306
   0.00133882
   0.00152333
   0.00189015
   0.00227495
   0.00290226
   0.00353103
   0.00405519
   0.00469031
   0.00499515
   0.00542108
   0.00577610
   0.00643519
   0.00718496
   0.00792932
   0.00864152
   0.00951488
    0.0105008
    0.0114811
    0.0126541
    0.0140455
    0.0160905
    0.0182822
    0.0206121
    0.0225754
    0.0242805
    0.0256295
    0.0269555
    0.0285852
    0.0305322
    0.0328807
    0.0356411
    0.0391512
    0.0423410
    0.0427585
    0.0404977
    0.0364829
    0.0331048
    0.0303051
    0.0280679
    0.0263154
    0.0248233
    0.0236944
    0.0226656
    0.0217509
    0.0206260
    0.0193917
    0.0181729
    0.0171417
    0.0162322
    0.0150716
    0.0135658
    0.0117690
   0.00958282
   0.00748796
   0.00573956
   0.00454122
   0.00361510
   0.00283256
   0.00226330
   0.00180186
   0.00153527
   0.00135498
   0.00121033
  0.000964292
  0.000734434
  0.000463261
  0.000237530
  2.31749e-05
  6.01882e-10
  6.01882e-10
  6.01882e-10
  6.01882e-10
  6.01882e-10
  6.01882e-10
  6.01882e-10
  6.01882e-10
  6.01882e-10
  6.01882e-10
  6.01882e-10
  6.01882e-10
  6.01882e-10
  6.01882e-10
  6.01882e-10
  6.01882e-10
  6.01882e-10
  6.01882e-10
  6.01882e-10
  6.01882e-10
  6.01882e-10
  6.01882e-10
  6.01882e-10
  6.01882e-10
  6.01882e-10
  6.01882e-10
  6.01882e-10
  6.01882e-10
  6.01882e-10
  6.01882e-10
  6.01882e-10
  6.01882e-10
  6.01882e-10
  6.01882e-10
  6.01882e-10
  6.01882e-10
  6.01882e-10
  6.01882e-10
  6.01882e-10
  6.01882e-10
  6.01882e-10
  6.01882e-10
  6.01882e-10
  6.01882e-10
  6.01882e-10
  6.01882e-10
  6.01882e-10
  6.01882e-10
  6.01882e-10
  6.01882e-10
  6.01882e-10
  6.01882e-10
  6.01882e-10
  6.01882e-10
  6.01882e-10
  6.01882e-10
  6.01882e-10
  6.01882e-10
      0.00000
