      0.00000
      0.00000
      0.00000
      0.00000
      0.00000
      0.00000
      0.00000
      0.00000
      0.00000
      0.00000
      0.00000
      0.00000
      0.00000
      0.00000
      0.00000
      0.00000
      0.00000
      0.00000
      0.00000
      0.00000
      0.00000
      0.00000
      0.00000
      0.00000
      0.00000
      0.00000
      0.00000
      0.00000
      0.00000
      0.00000
      0.00000
      0.00000
      0.00000
      0.00000
      0.00000
      0.00000
      0.00000
      0.00000
      0.00000
      0.00000
      0.00000
      0.00000
      0.00000
      0.00000
      0.00000
      0.00000
      0.00000
      0.00000
      0.00000
      0.00000
      0.00000
      0.00000
      0.00000
      0.00000
      0.00000
      0.00000
      0.00000
      0.00000
      0.00000
      0.00000
      0.00000
      0.00000
      0.00000
      0.00000
      0.00000
      0.00000
      0.00000
      0.00000
  9.07257e-06
  0.000194823
  0.000884414
   0.00274381
   0.00471467
   0.00604471
   0.00719557
   0.00848588
    0.0116736
    0.0152009
    0.0196971
    0.0245091
    0.0303034
    0.0407853
    0.0592074
    0.0901344
     0.129121
     0.144602
     0.126719
    0.0855361
    0.0529024
    0.0360572
    0.0276845
    0.0229184
    0.0182727
    0.0137862
   0.00974927
   0.00659109
   0.00332756
  0.000841630
  0.000106615
 -1.12775e-09
 -1.12775e-09
 -1.12775e-09
 -1.12775e-09
 -1.12775e-09
 -1.12775e-09
 -1.12775e-09
 -1.12775e-09
 -1.12775e-09
 -1.12775e-09
 -1.12775e-09
 -1.12775e-09
 -1.12775e-09
 -1.12775e-09
 -1.12775e-09
 -1.12775e-09
 -1.12775e-09
 -1.12775e-09
 -1.12775e-09
 -1.12775e-09
 -1.12775e-09
 -1.12775e-09
 -1.12775e-09
 -1.12775e-09
 -1.12775e-09
 -1.12775e-09
 -1.12775e-09
 -1.12775e-09
 -1.12775e-09
 -1.12775e-09
 -1.12775e-09
 -1.12775e-09
 -1.12775e-09
 -1.12775e-09
 -1.12775e-09
 -1.12775e-09
 -1.12775e-09
 -1.12775e-09
 -1.12775e-09
 -1.12775e-09
 -1.12775e-09
 -1.12775e-09
 -1.12775e-09
 -1.12775e-09
 -1.12775e-09
 -1.12775e-09
 -1.12775e-09
 -1.12775e-09
 -1.12775e-09
 -1.12775e-09
 -1.12775e-09
 -1.12775e-09
 -1.12775e-09
 -1.12775e-09
 -1.12775e-09
 -1.12775e-09
 -1.12775e-09
 -1.12775e-09
 -1.12775e-09
 -1.12775e-09
 -1.12775e-09
 -1.12775e-09
 -1.12775e-09
 -1.12775e-09
 -1.12775e-09
 -1.12775e-09
 -1.12775e-09
 -1.12775e-09
      0.00000
