      0.00000
      0.00000
      0.00000
      0.00000
      0.00000
      0.00000
      0.00000
      0.00000
      0.00000
      0.00000
      0.00000
      0.00000
      0.00000
      0.00000
      0.00000
  0.000179306
   0.00224979
    0.0112445
    0.0274934
    0.0513878
    0.0767800
     0.102420
     0.120949
     0.126605
     0.123471
     0.109105
    0.0904742
    0.0671736
    0.0446052
    0.0264753
    0.0125967
   0.00503648
   0.00175395
  4.36700e-11
  4.36700e-11
  4.36700e-11
  4.36700e-11
  4.36700e-11
  4.36700e-11
  4.36700e-11
  4.36700e-11
  4.36700e-11
  4.36700e-11
  4.36700e-11
  4.36700e-11
  4.36700e-11
  4.36700e-11
      0.00000
