      0.00000
      0.00000
      0.00000
      0.00000
      0.00000
      0.00000
      0.00000
      0.00000
      0.00000
      0.00000
      0.00000
      0.00000
      0.00000
      0.00000
  0.000137398
   0.00167021
    0.0105827
    0.0240323
    0.0398978
    0.0547545
    0.0741601
    0.0895082
    0.0992586
     0.101857
    0.0963854
    0.0860535
    0.0625816
    0.0416558
    0.0203533
    0.0130912
    0.0131102
    0.0245925
    0.0318577
    0.0422624
    0.0368017
    0.0256165
   0.00884335
  0.000936530
  4.56411e-09
  4.56411e-09
  4.56411e-09
  4.56411e-09
  4.56411e-09
  4.56411e-09
  4.56411e-09
  4.56411e-09
  4.56411e-09
  4.56411e-09
  4.56411e-09
      0.00000
