      0.00000
      0.00000
      0.00000
      0.00000
      0.00000
      0.00000
      0.00000
      0.00000
      0.00000
      0.00000
      0.00000
      0.00000
      0.00000
      0.00000
      0.00000
      0.00000
      0.00000
      0.00000
      0.00000
      0.00000
      0.00000
      0.00000
      0.00000
      0.00000
      0.00000
      0.00000
      0.00000
      0.00000
      0.00000
      0.00000
      0.00000
      0.00000
      0.00000
  0.000217220
  0.000738888
   0.00199351
   0.00238356
   0.00214358
   0.00186086
   0.00369923
   0.00579200
   0.00908186
    0.0130606
    0.0172158
    0.0209888
    0.0237853
    0.0286409
    0.0325883
    0.0374884
    0.0430134
    0.0456249
    0.0485057
    0.0496535
    0.0523826
    0.0537286
    0.0527906
    0.0538948
    0.0519402
    0.0489844
    0.0447489
    0.0407851
    0.0378576
    0.0341187
    0.0289297
    0.0241891
    0.0193286
    0.0163750
    0.0138952
    0.0118261
   0.00945307
   0.00699106
   0.00463752
   0.00298161
   0.00142731
  0.000257992
  2.64194e-09
  2.64194e-09
  2.64194e-09
  2.64194e-09
  2.64194e-09
  2.64194e-09
  2.64194e-09
  2.64194e-09
  2.64194e-09
  2.64194e-09
  2.64194e-09
  2.64194e-09
  2.64194e-09
  2.64194e-09
  2.64194e-09
  2.64194e-09
  2.64194e-09
  2.64194e-09
  2.64194e-09
  2.64194e-09
  2.64194e-09
  2.64194e-09
  2.64194e-09
  2.64194e-09
  2.64194e-09
  2.64194e-09
  2.64194e-09
  2.64194e-09
  2.64194e-09
  2.64194e-09
  2.64194e-09
  2.64194e-09
      0.00000
