      0.00000
      0.00000
      0.00000
      0.00000
      0.00000
      0.00000
      0.00000
      0.00000
      0.00000
      0.00000
      0.00000
      0.00000
      0.00000
  2.32523e-05
   0.00100554
   0.00371916
   0.00907975
    0.0156934
    0.0271264
    0.0443362
    0.0680609
    0.0921857
     0.107329
     0.113940
     0.110846
     0.105880
    0.0968525
    0.0781014
    0.0560799
    0.0353587
    0.0212454
    0.0106054
   0.00242202
  0.000108692
 -1.98130e-09
 -1.98130e-09
 -1.98130e-09
 -1.98130e-09
 -1.98130e-09
 -1.98130e-09
 -1.98130e-09
 -1.98130e-09
 -1.98130e-09
 -1.98130e-09
 -1.98130e-09
 -1.98130e-09
 -1.98130e-09
      0.00000
