      0.00000
      0.00000
      0.00000
      0.00000
      0.00000
      0.00000
      0.00000
      0.00000
      0.00000
      0.00000
      0.00000
      0.00000
      0.00000
      0.00000
      0.00000
      0.00000
      0.00000
      0.00000
  1.81189e-06
   0.00103678
   0.00290620
   0.00626200
    0.0101655
    0.0144177
    0.0182358
    0.0224293
    0.0286200
    0.0368356
    0.0471167
    0.0567284
    0.0669532
    0.0748115
    0.0798755
    0.0798699
    0.0763367
    0.0701160
    0.0612434
    0.0515077
    0.0420435
    0.0342393
    0.0276970
    0.0233469
    0.0200428
    0.0162912
    0.0125287
   0.00869617
   0.00593406
   0.00275040
  0.000953426
  6.93019e-06
  2.66184e-09
  2.66184e-09
  2.66184e-09
  2.66184e-09
  2.66184e-09
  2.66184e-09
  2.66184e-09
  2.66184e-09
  2.66184e-09
  2.66184e-09
  2.66184e-09
  2.66184e-09
  2.66184e-09
  2.66184e-09
  2.66184e-09
  2.66184e-09
  2.66184e-09
      0.00000
