      0.00000
      0.00000
      0.00000
      0.00000
      0.00000
      0.00000
      0.00000
      0.00000
      0.00000
      0.00000
      0.00000
   0.00217028
    0.0117846
    0.0227380
    0.0395594
    0.0540727
    0.0720326
    0.0961413
     0.130499
     0.175750
     0.233265
     0.296045
     0.359861
     0.394499
     0.408403
     0.390531
     0.352208
     0.288036
     0.227320
     0.177254
     0.130441
    0.0818171
    0.0380091
    0.0140508
   0.00328321
  0.000226489
 -5.91613e-09
 -5.91613e-09
 -5.91613e-09
 -5.91613e-09
 -5.91613e-09
 -5.91613e-09
 -5.91613e-09
 -5.91613e-09
 -5.91613e-09
 -5.91613e-09
 -5.91613e-09
      0.00000
