      0.00000
      0.00000
      0.00000
      0.00000
      0.00000
      0.00000
      0.00000
      0.00000
      0.00000
      0.00000
      0.00000
      0.00000
      0.00000
      0.00000
  0.000137398
   0.00167021
    0.0105827
    0.0250457
    0.0481327
    0.0859781
     0.145448
     0.227525
     0.319065
     0.407098
     0.431440
     0.386399
     0.288324
     0.198034
     0.122835
    0.0732423
    0.0423062
    0.0374019
    0.0350871
    0.0420483
    0.0368017
    0.0256165
   0.00884336
  0.000936533
  7.56477e-09
  7.56477e-09
  7.56477e-09
  7.56477e-09
  7.56477e-09
  7.56477e-09
  7.56477e-09
  7.56477e-09
  7.56477e-09
  7.56477e-09
  7.56477e-09
      0.00000
