      0.00000
      0.00000
      0.00000
      0.00000
      0.00000
      0.00000
      0.00000
      0.00000
      0.00000
      0.00000
      0.00000
      0.00000
      0.00000
      0.00000
      0.00000
      0.00000
      0.00000
      0.00000
      0.00000
      0.00000
      0.00000
      0.00000
      0.00000
      0.00000
      0.00000
      0.00000
      0.00000
      0.00000
      0.00000
      0.00000
      0.00000
      0.00000
      0.00000
      0.00000
      0.00000
      0.00000
      0.00000
      0.00000
      0.00000
      0.00000
      0.00000
      0.00000
      0.00000
      0.00000
      0.00000
      0.00000
      0.00000
      0.00000
      0.00000
      0.00000
      0.00000
      0.00000
      0.00000
      0.00000
      0.00000
      0.00000
      0.00000
      0.00000
      0.00000
      0.00000
      0.00000
      0.00000
      0.00000
      0.00000
      0.00000
      0.00000
      0.00000
      0.00000
  8.05149e-06
  6.22967e-05
  0.000173219
  0.000432101
   0.00106760
   0.00175411
   0.00272057
   0.00370266
   0.00488923
   0.00630274
   0.00804076
    0.0105715
    0.0131492
    0.0154610
    0.0172550
    0.0187864
    0.0204393
    0.0220425
    0.0236158
    0.0255050
    0.0276937
    0.0304108
    0.0329741
    0.0359070
    0.0394381
    0.0443549
    0.0498971
    0.0534000
    0.0533231
    0.0501694
    0.0466521
    0.0439396
    0.0412891
    0.0382063
    0.0341473
    0.0301436
    0.0262921
    0.0228092
    0.0195255
    0.0163517
    0.0138214
    0.0116372
   0.00995940
   0.00817315
   0.00654063
   0.00496036
   0.00376340
   0.00276643
   0.00199000
   0.00141309
  0.000966605
  0.000657680
  0.000335387
  0.000111667
 -8.17158e-10
 -8.17158e-10
 -8.17158e-10
 -8.17158e-10
 -8.17158e-10
 -8.17158e-10
 -8.17158e-10
 -8.17158e-10
 -8.17158e-10
 -8.17158e-10
 -8.17158e-10
 -8.17158e-10
 -8.17158e-10
 -8.17158e-10
 -8.17158e-10
 -8.17158e-10
 -8.17158e-10
 -8.17158e-10
 -8.17158e-10
 -8.17158e-10
 -8.17158e-10
 -8.17158e-10
 -8.17158e-10
 -8.17158e-10
 -8.17158e-10
 -8.17158e-10
 -8.17158e-10
 -8.17158e-10
 -8.17158e-10
 -8.17158e-10
 -8.17158e-10
 -8.17158e-10
 -8.17158e-10
 -8.17158e-10
 -8.17158e-10
 -8.17158e-10
 -8.17158e-10
 -8.17158e-10
 -8.17158e-10
 -8.17158e-10
 -8.17158e-10
 -8.17158e-10
 -8.17158e-10
 -8.17158e-10
 -8.17158e-10
 -8.17158e-10
 -8.17158e-10
 -8.17158e-10
 -8.17158e-10
 -8.17158e-10
 -8.17158e-10
 -8.17158e-10
 -8.17158e-10
 -8.17158e-10
 -8.17158e-10
 -8.17158e-10
 -8.17158e-10
 -8.17158e-10
 -8.17158e-10
 -8.17158e-10
 -8.17158e-10
 -8.17158e-10
 -8.17158e-10
 -8.17158e-10
 -8.17158e-10
 -8.17158e-10
 -8.17158e-10
      0.00000
