      0.00000
      0.00000
      0.00000
      0.00000
      0.00000
      0.00000
      0.00000
      0.00000
      0.00000
      0.00000
      0.00000
      0.00000
  0.000419918
   0.00184707
   0.00583280
   0.00935656
    0.0130785
    0.0183393
    0.0289391
    0.0449554
    0.0641085
    0.0876305
     0.110365
     0.127372
     0.127421
     0.113620
    0.0898337
    0.0673776
    0.0445044
    0.0271517
    0.0121891
   0.00496385
  0.000695900
 -1.23210e-09
 -1.23210e-09
 -1.23210e-09
 -1.23210e-09
 -1.23210e-09
 -1.23210e-09
 -1.23210e-09
 -1.23210e-09
 -1.23210e-09
 -1.23210e-09
 -1.23210e-09
 -1.23210e-09
      0.00000
