      0.00000
      0.00000
      0.00000
      0.00000
      0.00000
      0.00000
      0.00000
      0.00000
      0.00000
      0.00000
      0.00000
      0.00000
      0.00000
      0.00000
      0.00000
      0.00000
      0.00000
      0.00000
      0.00000
      0.00000
      0.00000
      0.00000
      0.00000
      0.00000
      0.00000
      0.00000
      0.00000
      0.00000
      0.00000
      0.00000
      0.00000
      0.00000
      0.00000
      0.00000
      0.00000
      0.00000
      0.00000
      0.00000
      0.00000
      0.00000
      0.00000
      0.00000
      0.00000
      0.00000
      0.00000
      0.00000
      0.00000
      0.00000
      0.00000
      0.00000
      0.00000
      0.00000
  1.55484e-06
  3.94821e-05
  0.000154348
  0.000395715
  0.000768696
   0.00127023
   0.00190360
   0.00284108
   0.00390530
   0.00518689
   0.00633219
   0.00752697
   0.00849783
   0.00968338
    0.0109784
    0.0130482
    0.0151444
    0.0172010
    0.0193872
    0.0216436
    0.0252033
    0.0287626
    0.0333005
    0.0374741
    0.0423566
    0.0477312
    0.0546901
    0.0631553
    0.0725647
    0.0821801
    0.0919321
     0.102180
     0.113573
     0.125230
     0.135804
     0.145416
     0.154715
     0.164930
     0.176118
     0.189541
     0.206261
     0.227770
     0.253593
     0.273447
     0.275250
     0.259749
     0.236754
     0.217040
     0.199888
     0.184937
     0.171332
     0.158545
     0.146658
     0.135218
     0.124125
     0.113452
     0.103858
    0.0953411
    0.0878252
    0.0800283
    0.0723055
    0.0637543
    0.0547811
    0.0456811
    0.0370135
    0.0298445
    0.0235180
    0.0187077
    0.0145778
    0.0115116
   0.00913202
   0.00765347
   0.00657421
   0.00548190
   0.00441740
   0.00368285
   0.00292858
   0.00224441
   0.00127923
  0.000639759
  0.000292378
  9.32929e-05
  4.34788e-05
  1.96418e-06
  5.85811e-10
  5.85811e-10
  5.85811e-10
  5.85811e-10
  5.85811e-10
  5.85811e-10
  5.85811e-10
  5.85811e-10
  5.85811e-10
  5.85811e-10
  5.85811e-10
  5.85811e-10
  5.85811e-10
  5.85811e-10
  5.85811e-10
  5.85811e-10
  5.85811e-10
  5.85811e-10
  5.85811e-10
  5.85811e-10
  5.85811e-10
  5.85811e-10
  5.85811e-10
  5.85811e-10
  5.85811e-10
  5.85811e-10
  5.85811e-10
  5.85811e-10
  5.85811e-10
  5.85811e-10
  5.85811e-10
  5.85811e-10
  5.85811e-10
  5.85811e-10
  5.85811e-10
  5.85811e-10
  5.85811e-10
  5.85811e-10
  5.85811e-10
  5.85811e-10
  5.85811e-10
  5.85811e-10
  5.85811e-10
  5.85811e-10
  5.85811e-10
  5.85811e-10
  5.85811e-10
  5.85811e-10
  5.85811e-10
  5.85811e-10
  5.85811e-10
  5.85811e-10
  5.85811e-10
      0.00000
