      0.00000
      0.00000
      0.00000
      0.00000
      0.00000
      0.00000
      0.00000
      0.00000
      0.00000
      0.00000
      0.00000
      0.00000
      0.00000
      0.00000
      0.00000
      0.00000
      0.00000
      0.00000
      0.00000
      0.00000
      0.00000
  5.90933e-05
  0.000293491
   0.00104292
   0.00213826
   0.00304287
   0.00400375
   0.00521658
   0.00735558
   0.00997822
    0.0134814
    0.0184294
    0.0256898
    0.0351891
    0.0459291
    0.0548626
    0.0614771
    0.0663211
    0.0705364
    0.0745021
    0.0774616
    0.0745765
    0.0649682
    0.0519595
    0.0405173
    0.0340072
    0.0289741
    0.0261556
    0.0231136
    0.0197596
    0.0162229
    0.0123212
   0.00864845
   0.00627021
   0.00459456
   0.00370135
   0.00274278
   0.00207579
   0.00145715
  0.000734362
  0.000189333
 -9.59295e-10
 -9.59295e-10
 -9.59295e-10
 -9.59295e-10
 -9.59295e-10
 -9.59295e-10
 -9.59295e-10
 -9.59295e-10
 -9.59295e-10
 -9.59295e-10
 -9.59295e-10
 -9.59295e-10
 -9.59295e-10
 -9.59295e-10
 -9.59295e-10
 -9.59295e-10
 -9.59295e-10
 -9.59295e-10
 -9.59295e-10
 -9.59295e-10
      0.00000
