      0.00000
      0.00000
      0.00000
      0.00000
      0.00000
      0.00000
      0.00000
      0.00000
      0.00000
      0.00000
      0.00000
      0.00000
      0.00000
      0.00000
      0.00000
      0.00000
      0.00000
      0.00000
      0.00000
      0.00000
      0.00000
      0.00000
      0.00000
      0.00000
      0.00000
      0.00000
      0.00000
      0.00000
      0.00000
      0.00000
      0.00000
      0.00000
      0.00000
      0.00000
      0.00000
      0.00000
      0.00000
      0.00000
      0.00000
      0.00000
      0.00000
      0.00000
      0.00000
      0.00000
      0.00000
      0.00000
      0.00000
  1.97787e-05
  0.000244580
  0.000249068
  0.000229289
  2.50565e-05
  3.30236e-05
  0.000362230
  0.000991617
   0.00146076
   0.00229233
    0.0193628
    0.0535436
     0.108481
     0.182448
     0.275902
     0.383348
     0.472738
     0.525193
     0.534031
     0.542346
     0.492177
     0.411697
     0.286851
     0.202120
     0.152530
     0.120897
    0.0946944
    0.0631077
    0.0347347
    0.0189847
   0.00896561
   0.00466484
  0.000991750
  0.000287908
  9.79358e-05
  0.000117763
  0.000122516
  7.31465e-05
  8.66925e-06
  1.26639e-06
  0.000167013
  0.000521235
  0.000745483
  0.000905897
  0.000584890
  0.000426335
  0.000118355
  8.51393e-05
  1.94459e-05
 -8.11436e-10
 -8.11436e-10
 -8.11436e-10
 -8.11436e-10
 -8.11436e-10
 -8.11436e-10
 -8.11436e-10
 -8.11436e-10
 -8.11436e-10
 -8.11436e-10
 -8.11436e-10
 -8.11436e-10
 -8.11436e-10
 -8.11436e-10
 -8.11436e-10
 -8.11436e-10
 -8.11436e-10
 -8.11436e-10
 -8.11436e-10
 -8.11436e-10
 -8.11436e-10
 -8.11436e-10
 -8.11436e-10
 -8.11436e-10
 -8.11436e-10
 -8.11436e-10
 -8.11436e-10
 -8.11436e-10
 -8.11436e-10
 -8.11436e-10
 -8.11436e-10
 -8.11436e-10
 -8.11436e-10
 -8.11436e-10
 -8.11436e-10
 -8.11436e-10
      0.00000
