      0.00000
      0.00000
      0.00000
      0.00000
      0.00000
      0.00000
      0.00000
      0.00000
      0.00000
      0.00000
      0.00000
  0.000619581
   0.00477844
    0.0100909
    0.0187770
    0.0251201
    0.0308498
    0.0347815
    0.0389325
    0.0404155
    0.0449602
    0.0511566
    0.0669896
    0.0779176
    0.0871689
    0.0874933
    0.0823644
    0.0719472
    0.0639645
    0.0568431
    0.0475161
    0.0321101
    0.0169588
   0.00671356
   0.00141963
  0.000111318
 -1.65469e-09
 -1.65469e-09
 -1.65469e-09
 -1.65469e-09
 -1.65469e-09
 -1.65469e-09
 -1.65469e-09
 -1.65469e-09
 -1.65469e-09
 -1.65469e-09
 -1.65469e-09
      0.00000
