      0.00000
      0.00000
      0.00000
      0.00000
      0.00000
      0.00000
      0.00000
      0.00000
      0.00000
      0.00000
      0.00000
      0.00000
      0.00000
      0.00000
      0.00000
      0.00000
      0.00000
      0.00000
      0.00000
      0.00000
      0.00000
      0.00000
      0.00000
      0.00000
      0.00000
      0.00000
      0.00000
      0.00000
      0.00000
      0.00000
      0.00000
      0.00000
      0.00000
      0.00000
      0.00000
      0.00000
      0.00000
      0.00000
      0.00000
      0.00000
      0.00000
      0.00000
      0.00000
      0.00000
      0.00000
      0.00000
      0.00000
      0.00000
      0.00000
      0.00000
      0.00000
      0.00000
      0.00000
      0.00000
      0.00000
      0.00000
  8.92337e-06
  0.000132734
  0.000368629
  0.000770110
   0.00109717
   0.00153374
   0.00185613
   0.00226979
   0.00248086
   0.00289910
   0.00333511
   0.00402433
   0.00441404
   0.00496561
   0.00533990
   0.00579654
   0.00618261
   0.00662829
   0.00729289
   0.00799523
   0.00868909
   0.00936854
    0.0101541
    0.0109880
    0.0119272
    0.0129795
    0.0143260
    0.0160386
    0.0179929
    0.0199411
    0.0214775
    0.0227304
    0.0239226
    0.0252353
    0.0268262
    0.0286652
    0.0309304
    0.0337432
    0.0375153
    0.0405654
    0.0410953
    0.0387458
    0.0351349
    0.0317085
    0.0288605
    0.0265853
    0.0248581
    0.0233985
    0.0222891
    0.0213287
    0.0204956
    0.0196065
    0.0188263
    0.0180295
    0.0172945
    0.0165225
    0.0158079
    0.0147416
    0.0132180
    0.0113094
   0.00933370
   0.00753692
   0.00592859
   0.00474910
   0.00388139
   0.00311683
   0.00242765
   0.00193318
   0.00177953
   0.00158356
   0.00136661
   0.00115627
  0.000975092
  0.000653277
  0.000281972
  3.16769e-05
 -7.89589e-10
 -7.89589e-10
 -7.89589e-10
 -7.89589e-10
 -7.89589e-10
 -7.89589e-10
 -7.89589e-10
 -7.89589e-10
 -7.89589e-10
 -7.89589e-10
 -7.89589e-10
 -7.89589e-10
 -7.89589e-10
 -7.89589e-10
 -7.89589e-10
 -7.89589e-10
 -7.89589e-10
 -7.89589e-10
 -7.89589e-10
 -7.89589e-10
 -7.89589e-10
 -7.89589e-10
 -7.89589e-10
 -7.89589e-10
 -7.89589e-10
 -7.89589e-10
 -7.89589e-10
 -7.89589e-10
 -7.89589e-10
 -7.89589e-10
 -7.89589e-10
 -7.89589e-10
 -7.89589e-10
 -7.89589e-10
 -7.89589e-10
 -7.89589e-10
 -7.89589e-10
 -7.89589e-10
 -7.89589e-10
 -7.89589e-10
 -7.89589e-10
 -7.89589e-10
 -7.89589e-10
 -7.89589e-10
 -7.89589e-10
 -7.89589e-10
 -7.89589e-10
 -7.89589e-10
 -7.89589e-10
 -7.89589e-10
 -7.89589e-10
 -7.89589e-10
 -7.89589e-10
 -7.89589e-10
 -7.89589e-10
 -7.89589e-10
 -7.89589e-10
      0.00000
