      0.00000
      0.00000
      0.00000
      0.00000
      0.00000
      0.00000
      0.00000
      0.00000
      0.00000
      0.00000
      0.00000
      0.00000
      0.00000
      0.00000
      0.00000
      0.00000
      0.00000
      0.00000
      0.00000
      0.00000
      0.00000
      0.00000
      0.00000
      0.00000
      0.00000
      0.00000
      0.00000
      0.00000
      0.00000
      0.00000
      0.00000
      0.00000
      0.00000
      0.00000
      0.00000
      0.00000
      0.00000
      0.00000
      0.00000
      0.00000
      0.00000
      0.00000
      0.00000
      0.00000
      0.00000
      0.00000
      0.00000
      0.00000
      0.00000
      0.00000
      0.00000
      0.00000
      0.00000
      0.00000
      0.00000
      0.00000
      0.00000
      0.00000
      0.00000
      0.00000
      0.00000
      0.00000
      0.00000
      0.00000
      0.00000
      0.00000
      0.00000
      0.00000
      0.00000
      0.00000
      0.00000
      0.00000
      0.00000
      0.00000
      0.00000
      0.00000
      0.00000
      0.00000
      0.00000
      0.00000
      0.00000
      0.00000
      0.00000
      0.00000
      0.00000
      0.00000
      0.00000
      0.00000
      0.00000
      0.00000
      0.00000
      0.00000
      0.00000
      0.00000
      0.00000
      0.00000
      0.00000
      0.00000
      0.00000
      0.00000
      0.00000
      0.00000
      0.00000
      0.00000
      0.00000
      0.00000
      0.00000
      0.00000
      0.00000
      0.00000
      0.00000
      0.00000
      0.00000
      0.00000
      0.00000
      0.00000
      0.00000
      0.00000
      0.00000
      0.00000
      0.00000
      0.00000
      0.00000
  4.16612e-07
  3.21408e-05
  5.13574e-05
  7.83111e-05
  0.000144166
  0.000427832
  0.000993041
   0.00189530
   0.00294682
   0.00385359
   0.00484691
   0.00523354
   0.00580317
   0.00611920
   0.00697973
   0.00786054
   0.00884789
   0.00992527
    0.0112072
    0.0126634
    0.0146040
    0.0170470
    0.0199025
    0.0219118
    0.0231362
    0.0235591
    0.0243303
    0.0249218
    0.0255279
    0.0263554
    0.0270358
    0.0277634
    0.0277818
    0.0280420
    0.0283612
    0.0286575
    0.0282387
    0.0270211
    0.0255550
    0.0240885
    0.0227350
    0.0210469
    0.0193299
    0.0179670
    0.0166953
    0.0159074
    0.0146719
    0.0137963
    0.0129164
    0.0124368
    0.0122614
    0.0119723
    0.0114490
    0.0108042
    0.0105195
    0.0107441
    0.0110002
    0.0108692
    0.0109510
    0.0111366
    0.0114577
    0.0113419
    0.0110054
    0.0112244
    0.0111680
    0.0109927
    0.0100785
   0.00939223
   0.00864707
   0.00789941
   0.00702218
   0.00619356
   0.00537266
   0.00427940
   0.00329227
   0.00236173
   0.00170072
   0.00114066
  0.000730396
  0.000555343
  0.000471364
  0.000383189
  0.000234660
  8.88647e-05
  4.27444e-06
 -1.26306e-10
 -1.26306e-10
 -1.26306e-10
 -1.26306e-10
 -1.26306e-10
 -1.26306e-10
 -1.26306e-10
 -1.26306e-10
 -1.26306e-10
 -1.26306e-10
 -1.26306e-10
 -1.26306e-10
 -1.26306e-10
 -1.26306e-10
 -1.26306e-10
 -1.26306e-10
 -1.26306e-10
 -1.26306e-10
 -1.26306e-10
 -1.26306e-10
 -1.26306e-10
 -1.26306e-10
 -1.26306e-10
 -1.26306e-10
 -1.26306e-10
 -1.26306e-10
 -1.26306e-10
 -1.26306e-10
 -1.26306e-10
 -1.26306e-10
 -1.26306e-10
 -1.26306e-10
 -1.26306e-10
 -1.26306e-10
 -1.26306e-10
 -1.26306e-10
 -1.26306e-10
 -1.26306e-10
 -1.26306e-10
 -1.26306e-10
 -1.26306e-10
 -1.26306e-10
 -1.26306e-10
 -1.26306e-10
 -1.26306e-10
 -1.26306e-10
 -1.26306e-10
 -1.26306e-10
 -1.26306e-10
 -1.26306e-10
 -1.26306e-10
 -1.26306e-10
 -1.26306e-10
 -1.26306e-10
 -1.26306e-10
 -1.26306e-10
 -1.26306e-10
 -1.26306e-10
 -1.26306e-10
 -1.26306e-10
 -1.26306e-10
 -1.26306e-10
 -1.26306e-10
 -1.26306e-10
 -1.26306e-10
 -1.26306e-10
 -1.26306e-10
 -1.26306e-10
 -1.26306e-10
 -1.26306e-10
 -1.26306e-10
 -1.26306e-10
 -1.26306e-10
 -1.26306e-10
 -1.26306e-10
 -1.26306e-10
 -1.26306e-10
 -1.26306e-10
 -1.26306e-10
 -1.26306e-10
 -1.26306e-10
 -1.26306e-10
 -1.26306e-10
 -1.26306e-10
 -1.26306e-10
 -1.26306e-10
 -1.26306e-10
 -1.26306e-10
 -1.26306e-10
 -1.26306e-10
 -1.26306e-10
 -1.26306e-10
 -1.26306e-10
 -1.26306e-10
 -1.26306e-10
 -1.26306e-10
 -1.26306e-10
 -1.26306e-10
 -1.26306e-10
 -1.26306e-10
 -1.26306e-10
 -1.26306e-10
 -1.26306e-10
 -1.26306e-10
 -1.26306e-10
 -1.26306e-10
 -1.26306e-10
 -1.26306e-10
 -1.26306e-10
 -1.26306e-10
 -1.26306e-10
 -1.26306e-10
 -1.26306e-10
 -1.26306e-10
 -1.26306e-10
 -1.26306e-10
 -1.26306e-10
 -1.26306e-10
 -1.26306e-10
 -1.26306e-10
 -1.26306e-10
 -1.26306e-10
      0.00000
