      0.00000
      0.00000
      0.00000
      0.00000
      0.00000
      0.00000
      0.00000
      0.00000
      0.00000
      0.00000
      0.00000
      0.00000
  0.000868381
   0.00764404
    0.0187843
    0.0292814
    0.0363225
    0.0410349
    0.0446359
    0.0552210
    0.0729900
    0.0941602
     0.106225
     0.102274
    0.0936940
    0.0786691
    0.0663819
    0.0520442
    0.0403288
    0.0311209
    0.0186492
   0.00892319
  0.000746862
 -6.65550e-10
 -6.65550e-10
 -6.65550e-10
 -6.65550e-10
 -6.65550e-10
 -6.65550e-10
 -6.65550e-10
 -6.65550e-10
 -6.65550e-10
 -6.65550e-10
 -6.65550e-10
      0.00000
