      0.00000
      0.00000
      0.00000
      0.00000
      0.00000
      0.00000
      0.00000
      0.00000
      0.00000
      0.00000
  9.58885e-05
   0.00206985
   0.00759461
    0.0229425
    0.0477684
    0.0807842
     0.117718
     0.146578
     0.152755
     0.135978
     0.102278
    0.0736966
    0.0510258
    0.0345202
    0.0185025
   0.00557272
  0.000118622
 -2.36593e-09
 -2.36593e-09
 -2.36593e-09
 -2.36593e-09
 -2.36593e-09
 -2.36593e-09
 -2.36593e-09
 -2.36593e-09
      0.00000
