      0.00000
      0.00000
      0.00000
      0.00000
      0.00000
      0.00000
      0.00000
      0.00000
      0.00000
      0.00000
      0.00000
      0.00000
      0.00000
      0.00000
      0.00000
      0.00000
      0.00000
      0.00000
      0.00000
      0.00000
      0.00000
      0.00000
      0.00000
      0.00000
      0.00000
      0.00000
      0.00000
      0.00000
      0.00000
  1.53602e-05
  0.000917477
   0.00203097
   0.00421150
   0.00635770
   0.00918736
    0.0124751
    0.0174952
    0.0245604
    0.0345355
    0.0470352
    0.0631329
    0.0802072
    0.0919002
    0.0924455
    0.0816003
    0.0676932
    0.0567683
    0.0512046
    0.0481819
    0.0426002
    0.0344041
    0.0244116
    0.0178949
    0.0138225
    0.0110430
   0.00851994
   0.00664814
   0.00585122
   0.00495359
   0.00496715
   0.00520201
   0.00594789
   0.00567199
   0.00513466
   0.00428101
   0.00353971
   0.00211005
   0.00101031
  3.01455e-05
  1.21553e-09
  1.21553e-09
  1.21553e-09
  1.21553e-09
  1.21553e-09
  1.21553e-09
  1.21553e-09
  1.21553e-09
  1.21553e-09
  1.21553e-09
  1.21553e-09
  1.21553e-09
  1.21553e-09
  1.21553e-09
  1.21553e-09
  1.21553e-09
  1.21553e-09
  1.21553e-09
  1.21553e-09
  1.21553e-09
  1.21553e-09
      0.00000
