      0.00000
      0.00000
      0.00000
      0.00000
      0.00000
      0.00000
      0.00000
      0.00000
      0.00000
      0.00000
      0.00000
      0.00000
      0.00000
      0.00000
      0.00000
      0.00000
      0.00000
      0.00000
      0.00000
      0.00000
      0.00000
      0.00000
      0.00000
  3.79982e-05
  0.000523379
   0.00245315
   0.00538595
    0.0102047
    0.0153983
    0.0210569
    0.0251230
    0.0279969
    0.0305338
    0.0333726
    0.0352639
    0.0370968
    0.0387535
    0.0431819
    0.0472264
    0.0509368
    0.0508555
    0.0493160
    0.0473519
    0.0468319
    0.0477836
    0.0463307
    0.0437722
    0.0394307
    0.0355238
    0.0318379
    0.0271149
    0.0229573
    0.0188111
    0.0156624
    0.0136576
    0.0109377
   0.00866627
   0.00663710
   0.00523235
   0.00354971
   0.00196099
  0.000760664
  0.000471811
 -9.85943e-10
 -9.85943e-10
 -9.85943e-10
 -9.85943e-10
 -9.85943e-10
 -9.85943e-10
 -9.85943e-10
 -9.85943e-10
 -9.85943e-10
 -9.85943e-10
 -9.85943e-10
 -9.85943e-10
 -9.85943e-10
 -9.85943e-10
 -9.85943e-10
 -9.85943e-10
 -9.85943e-10
 -9.85943e-10
      0.00000
