      0.00000
      0.00000
      0.00000
      0.00000
      0.00000
      0.00000
      0.00000
      0.00000
      0.00000
      0.00000
      0.00000
      0.00000
      0.00000
      0.00000
      0.00000
      0.00000
      0.00000
      0.00000
      0.00000
      0.00000
      0.00000
      0.00000
      0.00000
      0.00000
      0.00000
      0.00000
      0.00000
      0.00000
      0.00000
      0.00000
  0.000432244
   0.00152929
    0.0105196
    0.0222751
    0.0410129
    0.0549671
    0.0659314
    0.0779472
    0.0852930
    0.0976908
     0.109683
     0.134484
     0.159845
     0.191930
     0.237234
     0.316581
     0.414222
     0.458204
     0.416338
     0.310131
     0.218862
     0.159521
     0.120387
    0.0875614
    0.0651943
    0.0512796
    0.0428395
    0.0295234
    0.0152113
   0.00336888
 -2.31646e-09
 -2.31646e-09
 -2.31646e-09
 -2.31646e-09
 -2.31646e-09
 -2.31646e-09
 -2.31646e-09
 -2.31646e-09
 -2.31646e-09
 -2.31646e-09
 -2.31646e-09
 -2.31646e-09
 -2.31646e-09
 -2.31646e-09
 -2.31646e-09
 -2.31646e-09
 -2.31646e-09
 -2.31646e-09
 -2.31646e-09
 -2.31646e-09
 -2.31646e-09
 -2.31646e-09
 -2.31646e-09
 -2.31646e-09
 -2.31646e-09
 -2.31646e-09
 -2.31646e-09
 -2.31646e-09
 -2.31646e-09
 -2.31646e-09
 -2.31646e-09
 -2.31646e-09
      0.00000
