      0.00000
      0.00000
      0.00000
      0.00000
      0.00000
      0.00000
      0.00000
      0.00000
      0.00000
      0.00000
      0.00000
      0.00000
      0.00000
      0.00000
      0.00000
      0.00000
      0.00000
      0.00000
      0.00000
      0.00000
      0.00000
      0.00000
      0.00000
      0.00000
      0.00000
      0.00000
      0.00000
      0.00000
      0.00000
      0.00000
      0.00000
  0.000817070
   0.00673158
    0.0124433
    0.0192140
    0.0243827
    0.0263411
    0.0250110
    0.0177974
    0.0164181
    0.0170595
    0.0229886
    0.0270584
    0.0370315
    0.0503468
    0.0734887
     0.101834
     0.114815
     0.108827
    0.0858010
    0.0667894
    0.0499553
    0.0345167
    0.0233042
    0.0175072
    0.0120546
   0.00617413
   0.00129416
 -6.55238e-06
  3.48283e-06
 -1.85583e-09
 -1.85583e-09
 -1.85583e-09
 -1.85583e-09
 -1.85583e-09
 -1.85583e-09
 -1.85583e-09
 -1.85583e-09
 -1.85583e-09
 -1.85583e-09
 -1.85583e-09
 -1.85583e-09
 -1.85583e-09
 -1.85583e-09
 -1.85583e-09
 -1.85583e-09
 -1.85583e-09
 -1.85583e-09
 -1.85583e-09
 -1.85583e-09
 -1.85583e-09
 -1.85583e-09
 -1.85583e-09
 -1.85583e-09
 -1.85583e-09
 -1.85583e-09
 -1.85583e-09
 -1.85583e-09
 -1.85583e-09
 -1.85583e-09
 -1.85583e-09
 -1.85583e-09
      0.00000
