      0.00000
      0.00000
      0.00000
      0.00000
      0.00000
      0.00000
      0.00000
      0.00000
      0.00000
      0.00000
      0.00000
      0.00000
      0.00000
      0.00000
      0.00000
      0.00000
      0.00000
      0.00000
      0.00000
      0.00000
      0.00000
      0.00000
      0.00000
      0.00000
      0.00000
      0.00000
      0.00000
      0.00000
      0.00000
      0.00000
      0.00000
      0.00000
      0.00000
      0.00000
      0.00000
  3.69957e-05
  0.000404045
   0.00116606
   0.00224873
   0.00420836
   0.00594326
   0.00775059
   0.00997126
    0.0135171
    0.0188085
    0.0252388
    0.0349257
    0.0476276
    0.0644434
    0.0844088
     0.103851
     0.114222
     0.109529
    0.0930486
    0.0725535
    0.0542211
    0.0400607
    0.0288429
    0.0208079
    0.0150850
    0.0112863
   0.00823914
   0.00463435
   0.00215883
  0.000575830
  0.000181047
  3.90584e-06
 -2.32401e-09
 -2.32401e-09
 -2.32401e-09
 -2.32401e-09
 -2.32401e-09
 -2.32401e-09
 -2.32401e-09
 -2.32401e-09
 -2.32401e-09
 -2.32401e-09
 -2.32401e-09
 -2.32401e-09
 -2.32401e-09
 -2.32401e-09
 -2.32401e-09
 -2.32401e-09
 -2.32401e-09
 -2.32401e-09
 -2.32401e-09
 -2.32401e-09
 -2.32401e-09
 -2.32401e-09
 -2.32401e-09
 -2.32401e-09
 -2.32401e-09
 -2.32401e-09
 -2.32401e-09
 -2.32401e-09
 -2.32401e-09
 -2.32401e-09
 -2.32401e-09
 -2.32401e-09
 -2.32401e-09
 -2.32401e-09
 -2.32401e-09
      0.00000
