      0.00000
      0.00000
      0.00000
      0.00000
      0.00000
      0.00000
      0.00000
      0.00000
      0.00000
      0.00000
   0.00107085
    0.0153497
    0.0312975
    0.0518922
    0.0560910
    0.0826968
     0.116161
     0.153994
     0.152632
     0.128386
    0.0907042
    0.0601869
    0.0337870
    0.0171941
   0.00652020
   0.00203591
 -3.51570e-09
 -3.51570e-09
 -3.51570e-09
 -3.51570e-09
 -3.51570e-09
 -3.51570e-09
 -3.51570e-09
 -3.51570e-09
 -3.51570e-09
 -3.51570e-09
      0.00000
