      0.00000
      0.00000
      0.00000
      0.00000
      0.00000
      0.00000
      0.00000
      0.00000
      0.00000
      0.00000
      0.00000
      0.00000
      0.00000
      0.00000
      0.00000
      0.00000
      0.00000
      0.00000
      0.00000
      0.00000
      0.00000
  0.000201992
  0.000716290
   0.00177281
   0.00306460
   0.00419982
   0.00509872
   0.00615911
   0.00823080
    0.0112293
    0.0148817
    0.0193043
    0.0253161
    0.0348254
    0.0485058
    0.0682340
    0.0942168
     0.117926
     0.123579
     0.107754
    0.0810959
    0.0581697
    0.0417179
    0.0303938
    0.0227811
    0.0179710
    0.0139167
    0.0109026
   0.00860408
   0.00658727
   0.00496085
   0.00343042
   0.00243800
   0.00128957
  0.000505865
  1.88478e-05
 -2.67565e-11
 -2.67565e-11
 -2.67565e-11
 -2.67565e-11
 -2.67565e-11
 -2.67565e-11
 -2.67565e-11
 -2.67565e-11
 -2.67565e-11
 -2.67565e-11
 -2.67565e-11
 -2.67565e-11
 -2.67565e-11
 -2.67565e-11
 -2.67565e-11
 -2.67565e-11
 -2.67565e-11
 -2.67565e-11
 -2.67565e-11
 -2.67565e-11
      0.00000
