      0.00000
      0.00000
      0.00000
      0.00000
      0.00000
      0.00000
      0.00000
      0.00000
      0.00000
      0.00000
      0.00000
      0.00000
      0.00000
      0.00000
      0.00000
      0.00000
      0.00000
      0.00000
      0.00000
      0.00000
      0.00000
      0.00000
      0.00000
      0.00000
      0.00000
      0.00000
      0.00000
      0.00000
  9.54167e-06
  0.000216790
  0.000962826
   0.00209741
   0.00283665
   0.00295197
   0.00280054
   0.00321389
   0.00404570
   0.00516518
   0.00614135
   0.00713569
   0.00857135
    0.0106868
    0.0110092
   0.00954059
   0.00779713
   0.00835250
   0.00998824
    0.0119106
    0.0146045
    0.0174656
    0.0191001
    0.0224398
    0.0278725
    0.0357716
    0.0435207
    0.0536598
    0.0687566
    0.0841969
    0.0888731
    0.0798317
    0.0639108
    0.0509827
    0.0421429
    0.0353691
    0.0290065
    0.0236791
    0.0167582
    0.0114651
   0.00716158
   0.00600682
   0.00537341
   0.00570041
   0.00532225
   0.00511747
   0.00373328
   0.00291119
   0.00243414
   0.00276588
   0.00283874
   0.00234235
   0.00154053
  0.000691428
  0.000543178
  0.000346424
  0.000305106
  2.47249e-05
  1.38412e-10
  1.38412e-10
  1.38412e-10
  1.38412e-10
  1.38412e-10
  1.38412e-10
  1.38412e-10
  1.38412e-10
  1.38412e-10
  1.38412e-10
  1.38412e-10
  1.38412e-10
  1.38412e-10
  1.38412e-10
  1.38412e-10
  1.38412e-10
  1.38412e-10
  1.38412e-10
  1.38412e-10
  1.38412e-10
  1.38412e-10
  1.38412e-10
  1.38412e-10
  1.38412e-10
  1.38412e-10
  1.38412e-10
  1.38412e-10
      0.00000
