      0.00000
      0.00000
      0.00000
      0.00000
      0.00000
      0.00000
      0.00000
      0.00000
      0.00000
      0.00000
      0.00000
      0.00000
      0.00000
      0.00000
      0.00000
      0.00000
      0.00000
      0.00000
      0.00000
      0.00000
      0.00000
      0.00000
      0.00000
      0.00000
      0.00000
      0.00000
      0.00000
      0.00000
      0.00000
      0.00000
      0.00000
      0.00000
      0.00000
      0.00000
      0.00000
      0.00000
      0.00000
      0.00000
      0.00000
      0.00000
  1.92008e-06
  8.89262e-05
  0.000304849
  0.000708133
   0.00113240
   0.00145167
   0.00179617
   0.00234654
   0.00324520
   0.00409633
   0.00473557
   0.00503982
   0.00548277
   0.00583387
   0.00632404
   0.00663111
   0.00688954
   0.00737833
   0.00805439
   0.00914198
    0.0102171
    0.0114506
    0.0129780
    0.0142039
    0.0155285
    0.0165269
    0.0177226
    0.0187214
    0.0199023
    0.0213644
    0.0233178
    0.0258680
    0.0291124
    0.0328440
    0.0368676
    0.0404992
    0.0423505
    0.0424941
    0.0412960
    0.0398645
    0.0378353
    0.0346432
    0.0310502
    0.0275635
    0.0248791
    0.0225123
    0.0203168
    0.0182310
    0.0166138
    0.0150596
    0.0136827
    0.0125219
    0.0116870
    0.0108734
   0.00990515
   0.00888966
   0.00857879
   0.00832293
   0.00811251
   0.00747522
   0.00672686
   0.00628308
   0.00589357
   0.00548404
   0.00470456
   0.00391990
   0.00325436
   0.00271358
   0.00253101
   0.00250904
   0.00254714
   0.00230727
   0.00201038
   0.00163687
   0.00128745
  0.000993594
  0.000849853
  0.000745847
  0.000521790
  0.000312299
  0.000125409
  5.88536e-05
  1.58866e-05
 -7.68398e-10
 -7.68398e-10
 -7.68398e-10
 -7.68398e-10
 -7.68398e-10
 -7.68398e-10
 -7.68398e-10
 -7.68398e-10
 -7.68398e-10
 -7.68398e-10
 -7.68398e-10
 -7.68398e-10
 -7.68398e-10
 -7.68398e-10
 -7.68398e-10
 -7.68398e-10
 -7.68398e-10
 -7.68398e-10
 -7.68398e-10
 -7.68398e-10
 -7.68398e-10
 -7.68398e-10
 -7.68398e-10
 -7.68398e-10
 -7.68398e-10
 -7.68398e-10
 -7.68398e-10
 -7.68398e-10
 -7.68398e-10
 -7.68398e-10
 -7.68398e-10
 -7.68398e-10
 -7.68398e-10
      0.00000
