      0.00000
      0.00000
      0.00000
      0.00000
      0.00000
      0.00000
      0.00000
      0.00000
      0.00000
      0.00000
      0.00000
      0.00000
      0.00000
      0.00000
      0.00000
      0.00000
      0.00000
      0.00000
      0.00000
      0.00000
      0.00000
      0.00000
      0.00000
      0.00000
      0.00000
      0.00000
      0.00000
      0.00000
      0.00000
      0.00000
      0.00000
      0.00000
      0.00000
      0.00000
      0.00000
      0.00000
      0.00000
      0.00000
      0.00000
      0.00000
  1.92008e-06
  8.89262e-05
  0.000311619
  0.000754397
   0.00132501
   0.00182602
   0.00237004
   0.00313013
   0.00445819
   0.00579470
   0.00697403
   0.00784972
   0.00887128
    0.0100333
    0.0113681
    0.0128541
    0.0143215
    0.0160562
    0.0178671
    0.0205897
    0.0240358
    0.0277287
    0.0315663
    0.0349167
    0.0385734
    0.0426970
    0.0477981
    0.0536022
    0.0602926
    0.0675987
    0.0772688
    0.0888615
     0.102509
     0.116391
     0.130079
     0.142338
     0.151050
     0.152875
     0.147984
     0.137778
     0.125946
     0.113556
     0.101931
    0.0905985
    0.0800832
    0.0704140
    0.0620415
    0.0548949
    0.0492449
    0.0437848
    0.0390349
    0.0351098
    0.0325039
    0.0299711
    0.0274928
    0.0244308
    0.0226133
    0.0209505
    0.0199436
    0.0181489
    0.0159417
    0.0140893
    0.0126412
    0.0114662
    0.0100983
   0.00848393
   0.00689960
   0.00551743
   0.00478812
   0.00442114
   0.00419129
   0.00389820
   0.00333595
   0.00275578
   0.00194460
   0.00130586
  0.000936088
  0.000765537
  0.000522756
  0.000312302
  0.000125411
  5.88558e-05
  1.58889e-05
  1.52245e-09
  1.52245e-09
  1.52245e-09
  1.52245e-09
  1.52245e-09
  1.52245e-09
  1.52245e-09
  1.52245e-09
  1.52245e-09
  1.52245e-09
  1.52245e-09
  1.52245e-09
  1.52245e-09
  1.52245e-09
  1.52245e-09
  1.52245e-09
  1.52245e-09
  1.52245e-09
  1.52245e-09
  1.52245e-09
  1.52245e-09
  1.52245e-09
  1.52245e-09
  1.52245e-09
  1.52245e-09
  1.52245e-09
  1.52245e-09
  1.52245e-09
  1.52245e-09
  1.52245e-09
  1.52245e-09
  1.52245e-09
  1.52245e-09
      0.00000
