      0.00000
      0.00000
      0.00000
      0.00000
      0.00000
      0.00000
      0.00000
      0.00000
      0.00000
      0.00000
      0.00000
      0.00000
      0.00000
      0.00000
      0.00000
      0.00000
      0.00000
      0.00000
      0.00000
      0.00000
      0.00000
      0.00000
      0.00000
      0.00000
      0.00000
      0.00000
      0.00000
  0.000203262
  0.000562909
   0.00128990
   0.00163762
   0.00192128
   0.00236298
   0.00392709
   0.00664655
   0.00907674
    0.0117668
    0.0148885
    0.0198199
    0.0269293
    0.0349695
    0.0430267
    0.0522901
    0.0640408
    0.0802972
    0.0996014
     0.125201
     0.155916
     0.193447
     0.230983
     0.257598
     0.261259
     0.240785
     0.207990
     0.172240
     0.140512
     0.113225
    0.0904225
    0.0729172
    0.0585290
    0.0478359
    0.0371364
    0.0280529
    0.0217271
    0.0173454
    0.0138834
   0.00989842
   0.00671482
   0.00478991
   0.00331815
   0.00249230
   0.00180709
   0.00176862
   0.00165061
   0.00150851
   0.00135518
   0.00114193
  0.000827099
  0.000372743
  8.93238e-05
 -4.51356e-09
 -4.51356e-09
 -4.51356e-09
 -4.51356e-09
 -4.51356e-09
 -4.51356e-09
 -4.51356e-09
 -4.51356e-09
 -4.51356e-09
 -4.51356e-09
 -4.51356e-09
 -4.51356e-09
 -4.51356e-09
 -4.51356e-09
 -4.51356e-09
 -4.51356e-09
 -4.51356e-09
 -4.51356e-09
 -4.51356e-09
 -4.51356e-09
 -4.51356e-09
 -4.51356e-09
      0.00000
