      0.00000
      0.00000
      0.00000
      0.00000
      0.00000
      0.00000
      0.00000
      0.00000
      0.00000
      0.00000
      0.00000
      0.00000
      0.00000
      0.00000
      0.00000
      0.00000
      0.00000
      0.00000
      0.00000
      0.00000
      0.00000
      0.00000
      0.00000
      0.00000
      0.00000
      0.00000
      0.00000
      0.00000
      0.00000
      0.00000
      0.00000
      0.00000
      0.00000
      0.00000
      0.00000
      0.00000
      0.00000
      0.00000
      0.00000
      0.00000
      0.00000
      0.00000
      0.00000
      0.00000
      0.00000
  3.47685e-07
  2.48443e-06
  5.49487e-06
  7.29978e-06
  6.91198e-06
  2.24196e-05
  5.71665e-05
  9.87245e-05
  0.000153264
  0.000183045
  0.000220552
  0.000225874
  0.000248769
  0.000280684
  0.000325342
  0.000380431
  0.000470045
  0.000587604
  0.000728271
  0.000856444
   0.00107485
   0.00160426
   0.00242209
   0.00334300
   0.00451947
   0.00742338
    0.0183299
    0.0408172
     0.109596
     0.212164
     0.242066
     0.191416
    0.0867436
    0.0357508
    0.0153764
   0.00648347
   0.00419082
   0.00303714
   0.00214174
   0.00134612
  0.000946736
  0.000780456
  0.000636236
  0.000512316
  0.000397471
  0.000355689
  0.000330738
  0.000272461
  0.000222735
  0.000174393
  0.000166442
  0.000148059
  0.000129587
  0.000102933
  6.38974e-05
  3.22833e-05
  1.25015e-05
  7.21107e-06
  7.46016e-07
  4.26584e-07
 -2.05477e-08
 -2.05477e-08
 -2.05477e-08
 -2.05477e-08
 -2.05477e-08
 -2.05477e-08
 -2.05477e-08
 -2.05477e-08
 -2.05477e-08
 -2.05477e-08
 -2.05477e-08
 -2.05477e-08
 -2.05477e-08
 -2.05477e-08
 -2.05477e-08
 -2.05477e-08
 -2.05477e-08
 -2.05477e-08
 -2.05477e-08
 -2.05477e-08
 -2.05477e-08
 -2.05477e-08
 -2.05477e-08
 -2.05477e-08
 -2.05477e-08
 -2.05477e-08
 -2.05477e-08
 -2.05477e-08
 -2.05477e-08
 -2.05477e-08
 -2.05477e-08
 -2.05477e-08
 -2.05477e-08
 -2.05477e-08
 -2.05477e-08
 -2.05477e-08
 -2.05477e-08
 -2.05477e-08
 -2.05477e-08
 -2.05477e-08
 -2.05477e-08
 -2.05477e-08
 -2.05477e-08
 -2.05477e-08
 -2.05477e-08
      0.00000
