      0.00000
      0.00000
      0.00000
      0.00000
      0.00000
      0.00000
      0.00000
      0.00000
      0.00000
  8.16385e-07
   0.00257569
    0.0135322
    0.0211935
    0.0425307
    0.0820111
     0.131411
     0.150227
     0.125244
    0.0880433
    0.0680180
    0.0594000
    0.0567459
    0.0512377
    0.0482929
    0.0357495
    0.0187441
   0.00485277
  0.000188976
 -3.73327e-09
 -3.73327e-09
 -3.73327e-09
 -3.73327e-09
 -3.73327e-09
 -3.73327e-09
 -3.73327e-09
 -3.73327e-09
      0.00000
