      0.00000
      0.00000
      0.00000
      0.00000
      0.00000
      0.00000
      0.00000
      0.00000
      0.00000
      0.00000
      0.00000
      0.00000
      0.00000
      0.00000
      0.00000
      0.00000
      0.00000
      0.00000
      0.00000
      0.00000
      0.00000
      0.00000
      0.00000
      0.00000
      0.00000
      0.00000
  9.48756e-08
  7.12826e-07
  5.09357e-06
  9.85708e-06
  0.000108634
  0.000276580
  0.000497551
  0.000660542
  0.000870176
   0.00114866
   0.00181645
   0.00267696
   0.00372900
   0.00524509
    0.0101443
    0.0246288
    0.0581032
     0.154234
     0.236121
     0.234600
     0.149593
    0.0583086
    0.0265919
    0.0110789
   0.00571620
   0.00404313
   0.00294018
   0.00202470
   0.00132891
  0.000953081
  0.000747091
  0.000532372
  0.000265443
  0.000155994
  0.000207500
  0.000293295
  0.000246126
  9.51980e-05
  2.05604e-06
  1.16303e-08
  1.16303e-08
  1.16303e-08
  1.16303e-08
  1.16303e-08
  1.16303e-08
  1.16303e-08
  1.16303e-08
  1.16303e-08
  1.16303e-08
  1.16303e-08
  1.16303e-08
  1.16303e-08
  1.16303e-08
  1.16303e-08
  1.16303e-08
  1.16303e-08
  1.16303e-08
  1.16303e-08
  1.16303e-08
  1.16303e-08
  1.16303e-08
  1.16303e-08
  1.16303e-08
      0.00000
