      0.00000
      0.00000
      0.00000
      0.00000
      0.00000
      0.00000
      0.00000
      0.00000
      0.00000
      0.00000
      0.00000
      0.00000
  1.69445e-05
   0.00128365
   0.00400185
   0.00880490
    0.0144429
    0.0260398
    0.0519158
     0.109136
     0.228986
     0.428935
     0.578917
     0.579191
     0.426212
     0.250349
     0.135137
    0.0672035
    0.0356991
    0.0211385
    0.0150168
   0.00971514
   0.00550045
   0.00189495
  0.000457163
  4.91479e-06
 -3.42003e-09
 -3.42003e-09
 -3.42003e-09
 -3.42003e-09
 -3.42003e-09
 -3.42003e-09
 -3.42003e-09
 -3.42003e-09
 -3.42003e-09
 -3.42003e-09
      0.00000
