      0.00000
      0.00000
      0.00000
      0.00000
      0.00000
      0.00000
      0.00000
      0.00000
      0.00000
      0.00000
      0.00000
      0.00000
      0.00000
      0.00000
      0.00000
      0.00000
      0.00000
      0.00000
      0.00000
      0.00000
      0.00000
      0.00000
      0.00000
      0.00000
  1.46796e-05
  7.50120e-05
  0.000276655
  0.000406347
  0.000468205
  0.000428133
  0.000689826
   0.00126530
   0.00196742
   0.00254834
   0.00292689
   0.00359010
   0.00550358
   0.00823985
    0.0115553
    0.0160511
    0.0299150
    0.0716687
     0.167015
     0.445578
     0.701509
     0.709327
     0.465808
     0.183377
    0.0804202
    0.0326208
    0.0162875
    0.0118240
   0.00874181
   0.00607648
   0.00385193
   0.00301930
   0.00258233
   0.00197485
   0.00104582
  0.000435100
  0.000278031
  0.000293668
  0.000246123
  9.51946e-05
  2.05260e-06
  8.19250e-09
  8.19250e-09
  8.19250e-09
  8.19250e-09
  8.19250e-09
  8.19250e-09
  8.19250e-09
  8.19250e-09
  8.19250e-09
  8.19250e-09
  8.19250e-09
  8.19250e-09
  8.19250e-09
  8.19250e-09
  8.19250e-09
  8.19250e-09
  8.19250e-09
  8.19250e-09
  8.19250e-09
  8.19250e-09
  8.19250e-09
  8.19250e-09
  8.19250e-09
  8.19250e-09
      0.00000
