      0.00000
      0.00000
      0.00000
      0.00000
      0.00000
      0.00000
      0.00000
      0.00000
      0.00000
      0.00000
      0.00000
      0.00000
      0.00000
   0.00138899
   0.00449396
   0.00789540
    0.0102079
    0.0137796
    0.0181205
    0.0263951
    0.0383167
    0.0589734
    0.0871554
     0.120854
     0.142914
     0.138091
     0.108485
    0.0734343
    0.0494254
    0.0340592
    0.0242262
    0.0167697
    0.0120814
   0.00732557
   0.00386857
   0.00126289
  0.000444029
  3.13660e-05
 -2.41381e-09
 -2.41381e-09
 -2.41381e-09
 -2.41381e-09
 -2.41381e-09
 -2.41381e-09
 -2.41381e-09
 -2.41381e-09
 -2.41381e-09
 -2.41381e-09
 -2.41381e-09
      0.00000
