      0.00000
      0.00000
      0.00000
      0.00000
      0.00000
      0.00000
      0.00000
      0.00000
      0.00000
      0.00000
      0.00000
      0.00000
      0.00000
      0.00000
      0.00000
      0.00000
      0.00000
      0.00000
  0.000330900
  0.000950935
   0.00196069
   0.00358225
   0.00563292
   0.00729534
   0.00940548
    0.0109541
    0.0164823
    0.0203600
    0.0241379
    0.0264914
    0.0285991
    0.0312151
    0.0341761
    0.0356112
    0.0387009
    0.0384250
    0.0412257
    0.0420923
    0.0431381
    0.0409514
    0.0382660
    0.0363913
    0.0362403
    0.0355969
    0.0335635
    0.0322808
    0.0329692
    0.0331549
    0.0341398
    0.0338167
    0.0335716
    0.0303699
    0.0240146
    0.0184837
    0.0161590
    0.0138992
    0.0101993
   0.00407730
   0.00108646
  2.51088e-10
  2.51088e-10
  2.51088e-10
  2.51088e-10
  2.51088e-10
  2.51088e-10
  2.51088e-10
  2.51088e-10
  2.51088e-10
  2.51088e-10
  2.51088e-10
  2.51088e-10
  2.51088e-10
  2.51088e-10
  2.51088e-10
  2.51088e-10
  2.51088e-10
  2.51088e-10
  2.51088e-10
      0.00000
