      0.00000
      0.00000
      0.00000
      0.00000
      0.00000
      0.00000
      0.00000
      0.00000
      0.00000
      0.00000
      0.00000
      0.00000
      0.00000
      0.00000
  0.000388142
   0.00106924
   0.00204631
   0.00337562
   0.00565873
    0.0119194
    0.0288150
    0.0657170
     0.163855
     0.241669
     0.235007
     0.145051
    0.0542761
    0.0232784
   0.00903170
   0.00465031
   0.00260241
   0.00143005
  0.000159519
 -2.27785e-09
 -2.27785e-09
 -2.27785e-09
 -2.27785e-09
 -2.27785e-09
 -2.27785e-09
 -2.27785e-09
 -2.27785e-09
 -2.27785e-09
 -2.27785e-09
 -2.27785e-09
 -2.27785e-09
 -2.27785e-09
      0.00000
