      0.00000
      0.00000
      0.00000
      0.00000
      0.00000
      0.00000
      0.00000
      0.00000
      0.00000
      0.00000
      0.00000
      0.00000
      0.00000
      0.00000
      0.00000
      0.00000
      0.00000
      0.00000
      0.00000
      0.00000
      0.00000
      0.00000
      0.00000
      0.00000
      0.00000
      0.00000
      0.00000
      0.00000
      0.00000
      0.00000
      0.00000
      0.00000
      0.00000
      0.00000
      0.00000
      0.00000
      0.00000
      0.00000
      0.00000
      0.00000
      0.00000
      0.00000
      0.00000
      0.00000
      0.00000
      0.00000
      0.00000
      0.00000
      0.00000
      0.00000
      0.00000
      0.00000
      0.00000
      0.00000
      0.00000
      0.00000
      0.00000
      0.00000
      0.00000
      0.00000
      0.00000
      0.00000
      0.00000
      0.00000
      0.00000
      0.00000
      0.00000
      0.00000
      0.00000
      0.00000
      0.00000
      0.00000
      0.00000
      0.00000
      0.00000
      0.00000
      0.00000
      0.00000
      0.00000
      0.00000
      0.00000
      0.00000
      0.00000
      0.00000
  2.53052e-05
  0.000133568
  0.000429016
   0.00172074
   0.00396312
   0.00714013
   0.00965615
    0.0130099
    0.0174310
    0.0242612
    0.0306727
    0.0368967
    0.0424827
    0.0514507
    0.0693812
    0.0840508
    0.0868426
    0.0742629
    0.0581265
    0.0476604
    0.0407042
    0.0365017
    0.0329779
    0.0285876
    0.0251644
    0.0212636
    0.0178925
    0.0153943
    0.0128475
    0.0115022
   0.00991114
   0.00866812
   0.00741613
   0.00612036
   0.00559970
   0.00462780
   0.00381683
   0.00268387
   0.00226013
   0.00187043
   0.00159737
   0.00117696
   0.00118171
   0.00125726
   0.00132771
   0.00113871
   0.00120261
   0.00115736
   0.00110816
   0.00106947
  0.000966903
  0.000871861
  0.000719865
  0.000689131
  0.000724003
  0.000799779
   0.00103469
   0.00124123
   0.00169103
   0.00238526
   0.00346435
   0.00478587
   0.00552684
   0.00443394
   0.00243489
  0.000536827
  6.68223e-05
  1.43316e-06
 -8.88243e-10
 -8.88243e-10
 -8.88243e-10
 -8.88243e-10
 -8.88243e-10
 -8.88243e-10
 -8.88243e-10
 -8.88243e-10
 -8.88243e-10
 -8.88243e-10
 -8.88243e-10
 -8.88243e-10
 -8.88243e-10
 -8.88243e-10
 -8.88243e-10
 -8.88243e-10
 -8.88243e-10
 -8.88243e-10
 -8.88243e-10
 -8.88243e-10
 -8.88243e-10
 -8.88243e-10
 -8.88243e-10
 -8.88243e-10
 -8.88243e-10
 -8.88243e-10
 -8.88243e-10
 -8.88243e-10
 -8.88243e-10
 -8.88243e-10
 -8.88243e-10
 -8.88243e-10
 -8.88243e-10
 -8.88243e-10
 -8.88243e-10
 -8.88243e-10
 -8.88243e-10
 -8.88243e-10
 -8.88243e-10
 -8.88243e-10
 -8.88243e-10
 -8.88243e-10
 -8.88243e-10
 -8.88243e-10
 -8.88243e-10
 -8.88243e-10
 -8.88243e-10
 -8.88243e-10
 -8.88243e-10
 -8.88243e-10
 -8.88243e-10
 -8.88243e-10
 -8.88243e-10
 -8.88243e-10
 -8.88243e-10
 -8.88243e-10
 -8.88243e-10
 -8.88243e-10
 -8.88243e-10
 -8.88243e-10
 -8.88243e-10
 -8.88243e-10
      0.00000
