      0.00000
      0.00000
      0.00000
      0.00000
      0.00000
      0.00000
      0.00000
      0.00000
      0.00000
      0.00000
      0.00000
      0.00000
      0.00000
      0.00000
      0.00000
      0.00000
      0.00000
      0.00000
      0.00000
      0.00000
      0.00000
      0.00000
      0.00000
      0.00000
  1.15031e-05
  0.000126077
  0.000380445
  0.000599980
  0.000912841
   0.00153703
   0.00279833
   0.00351104
   0.00441431
   0.00480008
   0.00563349
   0.00677797
   0.00839394
    0.0106362
    0.0132261
    0.0168859
    0.0218843
    0.0284627
    0.0373453
    0.0494439
    0.0659102
    0.0889340
     0.108786
     0.113167
    0.0982599
    0.0751532
    0.0555177
    0.0415400
    0.0309248
    0.0235162
    0.0176953
    0.0140860
    0.0109424
   0.00888684
   0.00727842
   0.00629926
   0.00525165
   0.00390576
   0.00289054
   0.00184393
   0.00104097
  0.000291510
  8.67107e-05
  9.95820e-06
  2.64665e-10
  2.64665e-10
  2.64665e-10
  2.64665e-10
  2.64665e-10
  2.64665e-10
  2.64665e-10
  2.64665e-10
  2.64665e-10
  2.64665e-10
  2.64665e-10
  2.64665e-10
  2.64665e-10
  2.64665e-10
  2.64665e-10
  2.64665e-10
  2.64665e-10
  2.64665e-10
  2.64665e-10
  2.64665e-10
  2.64665e-10
  2.64665e-10
  2.64665e-10
  2.64665e-10
  2.64665e-10
      0.00000
