      0.00000
      0.00000
      0.00000
      0.00000
      0.00000
      0.00000
      0.00000
      0.00000
      0.00000
      0.00000
      0.00000
      0.00000
      0.00000
      0.00000
   0.00582724
    0.0151887
    0.0299300
    0.0435290
    0.0538683
    0.0598068
    0.0670637
    0.0709052
    0.0847036
    0.0863814
    0.0967237
    0.0896245
    0.0827726
    0.0694961
    0.0521317
    0.0397792
    0.0262765
    0.0171367
   0.00798017
  0.000874896
  1.70762e-09
  1.70762e-09
  1.70762e-09
  1.70762e-09
  1.70762e-09
  1.70762e-09
  1.70762e-09
  1.70762e-09
  1.70762e-09
  1.70762e-09
  1.70762e-09
  1.70762e-09
  1.70762e-09
      0.00000
