      0.00000
      0.00000
      0.00000
      0.00000
      0.00000
      0.00000
      0.00000
      0.00000
      0.00000
      0.00000
      0.00000
      0.00000
      0.00000
      0.00000
      0.00000
      0.00000
      0.00000
      0.00000
      0.00000
      0.00000
      0.00000
      0.00000
      0.00000
      0.00000
      0.00000
      0.00000
      0.00000
      0.00000
      0.00000
      0.00000
      0.00000
      0.00000
      0.00000
      0.00000
      0.00000
      0.00000
      0.00000
      0.00000
      0.00000
      0.00000
      0.00000
      0.00000
      0.00000
      0.00000
      0.00000
      0.00000
      0.00000
      0.00000
      0.00000
      0.00000
      0.00000
      0.00000
      0.00000
      0.00000
      0.00000
      0.00000
      0.00000
      0.00000
      0.00000
      0.00000
      0.00000
      0.00000
      0.00000
      0.00000
      0.00000
      0.00000
      0.00000
      0.00000
      0.00000
      0.00000
      0.00000
      0.00000
      0.00000
      0.00000
      0.00000
      0.00000
      0.00000
      0.00000
      0.00000
      0.00000
      0.00000
      0.00000
      0.00000
      0.00000
      0.00000
      0.00000
      0.00000
      0.00000
  3.09937e-07
  9.25078e-05
  0.000866773
   0.00167215
   0.00244618
   0.00338299
   0.00594737
   0.00843194
    0.0121888
    0.0190578
    0.0328202
    0.0571099
    0.0787455
    0.0872679
    0.0794072
    0.0661196
    0.0573295
    0.0526322
    0.0504701
    0.0485166
    0.0451273
    0.0407563
    0.0370036
    0.0321615
    0.0270695
    0.0230784
    0.0206706
    0.0189731
    0.0165765
    0.0140154
    0.0128531
    0.0120453
    0.0116075
    0.0106453
   0.00752077
   0.00413711
   0.00102307
  0.000203923
  2.59275e-05
  3.26142e-07
 -3.55457e-09
 -3.55457e-09
 -3.55457e-09
 -3.55457e-09
 -3.55457e-09
 -3.55457e-09
 -3.55457e-09
 -3.55457e-09
 -3.55457e-09
 -3.55457e-09
 -3.55457e-09
 -3.55457e-09
 -3.55457e-09
 -3.55457e-09
 -3.55457e-09
 -3.55457e-09
 -3.55457e-09
 -3.55457e-09
 -3.55457e-09
 -3.55457e-09
 -3.55457e-09
 -3.55457e-09
 -3.55457e-09
 -3.55457e-09
 -3.55457e-09
 -3.55457e-09
 -3.55457e-09
 -3.55457e-09
 -3.55457e-09
 -3.55457e-09
 -3.55457e-09
 -3.55457e-09
 -3.55457e-09
 -3.55457e-09
 -3.55457e-09
 -3.55457e-09
 -3.55457e-09
 -3.55457e-09
 -3.55457e-09
 -3.55457e-09
 -3.55457e-09
 -3.55457e-09
 -3.55457e-09
 -3.55457e-09
 -3.55457e-09
 -3.55457e-09
 -3.55457e-09
 -3.55457e-09
 -3.55457e-09
 -3.55457e-09
 -3.55457e-09
 -3.55457e-09
 -3.55457e-09
 -3.55457e-09
 -3.55457e-09
 -3.55457e-09
 -3.55457e-09
 -3.55457e-09
 -3.55457e-09
 -3.55457e-09
 -3.55457e-09
 -3.55457e-09
 -3.55457e-09
 -3.55457e-09
 -3.55457e-09
 -3.55457e-09
 -3.55457e-09
 -3.55457e-09
 -3.55457e-09
 -3.55457e-09
 -3.55457e-09
 -3.55457e-09
 -3.55457e-09
 -3.55457e-09
 -3.55457e-09
 -3.55457e-09
 -3.55457e-09
 -3.55457e-09
 -3.55457e-09
 -3.55457e-09
 -3.55457e-09
 -3.55457e-09
 -3.55457e-09
 -3.55457e-09
 -3.55457e-09
 -3.55457e-09
      0.00000
