      0.00000
      0.00000
      0.00000
      0.00000
      0.00000
      0.00000
      0.00000
      0.00000
      0.00000
      0.00000
      0.00000
      0.00000
      0.00000
      0.00000
      0.00000
      0.00000
      0.00000
      0.00000
      0.00000
      0.00000
      0.00000
      0.00000
      0.00000
      0.00000
  0.000218700
  0.000729080
   0.00136796
   0.00181152
   0.00187589
   0.00273154
   0.00374848
   0.00467689
   0.00509567
   0.00566633
   0.00686735
   0.00811310
    0.0100118
    0.0124511
    0.0154337
    0.0188177
    0.0228688
    0.0284950
    0.0363185
    0.0468702
    0.0617857
    0.0812469
    0.0982093
     0.101213
    0.0892532
    0.0699284
    0.0536673
    0.0413400
    0.0326713
    0.0265462
    0.0218824
    0.0179117
    0.0144909
    0.0118999
   0.00954732
   0.00758980
   0.00617943
   0.00508249
   0.00391318
   0.00311488
   0.00267136
   0.00255999
   0.00175285
  0.000972187
  0.000330790
  7.07816e-05
 -5.15380e-10
 -5.15380e-10
 -5.15380e-10
 -5.15380e-10
 -5.15380e-10
 -5.15380e-10
 -5.15380e-10
 -5.15380e-10
 -5.15380e-10
 -5.15380e-10
 -5.15380e-10
 -5.15380e-10
 -5.15380e-10
 -5.15380e-10
 -5.15380e-10
 -5.15380e-10
 -5.15380e-10
 -5.15380e-10
 -5.15380e-10
 -5.15380e-10
 -5.15380e-10
 -5.15380e-10
 -5.15380e-10
      0.00000
