      0.00000
      0.00000
      0.00000
      0.00000
      0.00000
      0.00000
      0.00000
      0.00000
      0.00000
      0.00000
      0.00000
      0.00000
      0.00000
      0.00000
      0.00000
      0.00000
      0.00000
      0.00000
      0.00000
      0.00000
      0.00000
      0.00000
      0.00000
      0.00000
      0.00000
      0.00000
      0.00000
      0.00000
      0.00000
      0.00000
      0.00000
      0.00000
      0.00000
      0.00000
      0.00000
      0.00000
      0.00000
      0.00000
      0.00000
      0.00000
      0.00000
      0.00000
      0.00000
      0.00000
      0.00000
      0.00000
  6.57952e-07
  1.52836e-06
  7.31849e-06
  2.17143e-05
  5.58829e-05
  6.87244e-05
  9.94978e-05
  0.000127817
  0.000186878
  0.000228550
  0.000227105
  0.000246857
  0.000280777
  0.000346966
  0.000393892
  0.000471737
  0.000586626
  0.000710352
  0.000831284
   0.00100697
   0.00150173
   0.00228641
   0.00320647
   0.00437598
   0.00714557
    0.0169664
    0.0391800
     0.105519
     0.208758
     0.242133
     0.194878
    0.0913464
    0.0374155
    0.0162017
   0.00661219
   0.00408394
   0.00303500
   0.00216746
   0.00140092
  0.000968863
  0.000814173
  0.000722126
  0.000604195
  0.000474384
  0.000391493
  0.000348717
  0.000297548
  0.000250498
  0.000204337
  0.000191500
  0.000178910
  0.000141883
  0.000107948
  6.87606e-05
  6.43260e-05
  3.73738e-05
  1.65847e-05
  8.72001e-07
  1.18450e-07
 -1.11458e-08
 -1.11458e-08
 -1.11458e-08
 -1.11458e-08
 -1.11458e-08
 -1.11458e-08
 -1.11458e-08
 -1.11458e-08
 -1.11458e-08
 -1.11458e-08
 -1.11458e-08
 -1.11458e-08
 -1.11458e-08
 -1.11458e-08
 -1.11458e-08
 -1.11458e-08
 -1.11458e-08
 -1.11458e-08
 -1.11458e-08
 -1.11458e-08
 -1.11458e-08
 -1.11458e-08
 -1.11458e-08
 -1.11458e-08
 -1.11458e-08
 -1.11458e-08
 -1.11458e-08
 -1.11458e-08
 -1.11458e-08
 -1.11458e-08
 -1.11458e-08
 -1.11458e-08
 -1.11458e-08
 -1.11458e-08
 -1.11458e-08
 -1.11458e-08
 -1.11458e-08
 -1.11458e-08
 -1.11458e-08
 -1.11458e-08
 -1.11458e-08
 -1.11458e-08
 -1.11458e-08
 -1.11458e-08
 -1.11458e-08
      0.00000
