      0.00000
      0.00000
      0.00000
      0.00000
      0.00000
      0.00000
      0.00000
      0.00000
      0.00000
      0.00000
      0.00000
      0.00000
      0.00000
      0.00000
      0.00000
   0.00482966
    0.0178996
    0.0403573
    0.0572311
    0.0672400
    0.0738582
    0.0860449
    0.0967847
    0.0952278
    0.0836278
    0.0750598
    0.0726793
    0.0687887
    0.0598293
    0.0445201
    0.0325399
    0.0165199
   0.00669060
  0.000271287
 -6.54056e-10
 -6.54056e-10
 -6.54056e-10
 -6.54056e-10
 -6.54056e-10
 -6.54056e-10
 -6.54056e-10
 -6.54056e-10
 -6.54056e-10
 -6.54056e-10
 -6.54056e-10
 -6.54056e-10
 -6.54056e-10
      0.00000
