      0.00000
      0.00000
      0.00000
      0.00000
      0.00000
      0.00000
      0.00000
      0.00000
      0.00000
      0.00000
      0.00000
      0.00000
      0.00000
      0.00000
  0.000249895
   0.00133665
   0.00236755
   0.00368330
   0.00541068
    0.0111941
    0.0275200
    0.0664291
     0.165063
     0.242901
     0.233786
     0.143809
    0.0537737
    0.0235020
   0.00936074
   0.00487850
   0.00286897
   0.00153876
  0.000327162
  4.12675e-09
  4.12675e-09
  4.12675e-09
  4.12675e-09
  4.12675e-09
  4.12675e-09
  4.12675e-09
  4.12675e-09
  4.12675e-09
  4.12675e-09
  4.12675e-09
  4.12675e-09
  4.12675e-09
      0.00000
