      0.00000
      0.00000
      0.00000
      0.00000
      0.00000
      0.00000
      0.00000
      0.00000
      0.00000
      0.00000
      0.00000
      0.00000
      0.00000
  0.000162198
    0.0198791
    0.0730720
     0.159044
     0.254846
     0.319912
     0.364841
     0.407182
     0.459420
     0.526142
     0.556016
     0.558996
     0.521677
     0.477321
     0.410146
     0.335107
     0.246961
     0.175449
    0.0930260
    0.0377949
   0.00300500
  3.69193e-09
  3.69193e-09
  3.69193e-09
  3.69193e-09
  3.69193e-09
  3.69193e-09
  3.69193e-09
  3.69193e-09
  3.69193e-09
  3.69193e-09
  3.69193e-09
  3.69193e-09
  3.69193e-09
      0.00000
