      0.00000
      0.00000
      0.00000
      0.00000
      0.00000
      0.00000
      0.00000
      0.00000
      0.00000
      0.00000
      0.00000
      0.00000
      0.00000
  7.76468e-06
  0.000852876
   0.00379518
   0.00757896
    0.0119055
    0.0172054
    0.0248603
    0.0371774
    0.0549939
    0.0878313
     0.130286
     0.154086
     0.144589
     0.107973
    0.0731276
    0.0476454
    0.0296425
    0.0196070
    0.0148677
    0.0118025
   0.00913787
   0.00578622
   0.00369348
   0.00138042
  0.000166400
  2.52058e-09
  2.52058e-09
  2.52058e-09
  2.52058e-09
  2.52058e-09
  2.52058e-09
  2.52058e-09
  2.52058e-09
  2.52058e-09
  2.52058e-09
  2.52058e-09
      0.00000
