      0.00000
      0.00000
      0.00000
      0.00000
      0.00000
      0.00000
      0.00000
      0.00000
      0.00000
      0.00000
      0.00000
      0.00000
      0.00000
      0.00000
      0.00000
      0.00000
      0.00000
      0.00000
      0.00000
      0.00000
      0.00000
      0.00000
      0.00000
  0.000701994
   0.00360313
   0.00824102
    0.0136834
    0.0174173
    0.0221869
    0.0265069
    0.0314864
    0.0352120
    0.0383029
    0.0419685
    0.0439289
    0.0462082
    0.0460840
    0.0456755
    0.0440518
    0.0423256
    0.0404784
    0.0395542
    0.0383731
    0.0356998
    0.0358833
    0.0370536
    0.0413201
    0.0412617
    0.0383964
    0.0337000
    0.0291704
    0.0248524
    0.0211619
    0.0155808
    0.0117729
   0.00572887
   0.00242775
  1.24977e-09
  1.24977e-09
  1.24977e-09
  1.24977e-09
  1.24977e-09
  1.24977e-09
  1.24977e-09
  1.24977e-09
  1.24977e-09
  1.24977e-09
  1.24977e-09
  1.24977e-09
  1.24977e-09
  1.24977e-09
  1.24977e-09
  1.24977e-09
  1.24977e-09
  1.24977e-09
  1.24977e-09
  1.24977e-09
  1.24977e-09
      0.00000
