      0.00000
      0.00000
      0.00000
      0.00000
      0.00000
      0.00000
      0.00000
      0.00000
      0.00000
      0.00000
      0.00000
      0.00000
      0.00000
      0.00000
      0.00000
      0.00000
      0.00000
  2.70537e-05
  0.000508960
   0.00103765
   0.00173024
   0.00239755
   0.00332732
   0.00445545
   0.00727908
    0.0180617
    0.0428525
     0.120225
     0.220465
     0.243899
     0.184381
    0.0817470
    0.0352716
    0.0152587
   0.00672845
   0.00417478
   0.00280979
   0.00183751
  0.000905600
  0.000473026
  0.000129067
  1.75742e-05
 -1.69388e-09
 -1.69388e-09
 -1.69388e-09
 -1.69388e-09
 -1.69388e-09
 -1.69388e-09
 -1.69388e-09
 -1.69388e-09
 -1.69388e-09
 -1.69388e-09
 -1.69388e-09
 -1.69388e-09
 -1.69388e-09
 -1.69388e-09
 -1.69388e-09
 -1.69388e-09
      0.00000
