      0.00000
      0.00000
      0.00000
      0.00000
      0.00000
      0.00000
      0.00000
      0.00000
      0.00000
      0.00000
      0.00000
      0.00000
      0.00000
      0.00000
      0.00000
      0.00000
      0.00000
  6.73073e-05
  0.000613569
   0.00112457
   0.00183365
   0.00250346
   0.00341660
   0.00471681
   0.00753849
    0.0177487
    0.0396339
     0.105598
     0.211151
     0.246216
     0.198223
    0.0913919
    0.0355259
    0.0150063
   0.00585078
   0.00377190
   0.00310233
   0.00245496
   0.00153666
  0.000748302
  0.000195378
  3.16280e-05
 -7.37313e-09
 -7.37313e-09
 -7.37313e-09
 -7.37313e-09
 -7.37313e-09
 -7.37313e-09
 -7.37313e-09
 -7.37313e-09
 -7.37313e-09
 -7.37313e-09
 -7.37313e-09
 -7.37313e-09
 -7.37313e-09
 -7.37313e-09
 -7.37313e-09
 -7.37313e-09
      0.00000
