      0.00000
      0.00000
      0.00000
      0.00000
      0.00000
      0.00000
      0.00000
      0.00000
      0.00000
      0.00000
      0.00000
      0.00000
      0.00000
      0.00000
      0.00000
      0.00000
      0.00000
      0.00000
      0.00000
      0.00000
      0.00000
      0.00000
      0.00000
      0.00000
      0.00000
      0.00000
  9.95484e-06
  0.000362798
   0.00103498
   0.00202075
   0.00279261
   0.00353979
   0.00384520
   0.00460825
   0.00563199
   0.00716639
   0.00925416
    0.0111484
    0.0137646
    0.0168411
    0.0215928
    0.0277575
    0.0365421
    0.0484747
    0.0655620
    0.0873890
     0.106953
     0.109915
    0.0965990
    0.0740577
    0.0560221
    0.0424880
    0.0328806
    0.0260199
    0.0200867
    0.0157334
    0.0121574
   0.00974573
   0.00814447
   0.00623879
   0.00495766
   0.00298219
   0.00243825
   0.00155163
   0.00115358
  0.000415521
  0.000114645
  5.48106e-06
 -2.52902e-09
 -2.52902e-09
 -2.52902e-09
 -2.52902e-09
 -2.52902e-09
 -2.52902e-09
 -2.52902e-09
 -2.52902e-09
 -2.52902e-09
 -2.52902e-09
 -2.52902e-09
 -2.52902e-09
 -2.52902e-09
 -2.52902e-09
 -2.52902e-09
 -2.52902e-09
 -2.52902e-09
 -2.52902e-09
 -2.52902e-09
 -2.52902e-09
 -2.52902e-09
 -2.52902e-09
 -2.52902e-09
 -2.52902e-09
 -2.52902e-09
      0.00000
