      0.00000
      0.00000
      0.00000
      0.00000
      0.00000
      0.00000
      0.00000
      0.00000
      0.00000
      0.00000
      0.00000
      0.00000
      0.00000
      0.00000
      0.00000
      0.00000
      0.00000
      0.00000
      0.00000
      0.00000
      0.00000
      0.00000
      0.00000
      0.00000
      0.00000
      0.00000
      0.00000
      0.00000
      0.00000
      0.00000
      0.00000
      0.00000
      0.00000
      0.00000
      0.00000
      0.00000
      0.00000
      0.00000
      0.00000
      0.00000
      0.00000
      0.00000
      0.00000
      0.00000
      0.00000
      0.00000
      0.00000
      0.00000
      0.00000
      0.00000
      0.00000
      0.00000
      0.00000
      0.00000
      0.00000
      0.00000
      0.00000
      0.00000
      0.00000
      0.00000
      0.00000
      0.00000
      0.00000
      0.00000
      0.00000
      0.00000
      0.00000
      0.00000
      0.00000
      0.00000
      0.00000
      0.00000
      0.00000
      0.00000
      0.00000
      0.00000
      0.00000
      0.00000
      0.00000
      0.00000
      0.00000
  8.97934e-05
  0.000236149
  0.000756544
   0.00258296
   0.00465087
   0.00770982
    0.0111905
    0.0153429
    0.0209426
    0.0268271
    0.0336241
    0.0367821
    0.0377359
    0.0365686
    0.0365995
    0.0382364
    0.0429808
    0.0534717
    0.0679222
    0.0757296
    0.0712772
    0.0564743
    0.0429358
    0.0343876
    0.0291262
    0.0249895
    0.0212985
    0.0190465
    0.0163749
    0.0141151
    0.0117620
    0.0103213
   0.00927600
   0.00819753
   0.00744126
   0.00642897
   0.00539026
   0.00441952
   0.00373929
   0.00405561
   0.00443871
   0.00399972
   0.00235031
   0.00109856
  0.000417249
  0.000214267
  0.000170814
  0.000121509
  0.000121509
  2.94300e-09
  2.94300e-09
  2.94300e-09
  2.94300e-09
  3.20250e-08
  6.88775e-05
  0.000158150
  0.000304410
  0.000346822
  0.000390365
  0.000357658
  0.000363479
  0.000404066
  0.000612468
  0.000846971
   0.00104222
   0.00102284
  0.000960336
  0.000952773
   0.00101482
   0.00105978
   0.00108413
   0.00135675
   0.00181514
   0.00258833
   0.00363529
   0.00461066
   0.00483055
   0.00349971
   0.00191472
  0.000557199
  0.000205929
  2.31219e-05
  2.12390e-06
  2.90439e-09
  2.90439e-09
  2.90439e-09
  2.90439e-09
  2.90439e-09
  2.90439e-09
  2.90439e-09
  2.90439e-09
  2.90439e-09
  2.90439e-09
  2.90439e-09
  2.90439e-09
  2.90439e-09
  2.90439e-09
  2.90439e-09
  2.90439e-09
  2.90439e-09
  2.90439e-09
  2.90439e-09
  2.90439e-09
  2.90439e-09
  2.90439e-09
  2.90439e-09
  2.90439e-09
  2.90439e-09
  2.90439e-09
  2.90439e-09
  2.90439e-09
  2.90439e-09
  2.90439e-09
  2.90439e-09
  2.90439e-09
  2.90439e-09
  2.90439e-09
  2.90439e-09
  2.90439e-09
  2.90439e-09
  2.90439e-09
  2.90439e-09
  2.90439e-09
  2.90439e-09
  2.90439e-09
  2.90439e-09
  2.90439e-09
  2.90439e-09
  2.90439e-09
  2.90439e-09
  2.90439e-09
  2.90439e-09
  2.90439e-09
      0.00000
