      0.00000
      0.00000
      0.00000
      0.00000
      0.00000
      0.00000
      0.00000
      0.00000
      0.00000
      0.00000
      0.00000
      0.00000
      0.00000
      0.00000
      0.00000
      0.00000
      0.00000
      0.00000
      0.00000
      0.00000
      0.00000
      0.00000
      0.00000
      0.00000
      0.00000
      0.00000
      0.00000
      0.00000
      0.00000
  9.10698e-06
  0.000141636
  0.000279860
   0.00128431
   0.00269424
   0.00494641
   0.00553246
   0.00623793
   0.00656675
   0.00800571
   0.00963243
    0.0106853
    0.0124658
    0.0120708
    0.0128096
    0.0126210
    0.0151571
    0.0172760
    0.0193470
    0.0201514
    0.0214046
    0.0221377
    0.0227381
    0.0243984
    0.0279351
    0.0331438
    0.0399583
    0.0482084
    0.0561729
    0.0605276
    0.0598584
    0.0554325
    0.0484798
    0.0407993
    0.0331330
    0.0269260
    0.0231366
    0.0201976
    0.0185479
    0.0164465
    0.0163644
    0.0171324
    0.0173742
    0.0163784
    0.0143222
    0.0117482
    0.0101666
   0.00774228
   0.00634734
   0.00352057
   0.00132993
  7.61670e-05
 -3.72423e-09
 -3.72423e-09
 -3.72423e-09
 -3.72423e-09
 -3.72423e-09
 -3.72423e-09
 -3.72423e-09
 -3.72423e-09
 -3.72423e-09
 -3.72423e-09
 -3.72423e-09
 -3.72423e-09
 -3.72423e-09
 -3.72423e-09
 -3.72423e-09
 -3.72423e-09
 -3.72423e-09
 -3.72423e-09
 -3.72423e-09
 -3.72423e-09
 -3.72423e-09
 -3.72423e-09
 -3.72423e-09
 -3.72423e-09
 -3.72423e-09
 -3.72423e-09
 -3.72423e-09
 -3.72423e-09
 -3.72423e-09
 -3.72423e-09
 -3.72423e-09
 -3.72423e-09
      0.00000
