      0.00000
      0.00000
      0.00000
      0.00000
      0.00000
      0.00000
      0.00000
      0.00000
      0.00000
      0.00000
      0.00000
      0.00000
      0.00000
      0.00000
      0.00000
      0.00000
      0.00000
      0.00000
      0.00000
      0.00000
      0.00000
      0.00000
      0.00000
      0.00000
      0.00000
      0.00000
      0.00000
      0.00000
      0.00000
      0.00000
      0.00000
      0.00000
      0.00000
      0.00000
      0.00000
      0.00000
      0.00000
      0.00000
      0.00000
      0.00000
      0.00000
      0.00000
  1.91647e-07
  8.37962e-07
  2.24684e-06
  3.35446e-06
  6.36078e-06
  1.30869e-05
  2.45796e-05
  4.45910e-05
  0.000107336
  0.000202175
  0.000317387
  0.000436338
  0.000538923
  0.000637269
  0.000663142
  0.000730703
  0.000835691
  0.000985267
   0.00113021
   0.00136052
   0.00170741
   0.00209018
   0.00249473
   0.00309241
   0.00461565
   0.00701235
   0.00977956
    0.0133500
    0.0218076
    0.0524220
     0.119159
     0.318376
     0.625071
     0.725499
     0.583573
     0.274013
     0.111665
    0.0478670
    0.0198525
    0.0123448
   0.00909209
   0.00650331
   0.00416424
   0.00287257
   0.00235512
   0.00201178
   0.00163161
   0.00128329
   0.00111380
   0.00101539
  0.000862584
  0.000693767
  0.000564731
  0.000507102
  0.000460962
  0.000381132
  0.000286639
  0.000174818
  0.000107756
  5.61088e-05
  2.66467e-05
  1.71765e-06
  5.35046e-07
 -4.16815e-08
 -4.16815e-08
 -4.16815e-08
 -4.16815e-08
 -4.16815e-08
 -4.16815e-08
 -4.16815e-08
 -4.16815e-08
 -4.16815e-08
 -4.16815e-08
 -4.16815e-08
 -4.16815e-08
 -4.16815e-08
 -4.16815e-08
 -4.16815e-08
 -4.16815e-08
 -4.16815e-08
 -4.16815e-08
 -4.16815e-08
 -4.16815e-08
 -4.16815e-08
 -4.16815e-08
 -4.16815e-08
 -4.16815e-08
 -4.16815e-08
 -4.16815e-08
 -4.16815e-08
 -4.16815e-08
 -4.16815e-08
 -4.16815e-08
 -4.16815e-08
 -4.16815e-08
 -4.16815e-08
 -4.16815e-08
 -4.16815e-08
 -4.16815e-08
 -4.16815e-08
 -4.16815e-08
 -4.16815e-08
 -4.16815e-08
 -4.16815e-08
 -4.16815e-08
 -4.16815e-08
 -4.16815e-08
 -4.16815e-08
      0.00000
