      0.00000
      0.00000
      0.00000
      0.00000
      0.00000
      0.00000
      0.00000
      0.00000
      0.00000
      0.00000
      0.00000
      0.00000
      0.00000
      0.00000
      0.00000
      0.00000
      0.00000
      0.00000
      0.00000
      0.00000
      0.00000
      0.00000
      0.00000
      0.00000
      0.00000
      0.00000
      0.00000
      0.00000
      0.00000
      0.00000
  2.55593e-05
  0.000137945
  0.000706930
   0.00150392
   0.00337122
   0.00421821
   0.00515228
   0.00574781
   0.00680255
   0.00882315
    0.0101941
    0.0122970
    0.0125612
    0.0134074
    0.0135162
    0.0154982
    0.0174797
    0.0197984
    0.0209239
    0.0216380
    0.0221859
    0.0233075
    0.0254841
    0.0293787
    0.0343582
    0.0408365
    0.0491441
    0.0564180
    0.0610443
    0.0601746
    0.0559081
    0.0486335
    0.0403339
    0.0329258
    0.0269383
    0.0234309
    0.0201752
    0.0185169
    0.0167849
    0.0171426
    0.0182232
    0.0180880
    0.0168333
    0.0143226
    0.0113040
   0.00899280
   0.00665544
   0.00516896
   0.00278351
  0.000702241
  9.11835e-10
  9.11835e-10
  9.11835e-10
  9.11835e-10
  9.11835e-10
  9.11835e-10
  9.11835e-10
  9.11835e-10
  9.11835e-10
  9.11835e-10
  9.11835e-10
  9.11835e-10
  9.11835e-10
  9.11835e-10
  9.11835e-10
  9.11835e-10
  9.11835e-10
  9.11835e-10
  9.11835e-10
  9.11835e-10
  9.11835e-10
  9.11835e-10
  9.11835e-10
  9.11835e-10
  9.11835e-10
  9.11835e-10
  9.11835e-10
  9.11835e-10
  9.11835e-10
  9.11835e-10
  9.11835e-10
  9.11835e-10
  9.11835e-10
      0.00000
