      0.00000
      0.00000
      0.00000
      0.00000
      0.00000
      0.00000
      0.00000
      0.00000
      0.00000
      0.00000
      0.00000
      0.00000
      0.00000
      0.00000
      0.00000
      0.00000
      0.00000
      0.00000
      0.00000
      0.00000
      0.00000
      0.00000
      0.00000
      0.00000
      0.00000
      0.00000
      0.00000
      0.00000
      0.00000
      0.00000
  0.000127500
  0.000302046
  0.000767866
   0.00174518
   0.00423307
   0.00574981
   0.00830061
    0.0143344
    0.0224650
    0.0302325
    0.0355509
    0.0437882
    0.0511753
    0.0573738
    0.0641320
    0.0815792
     0.100830
     0.107698
    0.0935418
    0.0682925
    0.0469711
    0.0335024
    0.0256972
    0.0209085
    0.0173286
    0.0173044
    0.0181008
    0.0158003
   0.00941548
   0.00275195
  4.59320e-11
  4.59320e-11
  4.59320e-11
  4.59320e-11
  4.59320e-11
  4.59320e-11
  4.59320e-11
  4.59320e-11
  4.59320e-11
  4.59320e-11
  4.59320e-11
  4.59320e-11
  4.59320e-11
  4.59320e-11
  4.59320e-11
  4.59320e-11
  4.59320e-11
  4.59320e-11
  4.59320e-11
  4.59320e-11
  4.59320e-11
  4.59320e-11
  4.59320e-11
  4.59320e-11
  4.59320e-11
  4.59320e-11
  4.59320e-11
  4.59320e-11
  4.59320e-11
  4.59320e-11
  4.59320e-11
  4.59320e-11
      0.00000
