      0.00000
      0.00000
      0.00000
      0.00000
      0.00000
      0.00000
      0.00000
      0.00000
      0.00000
      0.00000
      0.00000
      0.00000
      0.00000
  0.000162198
   0.00685539
    0.0156267
    0.0296285
    0.0414069
    0.0505668
    0.0572542
    0.0653019
    0.0709963
    0.0863247
    0.0915757
     0.101532
    0.0946125
    0.0844200
    0.0695371
    0.0500317
    0.0373373
    0.0246434
    0.0153195
   0.00643599
  0.000431104
  5.31820e-10
  5.31820e-10
  5.31820e-10
  5.31820e-10
  5.31820e-10
  5.31820e-10
  5.31820e-10
  5.31820e-10
  5.31820e-10
  5.31820e-10
  5.31820e-10
  5.31820e-10
  5.31820e-10
      0.00000
