      0.00000
      0.00000
      0.00000
      0.00000
      0.00000
      0.00000
      0.00000
      0.00000
      0.00000
      0.00000
      0.00000
      0.00000
      0.00000
  0.000526715
   0.00116575
   0.00311657
   0.00490266
   0.00842838
    0.0151950
    0.0323708
    0.0691276
     0.136334
     0.195747
     0.203589
     0.153860
    0.0871558
    0.0437886
    0.0202092
   0.00969188
   0.00582682
   0.00422781
   0.00293634
   0.00140698
  0.000390977
  2.50747e-06
  2.04727e-09
  2.04727e-09
  2.04727e-09
  2.04727e-09
  2.04727e-09
  2.04727e-09
  2.04727e-09
  2.04727e-09
  2.04727e-09
  2.04727e-09
  2.04727e-09
      0.00000
