      0.00000
      0.00000
      0.00000
      0.00000
      0.00000
      0.00000
      0.00000
      0.00000
      0.00000
      0.00000
      0.00000
      0.00000
      0.00000
      0.00000
      0.00000
      0.00000
      0.00000
      0.00000
      0.00000
      0.00000
      0.00000
      0.00000
      0.00000
      0.00000
      0.00000
      0.00000
      0.00000
      0.00000
      0.00000
      0.00000
      0.00000
      0.00000
      0.00000
      0.00000
      0.00000
      0.00000
      0.00000
      0.00000
      0.00000
      0.00000
      0.00000
      0.00000
  1.91647e-07
  8.37962e-07
  2.24684e-06
  3.00678e-06
  3.21839e-06
  6.06369e-06
  9.96136e-06
  1.59648e-05
  2.90332e-05
  7.62841e-05
  0.000119165
  0.000155257
  0.000169000
  0.000188167
  0.000210163
  0.000235077
  0.000274230
  0.000312960
  0.000355883
  0.000418734
  0.000533180
  0.000651559
  0.000807002
   0.00101059
   0.00150966
   0.00230385
   0.00323009
   0.00445451
   0.00723868
    0.0171257
    0.0391614
     0.103261
     0.204148
     0.241301
     0.197279
    0.0959234
    0.0384990
    0.0162888
   0.00675687
   0.00407004
   0.00301995
   0.00219411
   0.00141721
  0.000956975
  0.000760494
  0.000653422
  0.000515096
  0.000411438
  0.000366617
  0.000335931
  0.000292575
  0.000220534
  0.000186001
  0.000149160
  0.000133993
  0.000109662
  7.57580e-05
  4.21599e-05
  1.11466e-05
  6.23344e-06
  2.85099e-06
  9.96354e-08
 -9.98796e-09
 -9.98796e-09
 -9.98796e-09
 -9.98796e-09
 -9.98796e-09
 -9.98796e-09
 -9.98796e-09
 -9.98796e-09
 -9.98796e-09
 -9.98796e-09
 -9.98796e-09
 -9.98796e-09
 -9.98796e-09
 -9.98796e-09
 -9.98796e-09
 -9.98796e-09
 -9.98796e-09
 -9.98796e-09
 -9.98796e-09
 -9.98796e-09
 -9.98796e-09
 -9.98796e-09
 -9.98796e-09
 -9.98796e-09
 -9.98796e-09
 -9.98796e-09
 -9.98796e-09
 -9.98796e-09
 -9.98796e-09
 -9.98796e-09
 -9.98796e-09
 -9.98796e-09
 -9.98796e-09
 -9.98796e-09
 -9.98796e-09
 -9.98796e-09
 -9.98796e-09
 -9.98796e-09
 -9.98796e-09
 -9.98796e-09
 -9.98796e-09
 -9.98796e-09
 -9.98796e-09
 -9.98796e-09
 -9.98796e-09
 -9.98796e-09
      0.00000
