      0.00000
      0.00000
      0.00000
      0.00000
      0.00000
      0.00000
      0.00000
      0.00000
      0.00000
      0.00000
      0.00000
      0.00000
      0.00000
      0.00000
      0.00000
      0.00000
      0.00000
      0.00000
      0.00000
      0.00000
  0.000725159
   0.00432983
    0.0108910
    0.0182213
    0.0252042
    0.0305229
    0.0379453
    0.0449735
    0.0566983
    0.0694968
    0.0825325
    0.0914690
    0.0943072
    0.0905949
    0.0810689
    0.0698346
    0.0569515
    0.0450286
    0.0335854
    0.0242627
    0.0166069
   0.00921761
   0.00448418
   0.00104774
 -1.00305e-09
 -1.00305e-09
 -1.00305e-09
 -1.00305e-09
 -1.00305e-09
 -1.00305e-09
 -1.00305e-09
 -1.00305e-09
 -1.00305e-09
 -1.00305e-09
 -1.00305e-09
 -1.00305e-09
 -1.00305e-09
 -1.00305e-09
 -1.00305e-09
 -1.00305e-09
 -1.00305e-09
 -1.00305e-09
 -1.00305e-09
      0.00000
