      0.00000
      0.00000
      0.00000
      0.00000
      0.00000
      0.00000
      0.00000
      0.00000
      0.00000
      0.00000
      0.00000
      0.00000
      0.00000
      0.00000
      0.00000
      0.00000
      0.00000
      0.00000
      0.00000
      0.00000
      0.00000
  5.34942e-05
   0.00234225
   0.00895541
    0.0156187
    0.0226884
    0.0279249
    0.0390514
    0.0552628
    0.0747632
    0.0925156
     0.110795
     0.116054
     0.109047
    0.0865733
    0.0694977
    0.0562003
    0.0451620
    0.0325995
    0.0208429
    0.0105101
   0.00353879
  3.90136e-06
  2.24545e-09
  2.24545e-09
  2.24545e-09
  2.24545e-09
  2.24545e-09
  2.24545e-09
  2.24545e-09
  2.24545e-09
  2.24545e-09
  2.24545e-09
  2.24545e-09
  2.24545e-09
  2.24545e-09
  2.24545e-09
  2.24545e-09
  2.24545e-09
  2.24545e-09
  2.24545e-09
  2.24545e-09
  2.24545e-09
      0.00000
