      0.00000
      0.00000
      0.00000
      0.00000
      0.00000
      0.00000
      0.00000
      0.00000
      0.00000
      0.00000
      0.00000
      0.00000
      0.00000
   0.00478591
    0.0169912
    0.0364475
    0.0695355
     0.110996
     0.164391
     0.187161
     0.166587
     0.117890
    0.0655070
    0.0387585
    0.0146044
   0.00634393
  6.58980e-09
  6.58980e-09
  6.58980e-09
  6.58980e-09
  6.58980e-09
  6.58980e-09
  6.58980e-09
  6.58980e-09
  6.58980e-09
  6.58980e-09
  6.58980e-09
  6.58980e-09
      0.00000
