      0.00000
      0.00000
      0.00000
      0.00000
      0.00000
      0.00000
      0.00000
      0.00000
      0.00000
      0.00000
      0.00000
      0.00000
      0.00000
      0.00000
      0.00000
      0.00000
      0.00000
      0.00000
      0.00000
      0.00000
      0.00000
      0.00000
      0.00000
      0.00000
  1.46796e-05
  7.35214e-05
  0.000269226
  0.000378298
  0.000408667
  0.000312656
  0.000399748
  0.000595870
  0.000853896
   0.00102134
   0.00109246
   0.00123570
   0.00185318
   0.00280130
   0.00393295
   0.00542816
    0.0100202
    0.0237059
    0.0556746
     0.147479
     0.232481
     0.235516
     0.155706
    0.0621413
    0.0271658
    0.0108882
   0.00542862
   0.00393863
   0.00297377
   0.00201317
   0.00126424
  0.000957786
  0.000911130
  0.000665451
  0.000336563
  4.74297e-05
  1.28815e-05
 -9.41520e-10
 -9.41520e-10
 -9.41520e-10
 -9.41520e-10
 -9.41520e-10
 -9.41520e-10
 -9.41520e-10
 -9.41520e-10
 -9.41520e-10
 -9.41520e-10
 -9.41520e-10
 -9.41520e-10
 -9.41520e-10
 -9.41520e-10
 -9.41520e-10
 -9.41520e-10
 -9.41520e-10
 -9.41520e-10
 -9.41520e-10
 -9.41520e-10
 -9.41520e-10
 -9.41520e-10
 -9.41520e-10
 -9.41520e-10
 -9.41520e-10
 -9.41520e-10
 -9.41520e-10
 -9.41520e-10
      0.00000
