      0.00000
      0.00000
      0.00000
      0.00000
      0.00000
      0.00000
      0.00000
      0.00000
      0.00000
      0.00000
      0.00000
      0.00000
      0.00000
      0.00000
      0.00000
      0.00000
      0.00000
      0.00000
      0.00000
      0.00000
      0.00000
      0.00000
      0.00000
      0.00000
  0.000230203
  0.000855156
   0.00175836
   0.00277430
   0.00382371
   0.00628932
   0.00933942
    0.0117277
    0.0133552
    0.0150747
    0.0181328
    0.0220575
    0.0276599
    0.0342357
    0.0424244
    0.0525447
    0.0663459
    0.0847152
     0.110206
     0.144789
     0.193258
     0.257570
     0.313949
     0.324294
     0.284112
     0.219139
     0.165207
     0.125368
    0.0964768
    0.0760824
    0.0596643
    0.0477310
    0.0375907
    0.0305325
    0.0249702
    0.0201279
    0.0163887
    0.0119704
   0.00924197
   0.00651044
   0.00486591
   0.00326702
   0.00195420
  0.000987626
  0.000330788
  7.07793e-05
 -2.77973e-09
 -2.77973e-09
 -2.77973e-09
 -2.77973e-09
 -2.77973e-09
 -2.77973e-09
 -2.77973e-09
 -2.77973e-09
 -2.77973e-09
 -2.77973e-09
 -2.77973e-09
 -2.77973e-09
 -2.77973e-09
 -2.77973e-09
 -2.77973e-09
 -2.77973e-09
 -2.77973e-09
 -2.77973e-09
 -2.77973e-09
 -2.77973e-09
 -2.77973e-09
 -2.77973e-09
 -2.77973e-09
      0.00000
