      0.00000
      0.00000
      0.00000
      0.00000
      0.00000
      0.00000
      0.00000
      0.00000
      0.00000
      0.00000
      0.00000
      0.00000
      0.00000
      0.00000
      0.00000
      0.00000
      0.00000
      0.00000
      0.00000
      0.00000
      0.00000
      0.00000
      0.00000
      0.00000
  2.49223e-07
   0.00139827
   0.00635963
    0.0120272
    0.0183807
    0.0223617
    0.0272168
    0.0325330
    0.0397743
    0.0452845
    0.0497073
    0.0518843
    0.0533282
    0.0546379
    0.0541002
    0.0539339
    0.0533201
    0.0520979
    0.0493690
    0.0452382
    0.0413147
    0.0389457
    0.0347214
    0.0316748
    0.0290972
    0.0294432
    0.0263673
    0.0209580
    0.0138432
   0.00739846
   0.00317257
  0.000110169
  2.04873e-09
  2.04873e-09
  2.04873e-09
  2.04873e-09
  2.04873e-09
  2.04873e-09
  2.04873e-09
  2.04873e-09
  2.04873e-09
  2.04873e-09
  2.04873e-09
  2.04873e-09
  2.04873e-09
  2.04873e-09
  2.04873e-09
  2.04873e-09
  2.04873e-09
  2.04873e-09
  2.04873e-09
  2.04873e-09
  2.04873e-09
  2.04873e-09
      0.00000
