      0.00000
      0.00000
      0.00000
      0.00000
      0.00000
      0.00000
      0.00000
      0.00000
      0.00000
      0.00000
      0.00000
      0.00000
      0.00000
      0.00000
   0.00381493
    0.0129155
    0.0276426
    0.0403139
    0.0475127
    0.0555571
    0.0623780
    0.0775477
    0.0878280
     0.105035
     0.107164
    0.0978654
    0.0819883
    0.0639019
    0.0522781
    0.0354740
    0.0242919
    0.0121621
   0.00432973
 -1.60414e-09
 -1.60414e-09
 -1.60414e-09
 -1.60414e-09
 -1.60414e-09
 -1.60414e-09
 -1.60414e-09
 -1.60414e-09
 -1.60414e-09
 -1.60414e-09
 -1.60414e-09
 -1.60414e-09
 -1.60414e-09
 -1.60414e-09
      0.00000
