      0.00000
      0.00000
      0.00000
      0.00000
      0.00000
      0.00000
      0.00000
      0.00000
      0.00000
      0.00000
      0.00000
      0.00000
      0.00000
      0.00000
      0.00000
      0.00000
      0.00000
      0.00000
      0.00000
      0.00000
      0.00000
      0.00000
      0.00000
      0.00000
      0.00000
      0.00000
      0.00000
      0.00000
      0.00000
      0.00000
      0.00000
      0.00000
   0.00213820
   0.00617264
    0.0129526
    0.0189013
    0.0227336
    0.0233673
    0.0215510
    0.0191911
    0.0208093
    0.0237961
    0.0309655
    0.0409733
    0.0579741
    0.0814143
     0.111100
     0.127333
     0.117595
    0.0849630
    0.0574002
    0.0428749
    0.0350291
    0.0230402
    0.0123859
   0.00413832
   0.00119942
 -1.00273e-09
 -1.00273e-09
 -1.00273e-09
 -1.00273e-09
 -1.00273e-09
 -1.00273e-09
 -1.00273e-09
 -1.00273e-09
 -1.00273e-09
 -1.00273e-09
 -1.00273e-09
 -1.00273e-09
 -1.00273e-09
 -1.00273e-09
 -1.00273e-09
 -1.00273e-09
 -1.00273e-09
 -1.00273e-09
 -1.00273e-09
 -1.00273e-09
 -1.00273e-09
 -1.00273e-09
 -1.00273e-09
 -1.00273e-09
 -1.00273e-09
 -1.00273e-09
 -1.00273e-09
 -1.00273e-09
 -1.00273e-09
 -1.00273e-09
 -1.00273e-09
 -1.00273e-09
 -1.00273e-09
 -1.00273e-09
 -1.00273e-09
      0.00000
