      0.00000
      0.00000
      0.00000
      0.00000
      0.00000
      0.00000
      0.00000
      0.00000
      0.00000
  0.000102180
    0.0164215
    0.0870046
     0.158183
     0.278521
     0.429748
     0.670913
     0.821963
     0.820105
     0.677076
     0.543464
     0.431189
     0.351163
     0.264753
     0.213700
     0.142286
    0.0748776
    0.0182540
  0.000276051
 -1.88429e-08
 -1.88429e-08
 -1.88429e-08
 -1.88429e-08
 -1.88429e-08
 -1.88429e-08
 -1.88429e-08
 -1.88429e-08
      0.00000
