      0.00000
      0.00000
      0.00000
      0.00000
      0.00000
      0.00000
      0.00000
      0.00000
      0.00000
      0.00000
      0.00000
      0.00000
      0.00000
      0.00000
      0.00000
      0.00000
      0.00000
      0.00000
  0.000330900
  0.000950935
   0.00196069
   0.00358225
   0.00563292
   0.00799733
    0.0130089
    0.0205934
    0.0365253
    0.0498045
    0.0647056
    0.0753600
    0.0873024
    0.0989601
     0.112253
     0.122864
     0.132337
     0.136517
     0.140638
     0.142406
     0.141290
     0.137211
     0.132065
     0.128043
     0.123982
     0.116535
     0.110761
     0.108280
     0.109011
     0.106091
     0.101633
    0.0969599
    0.0891094
    0.0761804
    0.0590197
    0.0414629
    0.0311045
    0.0197382
    0.0126271
   0.00407731
   0.00108646
  3.54960e-09
  3.54960e-09
  3.54960e-09
  3.54960e-09
  3.54960e-09
  3.54960e-09
  3.54960e-09
  3.54960e-09
  3.54960e-09
  3.54960e-09
  3.54960e-09
  3.54960e-09
  3.54960e-09
  3.54960e-09
  3.54960e-09
  3.54960e-09
  3.54960e-09
  3.54960e-09
  3.54960e-09
      0.00000
