      0.00000
      0.00000
      0.00000
      0.00000
      0.00000
      0.00000
      0.00000
      0.00000
      0.00000
      0.00000
      0.00000
      0.00000
      0.00000
      0.00000
      0.00000
      0.00000
      0.00000
      0.00000
   0.00134446
   0.00463506
    0.0118004
    0.0238193
    0.0401229
    0.0589999
    0.0761676
    0.0895963
     0.104109
     0.127492
     0.164458
     0.205632
     0.239550
     0.269851
     0.278767
     0.267781
     0.228143
     0.191718
     0.156977
     0.128666
     0.102673
    0.0778568
    0.0568317
    0.0351663
    0.0235110
    0.0141718
    0.0100193
   0.00524161
   0.00352487
   0.00111466
  0.000259531
  2.84719e-09
  2.84719e-09
  2.84719e-09
  2.84719e-09
  2.84719e-09
  2.84719e-09
  2.84719e-09
  2.84719e-09
  2.84719e-09
  2.84719e-09
  2.84719e-09
  2.84719e-09
  2.84719e-09
  2.84719e-09
      0.00000
