      0.00000
      0.00000
      0.00000
      0.00000
      0.00000
      0.00000
      0.00000
      0.00000
      0.00000
      0.00000
      0.00000
      0.00000
      0.00000
      0.00000
      0.00000
      0.00000
      0.00000
      0.00000
      0.00000
      0.00000
      0.00000
      0.00000
      0.00000
      0.00000
      0.00000
      0.00000
      0.00000
      0.00000
      0.00000
      0.00000
      0.00000
      0.00000
      0.00000
      0.00000
      0.00000
      0.00000
      0.00000
      0.00000
      0.00000
      0.00000
      0.00000
      0.00000
  6.77064e-06
  4.62640e-05
  0.000192607
  0.000374352
  0.000573877
  0.000783588
   0.00121299
   0.00169837
   0.00222679
   0.00273696
   0.00322010
   0.00388485
   0.00446597
   0.00511895
   0.00568509
   0.00616942
   0.00665203
   0.00738494
   0.00852371
   0.00987624
    0.0109327
    0.0120402
    0.0129283
    0.0142697
    0.0160709
    0.0185013
    0.0213778
    0.0238765
    0.0271126
    0.0305116
    0.0347397
    0.0384093
    0.0423192
    0.0451929
    0.0474612
    0.0475433
    0.0462829
    0.0431740
    0.0395410
    0.0358216
    0.0324603
    0.0293638
    0.0263556
    0.0236214
    0.0208705
    0.0184783
    0.0165353
    0.0146443
    0.0128915
    0.0116571
    0.0110948
    0.0104277
   0.00960219
   0.00849984
   0.00786641
   0.00752787
   0.00728465
   0.00693927
   0.00626474
   0.00557247
   0.00488438
   0.00445603
   0.00419493
   0.00366319
   0.00292194
   0.00230579
   0.00204437
   0.00187508
   0.00164415
   0.00159092
   0.00132556
   0.00111890
  0.000657146
  0.000312269
  8.62341e-05
  1.96888e-05
  9.64754e-07
  1.22659e-09
  1.22659e-09
  1.22659e-09
  1.22659e-09
  1.22659e-09
  1.22659e-09
  1.22659e-09
  1.22659e-09
  1.22659e-09
  1.22659e-09
  1.22659e-09
  1.22659e-09
  1.22659e-09
  1.22659e-09
  1.22659e-09
  1.22659e-09
  1.22659e-09
  1.22659e-09
  1.22659e-09
  1.22659e-09
  1.22659e-09
  1.22659e-09
  1.22659e-09
  1.22659e-09
  1.22659e-09
  1.22659e-09
  1.22659e-09
  1.22659e-09
  1.22659e-09
  1.22659e-09
  1.22659e-09
  1.22659e-09
  1.22659e-09
  1.22659e-09
  1.22659e-09
  1.22659e-09
  1.22659e-09
      0.00000
