      0.00000
      0.00000
      0.00000
      0.00000
      0.00000
      0.00000
      0.00000
      0.00000
      0.00000
      0.00000
      0.00000
      0.00000
      0.00000
      0.00000
  0.000110942
   0.00480747
    0.0205238
    0.0426746
    0.0572589
    0.0637999
    0.0703050
    0.0873844
    0.0977157
    0.0988959
    0.0856467
    0.0784431
    0.0744238
    0.0671638
    0.0591175
    0.0436715
    0.0310721
    0.0137334
   0.00325163
 -5.75856e-10
 -5.75856e-10
 -5.75856e-10
 -5.75856e-10
 -5.75856e-10
 -5.75856e-10
 -5.75856e-10
 -5.75856e-10
 -5.75856e-10
 -5.75856e-10
 -5.75856e-10
 -5.75856e-10
 -5.75856e-10
 -5.75856e-10
      0.00000
