      0.00000
      0.00000
      0.00000
      0.00000
      0.00000
      0.00000
      0.00000
      0.00000
      0.00000
      0.00000
   0.00314906
   0.00691079
    0.0333185
    0.0763349
     0.139884
     0.210991
     0.340179
     0.527687
     0.766791
     0.862925
     0.776735
     0.554185
     0.341059
     0.201525
    0.0937005
    0.0399130
    0.0126719
   0.00768003
   0.00310698
   0.00125374
  1.63209e-08
  1.63209e-08
  1.63209e-08
  1.63209e-08
  1.63209e-08
  1.63209e-08
  1.63209e-08
  1.63209e-08
      0.00000
