      0.00000
      0.00000
      0.00000
      0.00000
      0.00000
      0.00000
      0.00000
      0.00000
      0.00000
      0.00000
      0.00000
      0.00000
      0.00000
  0.000189028
   0.00129277
   0.00264308
   0.00463824
   0.00795424
    0.0166104
    0.0354499
    0.0762533
     0.144445
     0.194850
     0.194218
     0.142293
    0.0836765
    0.0452786
    0.0219969
    0.0114160
   0.00695301
   0.00509088
   0.00311277
   0.00138307
  0.000253347
  5.73645e-07
 -6.21980e-09
 -6.21980e-09
 -6.21980e-09
 -6.21980e-09
 -6.21980e-09
 -6.21980e-09
 -6.21980e-09
 -6.21980e-09
 -6.21980e-09
 -6.21980e-09
 -6.21980e-09
      0.00000
