      0.00000
      0.00000
      0.00000
      0.00000
      0.00000
      0.00000
      0.00000
      0.00000
      0.00000
      0.00000
      0.00000
      0.00000
  1.69445e-05
  0.000567907
   0.00154334
   0.00304525
   0.00490203
   0.00965720
    0.0201104
    0.0413148
    0.0836048
     0.148156
     0.188320
     0.181384
     0.130058
    0.0795171
    0.0460703
    0.0249973
    0.0145912
   0.00835870
   0.00569811
   0.00366604
   0.00271041
   0.00125063
  0.000454082
  4.91896e-06
  7.52497e-10
  7.52497e-10
  7.52497e-10
  7.52497e-10
  7.52497e-10
  7.52497e-10
  7.52497e-10
  7.52497e-10
  7.52497e-10
  7.52497e-10
      0.00000
