      0.00000
      0.00000
      0.00000
      0.00000
      0.00000
      0.00000
      0.00000
      0.00000
      0.00000
      0.00000
      0.00000
      0.00000
      0.00000
      0.00000
      0.00000
      0.00000
      0.00000
      0.00000
      0.00000
      0.00000
      0.00000
      0.00000
      0.00000
      0.00000
  3.02161e-06
  0.000276065
   0.00142641
   0.00303198
   0.00411216
   0.00411850
   0.00411611
   0.00535319
   0.00722539
   0.00838541
   0.00878785
   0.00911636
   0.00956846
   0.00874782
   0.00777228
   0.00595881
   0.00596987
   0.00629709
   0.00810347
   0.00956895
    0.0107841
    0.0107048
    0.0105246
    0.0128495
    0.0154331
    0.0181796
    0.0193289
    0.0218111
    0.0250989
    0.0298537
    0.0344287
    0.0395166
    0.0476757
    0.0597595
    0.0718986
    0.0751157
    0.0672615
    0.0542650
    0.0419477
    0.0333992
    0.0262567
    0.0205221
    0.0166974
    0.0134506
    0.0103146
   0.00772781
   0.00755232
   0.00788267
   0.00803856
   0.00683193
   0.00663978
   0.00677132
   0.00766334
   0.00735166
   0.00746187
   0.00665778
   0.00602269
   0.00436448
   0.00253662
   0.00108851
  0.000306625
  8.49009e-05
  1.69054e-09
  1.69054e-09
  1.69054e-09
  1.69054e-09
  1.69054e-09
  1.69054e-09
  1.69054e-09
  1.69054e-09
  1.69054e-09
  1.69054e-09
  1.69054e-09
  1.69054e-09
  1.69054e-09
  1.69054e-09
  1.69054e-09
  1.69054e-09
  1.69054e-09
  1.69054e-09
  1.69054e-09
  1.69054e-09
  1.69054e-09
  1.69054e-09
  1.69054e-09
  1.69054e-09
  1.69054e-09
  1.69054e-09
  1.69054e-09
      0.00000
