      0.00000
      0.00000
      0.00000
      0.00000
      0.00000
      0.00000
      0.00000
      0.00000
      0.00000
  1.96004e-05
   0.00661083
    0.0170750
    0.0284566
    0.0440568
    0.0706694
     0.115940
     0.144144
     0.135560
     0.103797
    0.0789509
    0.0685604
    0.0581659
    0.0443057
    0.0385522
    0.0269536
    0.0152655
   0.00291639
 -2.57080e-09
 -2.57080e-09
 -2.57080e-09
 -2.57080e-09
 -2.57080e-09
 -2.57080e-09
 -2.57080e-09
 -2.57080e-09
 -2.57080e-09
      0.00000
