      0.00000
      0.00000
      0.00000
      0.00000
      0.00000
      0.00000
      0.00000
      0.00000
      0.00000
      0.00000
      0.00000
      0.00000
      0.00000
   0.00140786
   0.00695076
    0.0153515
    0.0248756
    0.0376736
    0.0534066
    0.0762748
     0.113535
     0.173242
     0.265479
     0.376045
     0.443386
     0.426164
     0.330123
     0.224112
     0.145559
    0.0951993
    0.0663132
    0.0484011
    0.0355167
    0.0223647
    0.0116405
   0.00495638
   0.00182445
  0.000197774
  7.46634e-09
  7.46634e-09
  7.46634e-09
  7.46634e-09
  7.46634e-09
  7.46634e-09
  7.46634e-09
  7.46634e-09
  7.46634e-09
  7.46634e-09
  7.46634e-09
      0.00000
