      0.00000
      0.00000
      0.00000
      0.00000
      0.00000
      0.00000
      0.00000
      0.00000
      0.00000
      0.00000
      0.00000
      0.00000
      0.00000
      0.00000
      0.00000
      0.00000
      0.00000
      0.00000
      0.00000
      0.00000
      0.00000
      0.00000
      0.00000
      0.00000
  3.02161e-06
  0.000276065
   0.00142641
   0.00303198
   0.00412170
   0.00434440
   0.00524613
   0.00786841
    0.0120533
    0.0155355
    0.0199060
    0.0220809
    0.0250044
    0.0262275
    0.0287219
    0.0315501
    0.0354207
    0.0417467
    0.0437447
    0.0453265
    0.0447184
    0.0497127
    0.0552686
    0.0639055
    0.0711128
    0.0786878
    0.0827526
    0.0902965
     0.102854
     0.122939
     0.145451
     0.173971
     0.213785
     0.256547
     0.282344
     0.274980
     0.242513
     0.202361
     0.165224
     0.134827
     0.109128
    0.0907687
    0.0738285
    0.0619805
    0.0507076
    0.0472417
    0.0482813
    0.0490452
    0.0465725
    0.0405942
    0.0334253
    0.0288419
    0.0244952
    0.0216338
    0.0166047
    0.0110323
   0.00763939
   0.00505590
   0.00307980
   0.00143493
  0.000611728
  0.000109623
 -9.83449e-10
 -9.83449e-10
 -9.83449e-10
 -9.83449e-10
 -9.83449e-10
 -9.83449e-10
 -9.83449e-10
 -9.83449e-10
 -9.83449e-10
 -9.83449e-10
 -9.83449e-10
 -9.83449e-10
 -9.83449e-10
 -9.83449e-10
 -9.83449e-10
 -9.83449e-10
 -9.83449e-10
 -9.83449e-10
 -9.83449e-10
 -9.83449e-10
 -9.83449e-10
 -9.83449e-10
 -9.83449e-10
 -9.83449e-10
 -9.83449e-10
 -9.83449e-10
 -9.83449e-10
      0.00000
