      0.00000
      0.00000
      0.00000
      0.00000
      0.00000
      0.00000
      0.00000
      0.00000
      0.00000
      0.00000
      0.00000
      0.00000
      0.00000
      0.00000
      0.00000
      0.00000
      0.00000
      0.00000
      0.00000
      0.00000
      0.00000
      0.00000
      0.00000
      0.00000
      0.00000
      0.00000
      0.00000
      0.00000
      0.00000
      0.00000
  3.53972e-05
  0.000147214
  0.000302364
  0.000588675
   0.00162377
   0.00241476
   0.00367768
   0.00464228
   0.00696404
   0.00913812
    0.0121365
    0.0149830
    0.0193556
    0.0240654
    0.0303988
    0.0375396
    0.0459294
    0.0554054
    0.0669100
    0.0785571
    0.0842094
    0.0817490
    0.0724367
    0.0627196
    0.0535633
    0.0460725
    0.0388099
    0.0317716
    0.0260104
    0.0207039
    0.0167515
    0.0122153
   0.00916376
   0.00734157
   0.00646231
   0.00552432
   0.00374874
   0.00215313
   0.00102363
  0.000643923
  0.000504524
  0.000491120
  0.000425537
  0.000376890
  0.000219384
  9.32490e-05
 -2.08218e-10
 -2.08218e-10
 -2.08218e-10
 -2.08218e-10
 -2.08218e-10
 -2.08218e-10
 -2.08218e-10
 -2.08218e-10
 -2.08218e-10
 -2.08218e-10
 -2.08218e-10
 -2.08218e-10
 -2.08218e-10
 -2.08218e-10
 -2.08218e-10
 -2.08218e-10
 -2.08218e-10
 -2.08218e-10
 -2.08218e-10
 -2.08218e-10
 -2.08218e-10
 -2.08218e-10
 -2.08218e-10
 -2.08218e-10
 -2.08218e-10
 -2.08218e-10
      0.00000
