      0.00000
      0.00000
      0.00000
      0.00000
      0.00000
      0.00000
      0.00000
      0.00000
      0.00000
      0.00000
      0.00000
      0.00000
      0.00000
      0.00000
      0.00000
      0.00000
  0.000321571
   0.00182999
   0.00485483
   0.00736367
   0.00845668
    0.0100334
    0.0126951
    0.0171977
    0.0228235
    0.0305598
    0.0410604
    0.0528789
    0.0662157
    0.0844122
    0.0998527
     0.103716
    0.0923055
    0.0734737
    0.0589866
    0.0469325
    0.0376787
    0.0292842
    0.0217863
    0.0167977
    0.0128925
    0.0105827
   0.00781211
   0.00629204
   0.00478580
   0.00545414
   0.00500639
   0.00398364
   0.00167364
 -1.87489e-09
 -1.87489e-09
 -1.87489e-09
 -1.87489e-09
 -1.87489e-09
 -1.87489e-09
 -1.87489e-09
 -1.87489e-09
 -1.87489e-09
 -1.87489e-09
 -1.87489e-09
 -1.87489e-09
 -1.87489e-09
      0.00000
