      0.00000
      0.00000
      0.00000
      0.00000
      0.00000
      0.00000
      0.00000
      0.00000
      0.00000
      0.00000
  0.000773736
    0.0129761
    0.0297779
    0.0484688
    0.0544861
    0.0788090
     0.112561
     0.154069
     0.155615
     0.135717
    0.0960203
    0.0645963
    0.0348413
    0.0157819
   0.00453509
  0.000971714
 -4.06536e-09
 -4.06536e-09
 -4.06536e-09
 -4.06536e-09
 -4.06536e-09
 -4.06536e-09
 -4.06536e-09
 -4.06536e-09
 -4.06536e-09
 -4.06536e-09
      0.00000
