      0.00000
      0.00000
      0.00000
      0.00000
      0.00000
      0.00000
      0.00000
      0.00000
      0.00000
      0.00000
      0.00000
      0.00000
      0.00000
      0.00000
      0.00000
      0.00000
  0.000321571
   0.00210012
   0.00756100
    0.0123147
    0.0183033
    0.0252346
    0.0347242
    0.0454672
    0.0580027
    0.0791750
     0.109770
     0.152120
     0.201838
     0.266284
     0.323565
     0.342339
     0.309358
     0.243706
     0.186158
     0.141187
     0.110195
    0.0846031
    0.0641954
    0.0482964
    0.0378154
    0.0297725
    0.0228045
    0.0148686
   0.00921269
   0.00684063
   0.00584274
   0.00435038
   0.00167365
  3.75739e-09
  3.75739e-09
  3.75739e-09
  3.75739e-09
  3.75739e-09
  3.75739e-09
  3.75739e-09
  3.75739e-09
  3.75739e-09
  3.75739e-09
  3.75739e-09
  3.75739e-09
  3.75739e-09
      0.00000
