      0.00000
      0.00000
      0.00000
      0.00000
      0.00000
      0.00000
      0.00000
      0.00000
      0.00000
      0.00000
      0.00000
      0.00000
      0.00000
      0.00000
      0.00000
      0.00000
      0.00000
      0.00000
  0.000711390
   0.00131050
   0.00351286
   0.00589010
   0.00942917
    0.0120325
    0.0149317
    0.0212387
    0.0305565
    0.0463002
    0.0646534
    0.0904602
     0.117348
     0.131987
     0.123331
    0.0959334
    0.0669475
    0.0454970
    0.0316525
    0.0228592
    0.0180059
    0.0139975
    0.0113353
   0.00853679
   0.00656841
   0.00357225
   0.00140029
  9.66870e-09
  9.66870e-09
  9.66870e-09
  9.66870e-09
  9.66870e-09
  9.66870e-09
  9.66870e-09
  9.66870e-09
  9.66870e-09
  9.66870e-09
  9.66870e-09
  9.66870e-09
  9.66870e-09
  9.66870e-09
  9.66870e-09
  9.66870e-09
  9.66870e-09
      0.00000
