      0.00000
      0.00000
      0.00000
      0.00000
      0.00000
      0.00000
      0.00000
      0.00000
      0.00000
      0.00000
      0.00000
      0.00000
      0.00000
      0.00000
      0.00000
      0.00000
      0.00000
      0.00000
      0.00000
      0.00000
  0.000157147
  0.000492114
   0.00105561
   0.00237972
   0.00441658
   0.00678199
   0.00887615
    0.0122023
    0.0155444
    0.0194836
    0.0238891
    0.0301974
    0.0386562
    0.0493589
    0.0631322
    0.0770884
    0.0858058
    0.0847701
    0.0760402
    0.0648432
    0.0551512
    0.0480400
    0.0417310
    0.0372910
    0.0335405
    0.0298212
    0.0254387
    0.0214190
    0.0168558
    0.0129291
   0.00761000
   0.00391739
   0.00104164
  4.22857e-05
  1.50875e-09
  1.50875e-09
  1.50875e-09
  1.50875e-09
  1.50875e-09
  1.50875e-09
  1.50875e-09
  1.50875e-09
  1.50875e-09
  1.50875e-09
  1.50875e-09
  1.50875e-09
  1.50875e-09
  1.50875e-09
  1.50875e-09
  1.50875e-09
  1.50875e-09
  1.50875e-09
  1.50875e-09
  1.50875e-09
  1.50875e-09
  1.50875e-09
      0.00000
