      0.00000
      0.00000
      0.00000
      0.00000
      0.00000
      0.00000
      0.00000
      0.00000
      0.00000
      0.00000
  6.97931e-05
    0.0112649
    0.0207761
    0.0499799
    0.0864940
     0.137441
     0.148699
     0.125410
    0.0848953
    0.0628221
    0.0553332
    0.0537354
    0.0511865
    0.0487485
    0.0364568
    0.0205763
   0.00608269
  2.84689e-05
 -6.81528e-09
 -6.81528e-09
 -6.81528e-09
 -6.81528e-09
 -6.81528e-09
 -6.81528e-09
 -6.81528e-09
 -6.81528e-09
      0.00000
