      0.00000
      0.00000
      0.00000
      0.00000
      0.00000
      0.00000
      0.00000
      0.00000
      0.00000
      0.00000
      0.00000
      0.00000
      0.00000
      0.00000
   0.00327062
    0.0197040
    0.0334197
    0.0465648
    0.0534746
    0.0611832
    0.0682756
    0.0665415
    0.0727857
    0.0789005
    0.0843020
    0.0860721
    0.0810366
    0.0712580
    0.0617183
    0.0461785
    0.0366256
    0.0181543
   0.00910683
   0.00142772
  4.28654e-09
  4.28654e-09
  4.28654e-09
  4.28654e-09
  4.28654e-09
  4.28654e-09
  4.28654e-09
  4.28654e-09
  4.28654e-09
  4.28654e-09
  4.28654e-09
  4.28654e-09
  4.28654e-09
      0.00000
