      0.00000
      0.00000
      0.00000
      0.00000
      0.00000
      0.00000
      0.00000
      0.00000
      0.00000
      0.00000
      0.00000
      0.00000
      0.00000
  0.000345390
   0.00133536
   0.00244091
   0.00320606
   0.00382648
   0.00496846
    0.0106471
    0.0264794
    0.0672355
     0.172028
     0.243155
     0.230825
     0.134383
    0.0516899
    0.0236312
    0.0101401
   0.00515499
   0.00360449
   0.00241451
   0.00169265
  0.000628178
  0.000169353
 -2.86569e-09
 -2.86569e-09
 -2.86569e-09
 -2.86569e-09
 -2.86569e-09
 -2.86569e-09
 -2.86569e-09
 -2.86569e-09
 -2.86569e-09
 -2.86569e-09
 -2.86569e-09
      0.00000
