      0.00000
      0.00000
      0.00000
      0.00000
      0.00000
      0.00000
      0.00000
      0.00000
      0.00000
      0.00000
      0.00000
      0.00000
      0.00000
      0.00000
      0.00000
      0.00000
      0.00000
      0.00000
      0.00000
      0.00000
      0.00000
      0.00000
      0.00000
      0.00000
      0.00000
      0.00000
      0.00000
      0.00000
      0.00000
      0.00000
      0.00000
      0.00000
      0.00000
      0.00000
      0.00000
      0.00000
      0.00000
      0.00000
      0.00000
      0.00000
      0.00000
      0.00000
      0.00000
      0.00000
      0.00000
      0.00000
      0.00000
      0.00000
      0.00000
      0.00000
      0.00000
      0.00000
      0.00000
      0.00000
      0.00000
      0.00000
      0.00000
      0.00000
      0.00000
      0.00000
      0.00000
      0.00000
      0.00000
      0.00000
      0.00000
      0.00000
      0.00000
      0.00000
      0.00000
      0.00000
      0.00000
      0.00000
      0.00000
      0.00000
      0.00000
      0.00000
      0.00000
      0.00000
      0.00000
      0.00000
      0.00000
  8.97934e-05
  0.000236149
  0.000756544
   0.00260826
   0.00478444
   0.00813884
    0.0129112
    0.0193064
    0.0281752
    0.0373500
    0.0483062
    0.0566593
    0.0653800
    0.0731886
    0.0819281
    0.0929079
     0.113489
     0.155673
     0.209083
     0.241318
     0.232808
     0.194008
     0.156716
     0.132421
     0.118260
     0.108437
    0.0984027
    0.0893382
    0.0783948
    0.0690112
    0.0593178
    0.0502383
    0.0438567
    0.0387792
    0.0350825
    0.0304216
    0.0255260
    0.0228723
    0.0204124
    0.0194800
    0.0177679
    0.0137806
   0.00835785
   0.00371900
   0.00179813
   0.00142190
   0.00142840
   0.00144921
   0.00126022
   0.00120261
   0.00115736
   0.00110816
   0.00106947
  0.000966931
  0.000940735
  0.000878012
  0.000993537
   0.00107082
   0.00119014
   0.00139235
   0.00160471
   0.00209509
   0.00299772
   0.00431132
   0.00582809
   0.00654967
   0.00539427
   0.00338766
   0.00155165
   0.00112660
   0.00108556
   0.00135674
   0.00181513
   0.00258832
   0.00363528
   0.00461066
   0.00483055
   0.00349971
   0.00191471
  0.000557194
  0.000205925
  2.31175e-05
  2.11946e-06
 -1.53843e-09
 -1.53843e-09
 -1.53843e-09
 -1.53843e-09
 -1.53843e-09
 -1.53843e-09
 -1.53843e-09
 -1.53843e-09
 -1.53843e-09
 -1.53843e-09
 -1.53843e-09
 -1.53843e-09
 -1.53843e-09
 -1.53843e-09
 -1.53843e-09
 -1.53843e-09
 -1.53843e-09
 -1.53843e-09
 -1.53843e-09
 -1.53843e-09
 -1.53843e-09
 -1.53843e-09
 -1.53843e-09
 -1.53843e-09
 -1.53843e-09
 -1.53843e-09
 -1.53843e-09
 -1.53843e-09
 -1.53843e-09
 -1.53843e-09
 -1.53843e-09
 -1.53843e-09
 -1.53843e-09
 -1.53843e-09
 -1.53843e-09
 -1.53843e-09
 -1.53843e-09
 -1.53843e-09
 -1.53843e-09
 -1.53843e-09
 -1.53843e-09
 -1.53843e-09
 -1.53843e-09
 -1.53843e-09
 -1.53843e-09
 -1.53843e-09
 -1.53843e-09
 -1.53843e-09
 -1.53843e-09
 -1.53843e-09
      0.00000
