      0.00000
      0.00000
      0.00000
      0.00000
      0.00000
      0.00000
      0.00000
      0.00000
      0.00000
      0.00000
      0.00000
      0.00000
      0.00000
  1.11079e-05
   0.00160392
   0.00366090
   0.00708876
    0.0119886
    0.0180807
    0.0250193
    0.0380407
    0.0592745
    0.0904921
     0.124905
     0.146386
     0.143484
     0.113665
    0.0775499
    0.0484885
    0.0314977
    0.0224800
    0.0167637
    0.0116328
   0.00590125
   0.00198574
  7.35957e-09
  7.35957e-09
  7.35957e-09
  7.35957e-09
  7.35957e-09
  7.35957e-09
  7.35957e-09
  7.35957e-09
  7.35957e-09
  7.35957e-09
  7.35957e-09
  7.35957e-09
  7.35957e-09
  7.35957e-09
      0.00000
