      0.00000
      0.00000
      0.00000
      0.00000
      0.00000
      0.00000
      0.00000
      0.00000
      0.00000
      0.00000
      0.00000
      0.00000
      0.00000
      0.00000
      0.00000
      0.00000
      0.00000
      0.00000
      0.00000
      0.00000
      0.00000
      0.00000
      0.00000
      0.00000
      0.00000
      0.00000
      0.00000
      0.00000
      0.00000
      0.00000
  0.000304744
  0.000410174
  0.000881986
   0.00191399
   0.00461318
   0.00593322
   0.00855606
    0.0152345
    0.0234796
    0.0318491
    0.0362632
    0.0439113
    0.0506455
    0.0565516
    0.0647807
    0.0800993
     0.100458
     0.108358
    0.0963741
    0.0710745
    0.0477013
    0.0331889
    0.0251436
    0.0203085
    0.0179727
    0.0177823
    0.0173651
    0.0124289
   0.00580240
  0.000613441
  4.96173e-10
  4.96173e-10
  4.96173e-10
  4.96173e-10
  4.96173e-10
  4.96173e-10
  4.96173e-10
  4.96173e-10
  4.96173e-10
  4.96173e-10
  4.96173e-10
  4.96173e-10
  4.96173e-10
  4.96173e-10
  4.96173e-10
  4.96173e-10
  4.96173e-10
  4.96173e-10
  4.96173e-10
  4.96173e-10
  4.96173e-10
  4.96173e-10
  4.96173e-10
  4.96173e-10
  4.96173e-10
  4.96173e-10
  4.96173e-10
  4.96173e-10
  4.96173e-10
  4.96173e-10
  4.96173e-10
  4.96173e-10
      0.00000
