      0.00000
      0.00000
      0.00000
      0.00000
      0.00000
      0.00000
      0.00000
      0.00000
      0.00000
      0.00000
      0.00000
      0.00000
      0.00000
      0.00000
      0.00000
      0.00000
      0.00000
      0.00000
      0.00000
      0.00000
      0.00000
      0.00000
      0.00000
      0.00000
      0.00000
  1.49058e-06
  7.33425e-06
  2.73362e-05
  5.44441e-05
  0.000105619
  0.000181444
  0.000392848
  0.000615972
  0.000866450
  0.000964249
   0.00120575
   0.00183395
   0.00276158
   0.00389330
   0.00537781
   0.00975040
    0.0233340
    0.0532377
     0.143865
     0.232907
     0.239211
     0.160509
    0.0629269
    0.0266625
    0.0106537
   0.00514273
   0.00384222
   0.00282785
   0.00203861
   0.00125878
   0.00110844
  0.000924111
  0.000777024
  0.000443814
  0.000231676
  5.76498e-05
  3.74484e-07
 -2.49631e-09
 -2.49631e-09
 -2.49631e-09
 -2.49631e-09
 -2.49631e-09
 -2.49631e-09
 -2.49631e-09
 -2.49631e-09
 -2.49631e-09
 -2.49631e-09
 -2.49631e-09
 -2.49631e-09
 -2.49631e-09
 -2.49631e-09
 -2.49631e-09
 -2.49631e-09
 -2.49631e-09
 -2.49631e-09
 -2.49631e-09
 -2.49631e-09
 -2.49631e-09
 -2.49631e-09
 -2.49631e-09
 -2.49631e-09
 -2.49631e-09
 -2.49631e-09
 -2.49631e-09
      0.00000
