      0.00000
      0.00000
      0.00000
      0.00000
      0.00000
      0.00000
      0.00000
      0.00000
      0.00000
      0.00000
      0.00000
      0.00000
   0.00569421
    0.0149798
    0.0301528
    0.0442823
    0.0708714
     0.104979
     0.156121
     0.175103
     0.159568
     0.111969
    0.0694173
    0.0386338
    0.0152668
   0.00296231
  5.56882e-09
  5.56882e-09
  5.56882e-09
  5.56882e-09
  5.56882e-09
  5.56882e-09
  5.56882e-09
  5.56882e-09
  5.56882e-09
  5.56882e-09
  5.56882e-09
  5.56882e-09
      0.00000
