      0.00000
      0.00000
      0.00000
      0.00000
      0.00000
      0.00000
      0.00000
      0.00000
      0.00000
      0.00000
      0.00000
      0.00000
      0.00000
      0.00000
      0.00000
      0.00000
      0.00000
      0.00000
      0.00000
      0.00000
      0.00000
      0.00000
      0.00000
      0.00000
      0.00000
      0.00000
      0.00000
  0.000203262
  0.000562909
   0.00128990
   0.00160222
   0.00177407
   0.00206061
   0.00333841
   0.00502278
   0.00662499
   0.00768510
   0.00908015
    0.0106071
    0.0135828
    0.0168898
    0.0202931
    0.0229632
    0.0264584
    0.0310899
    0.0368230
    0.0443462
    0.0528828
    0.0620932
    0.0680175
    0.0695375
    0.0652884
    0.0588202
    0.0522222
    0.0461231
    0.0402188
    0.0343539
    0.0298080
    0.0260989
    0.0227401
    0.0197981
    0.0166820
    0.0142548
    0.0122267
    0.0103073
   0.00817802
   0.00614578
   0.00456170
   0.00376628
   0.00267422
   0.00198777
   0.00131597
   0.00134309
   0.00127372
   0.00128912
   0.00126194
   0.00114194
  0.000827101
  0.000372746
  8.93264e-05
 -1.98133e-09
 -1.98133e-09
 -1.98133e-09
 -1.98133e-09
 -1.98133e-09
 -1.98133e-09
 -1.98133e-09
 -1.98133e-09
 -1.98133e-09
 -1.98133e-09
 -1.98133e-09
 -1.98133e-09
 -1.98133e-09
 -1.98133e-09
 -1.98133e-09
 -1.98133e-09
 -1.98133e-09
 -1.98133e-09
 -1.98133e-09
 -1.98133e-09
 -1.98133e-09
 -1.98133e-09
      0.00000
