      0.00000
      0.00000
      0.00000
      0.00000
      0.00000
      0.00000
      0.00000
      0.00000
      0.00000
      0.00000
      0.00000
      0.00000
      0.00000
      0.00000
      0.00000
      0.00000
      0.00000
      0.00000
  0.000269135
  0.000743574
   0.00162860
   0.00240890
   0.00313441
   0.00411859
   0.00695645
    0.0172656
    0.0399312
     0.109398
     0.214280
     0.247286
     0.196096
    0.0899696
    0.0358740
    0.0152911
   0.00633689
   0.00365079
   0.00245279
   0.00151157
  0.000844180
  0.000461120
  9.15723e-05
 -1.17862e-08
 -1.17862e-08
 -1.17862e-08
 -1.17862e-08
 -1.17862e-08
 -1.17862e-08
 -1.17862e-08
 -1.17862e-08
 -1.17862e-08
 -1.17862e-08
 -1.17862e-08
 -1.17862e-08
 -1.17862e-08
 -1.17862e-08
 -1.17862e-08
 -1.17862e-08
 -1.17862e-08
      0.00000
