      0.00000
      0.00000
      0.00000
      0.00000
      0.00000
      0.00000
      0.00000
      0.00000
      0.00000
      0.00000
      0.00000
      0.00000
      0.00000
      0.00000
      0.00000
      0.00000
      0.00000
  0.000270126
   0.00199477
   0.00364056
   0.00633372
   0.00931113
    0.0125999
    0.0162370
    0.0202474
    0.0273766
    0.0381528
    0.0529410
    0.0709685
    0.0914116
     0.106365
     0.106636
    0.0937214
    0.0742993
    0.0602243
    0.0487571
    0.0408634
    0.0324597
    0.0244033
    0.0175012
    0.0135875
    0.0106530
   0.00842394
   0.00500428
   0.00302660
   0.00138648
  0.000836346
  0.000366735
 -4.03643e-09
 -4.03643e-09
 -4.03643e-09
 -4.03643e-09
 -4.03643e-09
 -4.03643e-09
 -4.03643e-09
 -4.03643e-09
 -4.03643e-09
 -4.03643e-09
 -4.03643e-09
 -4.03643e-09
 -4.03643e-09
 -4.03643e-09
      0.00000
