      0.00000
      0.00000
      0.00000
      0.00000
      0.00000
      0.00000
      0.00000
      0.00000
      0.00000
      0.00000
      0.00000
      0.00000
      0.00000
      0.00000
      0.00000
      0.00000
      0.00000
      0.00000
   0.00134446
   0.00463506
    0.0110752
    0.0194360
    0.0268896
    0.0318232
    0.0353447
    0.0363850
    0.0382388
    0.0434670
    0.0524965
    0.0613721
    0.0645016
    0.0675874
    0.0684059
    0.0681388
    0.0605010
    0.0523857
    0.0438256
    0.0384750
    0.0364885
    0.0327512
    0.0297147
    0.0224099
    0.0190229
    0.0131241
    0.0100193
   0.00524160
   0.00352487
   0.00111465
  0.000259530
  1.60479e-09
  1.60479e-09
  1.60479e-09
  1.60479e-09
  1.60479e-09
  1.60479e-09
  1.60479e-09
  1.60479e-09
  1.60479e-09
  1.60479e-09
  1.60479e-09
  1.60479e-09
  1.60479e-09
  1.60479e-09
      0.00000
