      0.00000
      0.00000
      0.00000
      0.00000
      0.00000
      0.00000
      0.00000
      0.00000
      0.00000
      0.00000
      0.00000
      0.00000
      0.00000
   0.00567587
    0.0178686
    0.0383367
    0.0694674
     0.110963
     0.164218
     0.187283
     0.167020
     0.117553
    0.0650920
    0.0374819
    0.0132254
   0.00581524
  1.57444e-09
  1.57444e-09
  1.57444e-09
  1.57444e-09
  1.57444e-09
  1.57444e-09
  1.57444e-09
  1.57444e-09
  1.57444e-09
  1.57444e-09
  1.57444e-09
  1.57444e-09
      0.00000
