      0.00000
      0.00000
      0.00000
      0.00000
      0.00000
      0.00000
      0.00000
      0.00000
      0.00000
      0.00000
      0.00000
  0.000621856
    0.0104831
    0.0218264
    0.0355350
    0.0452283
    0.0681902
     0.102556
     0.147410
     0.164087
     0.150025
     0.108085
    0.0712870
    0.0424126
    0.0216049
   0.00794287
   0.00218214
  0.000522629
  2.41317e-09
  2.41317e-09
  2.41317e-09
  2.41317e-09
  2.41317e-09
  2.41317e-09
  2.41317e-09
  2.41317e-09
  2.41317e-09
  2.41317e-09
      0.00000
