      0.00000
      0.00000
      0.00000
      0.00000
      0.00000
      0.00000
      0.00000
      0.00000
      0.00000
      0.00000
      0.00000
      0.00000
      0.00000
  0.000345390
   0.00197340
   0.00484680
   0.00761992
    0.0108854
    0.0160379
    0.0337606
    0.0828145
     0.199382
     0.500947
     0.727724
     0.699618
     0.423242
     0.159740
    0.0704116
    0.0285325
    0.0146838
   0.00907586
   0.00538332
   0.00217933
  0.000628180
  0.000169355
 -1.01679e-09
 -1.01679e-09
 -1.01679e-09
 -1.01679e-09
 -1.01679e-09
 -1.01679e-09
 -1.01679e-09
 -1.01679e-09
 -1.01679e-09
 -1.01679e-09
 -1.01679e-09
      0.00000
