      0.00000
      0.00000
      0.00000
      0.00000
      0.00000
      0.00000
      0.00000
      0.00000
      0.00000
  8.17629e-05
   0.00532056
    0.0168067
    0.0266815
    0.0415921
    0.0799966
     0.124614
     0.150172
     0.125827
    0.0920933
    0.0695694
    0.0611705
    0.0577330
    0.0493950
    0.0451304
    0.0320708
    0.0172841
   0.00440212
  5.86158e-05
  1.85748e-09
  1.85748e-09
  1.85748e-09
  1.85748e-09
  1.85748e-09
  1.85748e-09
  1.85748e-09
  1.85748e-09
      0.00000
