      0.00000
      0.00000
      0.00000
      0.00000
      0.00000
      0.00000
      0.00000
      0.00000
      0.00000
      0.00000
      0.00000
      0.00000
      0.00000
      0.00000
      0.00000
      0.00000
      0.00000
      0.00000
      0.00000
      0.00000
      0.00000
      0.00000
      0.00000
      0.00000
      0.00000
      0.00000
      0.00000
      0.00000
      0.00000
      0.00000
      0.00000
      0.00000
      0.00000
      0.00000
      0.00000
      0.00000
      0.00000
      0.00000
      0.00000
      0.00000
      0.00000
      0.00000
      0.00000
      0.00000
      0.00000
      0.00000
      0.00000
      0.00000
      0.00000
      0.00000
  1.16657e-05
  7.29315e-05
  0.000168411
  0.000314565
  0.000578113
   0.00110404
   0.00174687
   0.00250850
   0.00316065
   0.00406278
   0.00529498
   0.00640182
   0.00765558
   0.00867265
    0.0101165
    0.0119004
    0.0140046
    0.0163795
    0.0190125
    0.0223578
    0.0268385
    0.0324819
    0.0386572
    0.0451374
    0.0508925
    0.0566458
    0.0612381
    0.0628381
    0.0604051
    0.0547397
    0.0485694
    0.0430914
    0.0384202
    0.0336712
    0.0288486
    0.0242803
    0.0208543
    0.0181855
    0.0160958
    0.0140809
    0.0124607
    0.0109308
   0.00972218
   0.00867010
   0.00798551
   0.00704132
   0.00616813
   0.00509967
   0.00454639
   0.00373441
   0.00295013
   0.00223376
   0.00186327
   0.00152609
   0.00119886
  0.000900832
  0.000723301
  0.000498062
  0.000212743
  3.70195e-05
  1.06426e-09
  1.06426e-09
  1.06426e-09
  1.06426e-09
  1.06426e-09
  1.06426e-09
  1.06426e-09
  1.06426e-09
  1.06426e-09
  1.06426e-09
  1.06426e-09
  1.06426e-09
  1.06426e-09
  1.06426e-09
  1.06426e-09
  1.06426e-09
  1.06426e-09
  1.06426e-09
  1.06426e-09
  1.06426e-09
  1.06426e-09
  1.06426e-09
  1.06426e-09
  1.06426e-09
  1.06426e-09
  1.06426e-09
  1.06426e-09
  1.06426e-09
  1.06426e-09
  1.06426e-09
  1.06426e-09
  1.06426e-09
  1.06426e-09
  1.06426e-09
  1.06426e-09
  1.06426e-09
  1.06426e-09
  1.06426e-09
  1.06426e-09
  1.06426e-09
  1.06426e-09
  1.06426e-09
  1.06426e-09
  1.06426e-09
  1.06426e-09
  1.06426e-09
      0.00000
