      0.00000
      0.00000
      0.00000
      0.00000
      0.00000
      0.00000
      0.00000
      0.00000
      0.00000
      0.00000
      0.00000
      0.00000
      0.00000
      0.00000
      0.00000
      0.00000
      0.00000
  9.43609e-05
   0.00139166
   0.00290579
   0.00519249
   0.00730991
   0.00987833
    0.0132908
    0.0217740
    0.0530760
     0.122418
     0.335221
     0.645895
     0.737400
     0.578700
     0.263109
     0.106671
    0.0455560
    0.0189161
    0.0115975
   0.00836491
   0.00580405
   0.00328644
   0.00168245
  0.000416018
  4.91903e-05
 -2.08532e-08
 -2.08532e-08
 -2.08532e-08
 -2.08532e-08
 -2.08532e-08
 -2.08532e-08
 -2.08532e-08
 -2.08532e-08
 -2.08532e-08
 -2.08532e-08
 -2.08532e-08
 -2.08532e-08
 -2.08532e-08
 -2.08532e-08
 -2.08532e-08
 -2.08532e-08
      0.00000
