      0.00000
      0.00000
      0.00000
      0.00000
      0.00000
      0.00000
      0.00000
      0.00000
      0.00000
      0.00000
   0.00314906
   0.00628894
    0.0171412
    0.0290669
    0.0393361
    0.0466961
    0.0621145
    0.0981931
     0.134652
     0.149292
     0.133534
    0.0986876
    0.0697555
    0.0442379
    0.0289990
    0.0168486
    0.0104897
   0.00715739
   0.00310696
   0.00125373
  1.74665e-10
  1.74665e-10
  1.74665e-10
  1.74665e-10
  1.74665e-10
  1.74665e-10
  1.74665e-10
  1.74665e-10
      0.00000
