      0.00000
      0.00000
      0.00000
      0.00000
      0.00000
      0.00000
      0.00000
      0.00000
      0.00000
      0.00000
      0.00000
      0.00000
      0.00000
      0.00000
      0.00000
      0.00000
      0.00000
      0.00000
      0.00000
      0.00000
   0.00119374
   0.00693550
    0.0171324
    0.0342847
    0.0502378
    0.0620022
    0.0757583
    0.0902817
     0.107899
     0.124195
     0.141867
     0.164393
     0.185116
     0.202977
     0.211769
     0.213224
     0.207537
     0.198910
     0.180440
     0.156542
     0.129918
     0.107428
    0.0871075
    0.0707463
    0.0593534
    0.0477548
    0.0316572
    0.0134083
   0.00481492
   0.00428809
   0.00559797
   0.00394473
   0.00128508
  2.67563e-09
  2.67563e-09
  2.67563e-09
  2.67563e-09
  2.67563e-09
  2.67563e-09
  2.67563e-09
  2.67563e-09
  2.67563e-09
  2.67563e-09
  2.67563e-09
  2.67563e-09
  2.67563e-09
  2.67563e-09
  2.67563e-09
      0.00000
