      0.00000
      0.00000
      0.00000
      0.00000
      0.00000
      0.00000
      0.00000
      0.00000
      0.00000
  8.03553e-06
   0.00247217
   0.00788439
    0.0145012
    0.0226813
    0.0356873
    0.0552807
    0.0769651
     0.103810
     0.126410
     0.136299
     0.124780
     0.100149
    0.0735922
    0.0487925
    0.0304808
    0.0189761
    0.0120375
   0.00650375
   0.00234745
  0.000341243
 -1.68840e-09
 -1.68840e-09
 -1.68840e-09
 -1.68840e-09
 -1.68840e-09
 -1.68840e-09
 -1.68840e-09
      0.00000
