      0.00000
      0.00000
      0.00000
      0.00000
      0.00000
      0.00000
      0.00000
      0.00000
      0.00000
      0.00000
      0.00000
      0.00000
      0.00000
      0.00000
      0.00000
      0.00000
      0.00000
      0.00000
      0.00000
   0.00304579
   0.00850759
    0.0214129
    0.0414828
    0.0763984
     0.120673
     0.149825
     0.148921
     0.119532
    0.0835317
    0.0524273
    0.0358491
    0.0286586
    0.0299378
    0.0274760
    0.0232402
    0.0152329
   0.00839035
   0.00354960
   0.00190806
  6.64901e-10
  6.64901e-10
  6.64901e-10
  6.64901e-10
  6.64901e-10
  6.64901e-10
  6.64901e-10
  6.64901e-10
  6.64901e-10
  6.64901e-10
  6.64901e-10
  6.64901e-10
  6.64901e-10
  6.64901e-10
  6.64901e-10
      0.00000
