      0.00000
      0.00000
      0.00000
      0.00000
      0.00000
      0.00000
      0.00000
      0.00000
      0.00000
      0.00000
      0.00000
      0.00000
      0.00000
      0.00000
      0.00000
      0.00000
      0.00000
      0.00000
      0.00000
      0.00000
      0.00000
      0.00000
      0.00000
      0.00000
      0.00000
      0.00000
      0.00000
      0.00000
      0.00000
      0.00000
      0.00000
      0.00000
      0.00000
      0.00000
      0.00000
      0.00000
      0.00000
      0.00000
      0.00000
      0.00000
      0.00000
      0.00000
      0.00000
      0.00000
      0.00000
      0.00000
      0.00000
      0.00000
      0.00000
      0.00000
      0.00000
      0.00000
      0.00000
      0.00000
      0.00000
      0.00000
      0.00000
      0.00000
      0.00000
      0.00000
      0.00000
      0.00000
      0.00000
      0.00000
      0.00000
      0.00000
      0.00000
      0.00000
      0.00000
      0.00000
      0.00000
      0.00000
      0.00000
      0.00000
      0.00000
      0.00000
      0.00000
      0.00000
      0.00000
      0.00000
      0.00000
      0.00000
      0.00000
      0.00000
      0.00000
      0.00000
      0.00000
      0.00000
      0.00000
      0.00000
      0.00000
      0.00000
  2.27264e-07
  4.40510e-06
  1.22663e-05
  2.03846e-05
  3.30500e-05
  6.09790e-05
  0.000103050
  0.000136401
  0.000169620
  0.000176506
  0.000181694
  0.000165989
  0.000175995
  0.000185772
  0.000214298
  0.000233634
  0.000269941
  0.000266345
  0.000266668
  0.000269086
  0.000305282
  0.000341117
  0.000358425
  0.000374465
  0.000393850
  0.000419279
  0.000445382
  0.000487955
  0.000544298
  0.000618985
  0.000664730
  0.000702598
  0.000750472
  0.000792647
  0.000845080
  0.000912330
   0.00105041
   0.00117048
   0.00124341
   0.00129097
   0.00139177
   0.00157409
   0.00170879
   0.00182176
   0.00190038
   0.00202319
   0.00214260
   0.00221921
   0.00230019
   0.00241847
   0.00265757
   0.00293198
   0.00322274
   0.00344327
   0.00376140
   0.00414909
   0.00460925
   0.00505687
   0.00554257
   0.00611384
   0.00682269
   0.00767897
   0.00865412
   0.00974386
    0.0109625
    0.0123964
    0.0140104
    0.0158969
    0.0180489
    0.0206918
    0.0239190
    0.0278177
    0.0324020
    0.0376663
    0.0440779
    0.0515641
    0.0608638
    0.0732463
    0.0922163
     0.123425
     0.174454
     0.249138
     0.307383
     0.307676
     0.250001
     0.176317
     0.124948
    0.0927156
    0.0731016
    0.0606125
    0.0513598
    0.0438631
    0.0376064
    0.0323223
    0.0277326
    0.0238498
    0.0205626
    0.0178470
    0.0155270
    0.0136231
    0.0120238
    0.0106630
   0.00945717
   0.00841685
   0.00751757
   0.00673193
   0.00602019
   0.00537861
   0.00486603
   0.00437180
   0.00396531
   0.00360655
   0.00332879
   0.00308767
   0.00282017
   0.00259404
   0.00243433
   0.00231227
   0.00222589
   0.00209996
   0.00198905
   0.00181714
   0.00161749
   0.00141672
   0.00128385
   0.00118085
   0.00112484
   0.00105604
  0.000972029
  0.000868861
  0.000791743
  0.000759738
  0.000721091
  0.000677698
  0.000621581
  0.000594879
  0.000542583
  0.000506027
  0.000470068
  0.000469248
  0.000472747
  0.000437922
  0.000402332
  0.000360028
  0.000344439
  0.000346646
  0.000338719
  0.000333575
  0.000323895
  0.000324144
  0.000325729
  0.000304644
  0.000260561
  0.000223440
  0.000198066
  0.000186317
  0.000186171
  0.000175368
  0.000182449
  0.000148906
  0.000125332
  7.67702e-05
  5.41811e-05
  3.18963e-05
  1.61603e-05
  8.61414e-06
  3.01802e-06
  2.63014e-06
  2.27638e-06
  2.22229e-06
  1.76196e-06
  8.75941e-07
  3.14696e-07
 -2.91185e-09
 -2.91185e-09
 -2.91185e-09
 -2.91185e-09
 -2.91185e-09
 -2.91185e-09
 -2.91185e-09
 -2.91185e-09
 -2.91185e-09
 -2.91185e-09
 -2.91185e-09
 -2.91185e-09
 -2.91185e-09
 -2.91185e-09
 -2.91185e-09
 -2.91185e-09
 -2.91185e-09
 -2.91185e-09
 -2.91185e-09
 -2.91185e-09
 -2.91185e-09
 -2.91185e-09
 -2.91185e-09
 -2.91185e-09
 -2.91185e-09
 -2.91185e-09
 -2.91185e-09
 -2.91185e-09
 -2.91185e-09
 -2.91185e-09
 -2.91185e-09
 -2.91185e-09
 -2.91185e-09
 -2.91185e-09
 -2.91185e-09
 -2.91185e-09
 -2.91185e-09
 -2.91185e-09
 -2.91185e-09
 -2.91185e-09
 -2.91185e-09
 -2.91185e-09
 -2.91185e-09
 -2.91185e-09
 -2.91185e-09
 -2.91185e-09
 -2.91185e-09
 -2.91185e-09
 -2.91185e-09
 -2.91185e-09
 -2.91185e-09
 -2.91185e-09
 -2.91185e-09
 -2.91185e-09
 -2.91185e-09
 -2.91185e-09
 -2.91185e-09
 -2.91185e-09
 -2.91185e-09
 -2.91185e-09
 -2.91185e-09
 -2.91185e-09
 -2.91185e-09
 -2.91185e-09
 -2.91185e-09
 -2.91185e-09
 -2.91185e-09
 -2.91185e-09
 -2.91185e-09
 -2.91185e-09
 -2.91185e-09
 -2.91185e-09
 -2.91185e-09
 -2.91185e-09
 -2.91185e-09
 -2.91185e-09
 -2.91185e-09
 -2.91185e-09
 -2.91185e-09
 -2.91185e-09
 -2.91185e-09
 -2.91185e-09
 -2.91185e-09
 -2.91185e-09
 -2.91185e-09
      0.00000
