      0.00000
      0.00000
      0.00000
      0.00000
      0.00000
      0.00000
      0.00000
      0.00000
      0.00000
      0.00000
      0.00000
      0.00000
      0.00000
      0.00000
      0.00000
      0.00000
      0.00000
      0.00000
      0.00000
      0.00000
      0.00000
      0.00000
      0.00000
      0.00000
      0.00000
      0.00000
      0.00000
      0.00000
      0.00000
      0.00000
  0.000127285
  0.000540434
  0.000987619
   0.00133311
   0.00171286
   0.00230855
   0.00337363
   0.00435433
   0.00519401
   0.00582181
   0.00648406
   0.00701546
   0.00788980
   0.00882723
    0.0100036
    0.0111414
    0.0120086
    0.0133593
    0.0142436
    0.0146224
    0.0143135
    0.0139934
    0.0137318
    0.0132017
    0.0123379
    0.0116011
    0.0109860
    0.0113058
    0.0123565
    0.0140830
    0.0161333
    0.0179836
    0.0194978
    0.0194791
    0.0190063
    0.0190603
    0.0198045
    0.0212209
    0.0227049
    0.0238654
    0.0250972
    0.0262254
    0.0279963
    0.0287306
    0.0285703
    0.0273985
    0.0268148
    0.0257739
    0.0254137
    0.0244987
    0.0241154
    0.0229900
    0.0218919
    0.0203551
    0.0190666
    0.0176767
    0.0166381
    0.0153179
    0.0143186
    0.0133687
    0.0124874
    0.0112847
   0.00971842
   0.00869917
   0.00800740
   0.00745499
   0.00671738
   0.00622908
   0.00522323
   0.00399801
   0.00262218
   0.00172618
   0.00135939
  0.000967020
   0.00102492
  0.000820481
  0.000744370
  0.000422818
  0.000218613
 -9.53538e-10
 -9.53538e-10
 -9.53538e-10
 -9.53538e-10
 -9.53538e-10
 -9.53538e-10
 -9.53538e-10
 -9.53538e-10
 -9.53538e-10
 -9.53538e-10
 -9.53538e-10
 -9.53538e-10
 -9.53538e-10
 -9.53538e-10
 -9.53538e-10
 -9.53538e-10
 -9.53538e-10
 -9.53538e-10
 -9.53538e-10
 -9.53538e-10
 -9.53538e-10
 -9.53538e-10
 -9.53538e-10
 -9.53538e-10
 -9.53538e-10
 -9.53538e-10
 -9.53538e-10
 -9.53538e-10
 -9.53538e-10
 -9.53538e-10
 -9.53538e-10
      0.00000
