      0.00000
      0.00000
      0.00000
      0.00000
      0.00000
      0.00000
      0.00000
      0.00000
      0.00000
      0.00000
      0.00000
      0.00000
      0.00000
      0.00000
      0.00000
      0.00000
      0.00000
      0.00000
      0.00000
      0.00000
      0.00000
      0.00000
      0.00000
      0.00000
      0.00000
  2.49287e-06
   0.00112097
   0.00351169
   0.00743274
    0.0119725
    0.0145799
    0.0182308
    0.0201161
    0.0251917
    0.0282382
    0.0335834
    0.0376893
    0.0448946
    0.0528984
    0.0611488
    0.0675582
    0.0687856
    0.0681717
    0.0621415
    0.0558881
    0.0509071
    0.0451492
    0.0398754
    0.0336357
    0.0292918
    0.0272985
    0.0222366
    0.0187476
    0.0133288
    0.0100935
   0.00836881
   0.00703966
   0.00581180
   0.00327748
   0.00142597
  0.000355628
  3.45164e-10
  3.45164e-10
  3.45164e-10
  3.45164e-10
  3.45164e-10
  3.45164e-10
  3.45164e-10
  3.45164e-10
  3.45164e-10
  3.45164e-10
  3.45164e-10
  3.45164e-10
  3.45164e-10
  3.45164e-10
  3.45164e-10
  3.45164e-10
  3.45164e-10
  3.45164e-10
  3.45164e-10
  3.45164e-10
  3.45164e-10
  3.45164e-10
      0.00000
