      0.00000
      0.00000
      0.00000
      0.00000
      0.00000
      0.00000
      0.00000
      0.00000
      0.00000
      0.00000
      0.00000
      0.00000
      0.00000
   0.00407282
    0.0106747
    0.0269207
    0.0505109
    0.0933269
     0.154517
     0.190292
     0.184099
     0.131673
    0.0806162
    0.0448204
    0.0202232
   0.00784140
  0.000412022
  7.03762e-10
  7.03762e-10
  7.03762e-10
  7.03762e-10
  7.03762e-10
  7.03762e-10
  7.03762e-10
  7.03762e-10
  7.03762e-10
  7.03762e-10
  7.03762e-10
      0.00000
