      0.00000
      0.00000
      0.00000
      0.00000
      0.00000
      0.00000
      0.00000
      0.00000
   0.00442562
    0.0159256
    0.0282335
    0.0417777
    0.0469780
    0.0524908
    0.0518508
    0.0601789
    0.0753120
     0.107044
     0.141188
     0.146436
     0.118783
    0.0691330
    0.0308609
   0.00945238
 -7.00433e-05
 -9.27475e-09
 -9.27475e-09
 -9.27475e-09
 -9.27475e-09
 -9.27475e-09
 -9.27475e-09
 -9.27475e-09
 -9.27475e-09
 -9.27475e-09
 -9.27475e-09
      0.00000
