      0.00000
      0.00000
      0.00000
      0.00000
      0.00000
      0.00000
      0.00000
      0.00000
      0.00000
      0.00000
      0.00000
      0.00000
      0.00000
      0.00000
      0.00000
      0.00000
      0.00000
      0.00000
      0.00000
      0.00000
      0.00000
      0.00000
      0.00000
      0.00000
      0.00000
      0.00000
      0.00000
      0.00000
      0.00000
      0.00000
      0.00000
      0.00000
      0.00000
      0.00000
      0.00000
      0.00000
      0.00000
      0.00000
      0.00000
      0.00000
      0.00000
      0.00000
      0.00000
      0.00000
      0.00000
      0.00000
      0.00000
      0.00000
      0.00000
      0.00000
      0.00000
      0.00000
      0.00000
      0.00000
      0.00000
      0.00000
      0.00000
      0.00000
      0.00000
      0.00000
      0.00000
      0.00000
      0.00000
      0.00000
      0.00000
      0.00000
      0.00000
      0.00000
      0.00000
      0.00000
      0.00000
      0.00000
      0.00000
      0.00000
      0.00000
  3.26900e-08
  1.59544e-07
  3.55828e-07
  5.01652e-07
  6.04945e-07
  7.94618e-07
  1.06079e-06
  1.32488e-06
  1.51993e-06
  2.01963e-06
  3.25308e-06
  1.18644e-05
  1.84188e-05
  2.23558e-05
  1.84990e-05
  2.30132e-05
  2.92438e-05
  3.40928e-05
  3.71129e-05
  3.75340e-05
  3.67622e-05
  2.65419e-05
  2.07569e-05
  1.98693e-05
  2.97228e-05
  5.40590e-05
  9.05562e-05
  0.000125726
  0.000151859
  0.000183539
  0.000220735
  0.000248816
  0.000271830
  0.000293435
  0.000347702
  0.000433787
  0.000544834
  0.000635115
  0.000696694
  0.000764056
  0.000878345
   0.00103757
   0.00119717
   0.00138191
   0.00168526
   0.00220311
   0.00271909
   0.00320771
   0.00392549
   0.00592685
   0.00890860
    0.0123864
    0.0173693
    0.0313512
    0.0791457
     0.187556
     0.504885
     0.886870
     0.962422
     0.708528
     0.307932
     0.127692
    0.0523478
    0.0226217
    0.0146753
    0.0106749
   0.00742168
   0.00467190
   0.00337729
   0.00280927
   0.00234523
   0.00189253
   0.00155243
   0.00137275
   0.00120857
   0.00103183
  0.000860084
  0.000730207
  0.000640167
  0.000572019
  0.000497331
  0.000444455
  0.000385131
  0.000364596
  0.000328139
  0.000292273
  0.000239974
  0.000205820
  0.000199209
  0.000192584
  0.000183006
  0.000169470
  0.000161685
  0.000149893
  0.000121531
  0.000101261
  7.06083e-05
  5.59278e-05
  3.68333e-05
  3.09510e-05
  2.15244e-05
  1.42965e-05
  9.76000e-06
  1.29755e-05
  2.16547e-05
  3.02069e-05
  3.20368e-05
  2.86301e-05
  2.24020e-05
  2.19906e-05
  1.88469e-05
  2.04851e-05
  2.22348e-05
  1.97037e-05
  1.25670e-05
  2.69989e-06
  3.88789e-07
  3.08098e-07
  2.70323e-07
  2.09347e-07
  1.65067e-07
  7.52212e-08
  2.19485e-08
 -1.42414e-08
 -1.42414e-08
 -1.42414e-08
 -1.42414e-08
 -1.42414e-08
 -1.42414e-08
 -1.42414e-08
 -1.42414e-08
 -1.42414e-08
 -1.42414e-08
 -1.42414e-08
 -1.42414e-08
 -1.42414e-08
 -1.42414e-08
 -1.42414e-08
 -1.42414e-08
 -1.42414e-08
 -1.42414e-08
 -1.42414e-08
 -1.42414e-08
 -1.42414e-08
 -1.42414e-08
 -1.42414e-08
 -1.42414e-08
 -1.42414e-08
 -1.42414e-08
 -1.42414e-08
 -1.42414e-08
 -1.42414e-08
 -1.42414e-08
 -1.42414e-08
 -1.42414e-08
 -1.42414e-08
 -1.42414e-08
 -1.42414e-08
 -1.42414e-08
 -1.42414e-08
 -1.42414e-08
 -1.42414e-08
 -1.42414e-08
 -1.42414e-08
 -1.42414e-08
 -1.42414e-08
 -1.42414e-08
 -1.42414e-08
 -1.42414e-08
 -1.42414e-08
 -1.42414e-08
 -1.42414e-08
 -1.42414e-08
 -1.42414e-08
 -1.42414e-08
 -1.42414e-08
 -1.42414e-08
 -1.42414e-08
 -1.42414e-08
 -1.42414e-08
 -1.42414e-08
 -1.42414e-08
 -1.42414e-08
 -1.42414e-08
 -1.42414e-08
 -1.42414e-08
 -1.42414e-08
 -1.42414e-08
 -1.42414e-08
 -1.42414e-08
      0.00000
