      0.00000
      0.00000
      0.00000
      0.00000
      0.00000
      0.00000
      0.00000
      0.00000
      0.00000
      0.00000
      0.00000
      0.00000
  6.34251e-05
   0.00107746
   0.00317306
   0.00797825
    0.0193053
    0.0340762
    0.0526709
    0.0751364
     0.110010
     0.156468
     0.216185
     0.271367
     0.315912
     0.333438
     0.317105
     0.271644
     0.214365
     0.162801
     0.125215
    0.0921909
    0.0709776
    0.0509364
    0.0369405
    0.0234286
    0.0154082
   0.00949377
   0.00640867
   0.00370337
   0.00186873
  0.000653345
 -2.59660e-09
 -2.59660e-09
 -2.59660e-09
 -2.59660e-09
 -2.59660e-09
 -2.59660e-09
 -2.59660e-09
 -2.59660e-09
 -2.59660e-09
      0.00000
