      0.00000
      0.00000
      0.00000
      0.00000
      0.00000
      0.00000
      0.00000
      0.00000
   0.00938741
    0.0313762
    0.0595232
    0.0965775
     0.134256
     0.192773
     0.241098
     0.300711
     0.383704
     0.500597
     0.598919
     0.587192
     0.451718
     0.267703
     0.110141
    0.0339565
  0.000368805
 -1.06844e-08
 -1.06844e-08
 -1.06844e-08
 -1.06844e-08
 -1.06844e-08
 -1.06844e-08
 -1.06844e-08
 -1.06844e-08
 -1.06844e-08
 -1.06844e-08
      0.00000
