      0.00000
      0.00000
      0.00000
      0.00000
      0.00000
      0.00000
      0.00000
      0.00000
      0.00000
      0.00000
      0.00000
      0.00000
      0.00000
      0.00000
      0.00000
      0.00000
      0.00000
      0.00000
      0.00000
      0.00000
      0.00000
      0.00000
      0.00000
      0.00000
      0.00000
      0.00000
      0.00000
      0.00000
      0.00000
      0.00000
      0.00000
      0.00000
      0.00000
      0.00000
      0.00000
      0.00000
      0.00000
      0.00000
      0.00000
      0.00000
      0.00000
      0.00000
      0.00000
      0.00000
      0.00000
      0.00000
      0.00000
      0.00000
      0.00000
      0.00000
      0.00000
      0.00000
      0.00000
      0.00000
      0.00000
      0.00000
      0.00000
      0.00000
      0.00000
      0.00000
      0.00000
      0.00000
      0.00000
      0.00000
      0.00000
      0.00000
      0.00000
      0.00000
      0.00000
      0.00000
      0.00000
      0.00000
      0.00000
      0.00000
      0.00000
      0.00000
  4.17453e-10
  3.19119e-08
  4.95660e-08
  8.04148e-08
  1.18300e-07
  2.19858e-07
  3.12195e-07
  3.28912e-07
  3.00463e-07
  2.70672e-07
  2.93914e-07
  3.53119e-07
  4.24649e-07
  6.56199e-07
  8.57350e-07
  1.02749e-06
  1.00774e-06
  1.08224e-06
  1.24496e-06
  1.43148e-06
  1.64097e-06
  1.78723e-06
  2.05364e-06
  2.21248e-06
  5.83872e-06
  1.69153e-05
  2.72332e-05
  3.72973e-05
  4.50523e-05
  5.93888e-05
  6.52403e-05
  6.31545e-05
  6.01932e-05
  7.30893e-05
  9.91573e-05
  0.000135823
  0.000159034
  0.000175069
  0.000181064
  0.000207103
  0.000246359
  0.000289169
  0.000332521
  0.000412420
  0.000551852
  0.000689591
  0.000821533
   0.00100617
   0.00153372
   0.00227659
   0.00314261
   0.00435239
   0.00784878
    0.0199713
    0.0467733
     0.128134
     0.223212
     0.241203
     0.175457
    0.0753162
    0.0314466
    0.0128627
   0.00566337
   0.00369777
   0.00267284
   0.00184879
   0.00115477
  0.000843079
  0.000704859
  0.000582315
  0.000460534
  0.000380789
  0.000335692
  0.000292075
  0.000243187
  0.000202305
  0.000175197
  0.000156892
  0.000147860
  0.000134004
  0.000120081
  0.000101907
  9.98306e-05
  9.54046e-05
  9.05492e-05
  7.16343e-05
  5.86545e-05
  5.10465e-05
  4.50150e-05
  4.07080e-05
  4.06144e-05
  4.41695e-05
  4.38617e-05
  3.52809e-05
  2.65473e-05
  1.46652e-05
  8.05193e-06
  1.95733e-06
  8.26386e-07
  5.34735e-07
  6.19984e-07
  6.42931e-07
  5.77423e-07
  4.39790e-07
  3.30696e-07
  2.67458e-07
  1.95200e-07
  1.53960e-07
  1.09442e-07
  6.85571e-08
  3.60399e-08
  1.33606e-08
  1.90193e-09
  1.90193e-09
  1.90193e-09
  1.90193e-09
  1.90193e-09
  1.90193e-09
  1.90193e-09
  1.90193e-09
  1.90193e-09
  1.90193e-09
  1.90193e-09
  1.90193e-09
  1.90193e-09
  1.90193e-09
  1.90193e-09
  1.90193e-09
  1.90193e-09
  1.90193e-09
  1.90193e-09
  1.90193e-09
  1.90193e-09
  1.90193e-09
  1.90193e-09
  1.90193e-09
  1.90193e-09
  1.90193e-09
  1.90193e-09
  1.90193e-09
  1.90193e-09
  1.90193e-09
  1.90193e-09
  1.90193e-09
  1.90193e-09
  1.90193e-09
  1.90193e-09
  1.90193e-09
  1.90193e-09
  1.90193e-09
  1.90193e-09
  1.90193e-09
  1.90193e-09
  1.90193e-09
  1.90193e-09
  1.90193e-09
  1.90193e-09
  1.90193e-09
  1.90193e-09
  1.90193e-09
  1.90193e-09
  1.90193e-09
  1.90193e-09
  1.90193e-09
  1.90193e-09
  1.90193e-09
  1.90193e-09
  1.90193e-09
  1.90193e-09
  1.90193e-09
  1.90193e-09
  1.90193e-09
  1.90193e-09
  1.90193e-09
  1.90193e-09
  1.90193e-09
  1.90193e-09
  1.90193e-09
  1.90193e-09
  1.90193e-09
  1.90193e-09
  1.90193e-09
  1.90193e-09
  1.90193e-09
  1.90193e-09
  1.90193e-09
  1.90193e-09
  1.90193e-09
  1.90193e-09
      0.00000
