      0.00000
      0.00000
      0.00000
      0.00000
      0.00000
      0.00000
      0.00000
      0.00000
      0.00000
      0.00000
      0.00000
      0.00000
      0.00000
      0.00000
      0.00000
      0.00000
      0.00000
      0.00000
      0.00000
      0.00000
      0.00000
  0.000915831
   0.00230740
   0.00771267
    0.0130546
    0.0200090
    0.0256701
    0.0315694
    0.0363658
    0.0409299
    0.0479727
    0.0594867
    0.0674642
    0.0728354
    0.0713434
    0.0717831
    0.0693578
    0.0660424
    0.0588043
    0.0501519
    0.0432162
    0.0361473
    0.0290689
    0.0224955
    0.0189577
    0.0160428
    0.0120670
   0.00586413
   0.00236397
 -3.08807e-10
 -3.08807e-10
 -3.08807e-10
 -3.08807e-10
 -3.08807e-10
 -3.08807e-10
 -3.08807e-10
 -3.08807e-10
 -3.08807e-10
 -3.08807e-10
 -3.08807e-10
 -3.08807e-10
 -3.08807e-10
 -3.08807e-10
 -3.08807e-10
 -3.08807e-10
 -3.08807e-10
 -3.08807e-10
 -3.08807e-10
      0.00000
