      0.00000
      0.00000
      0.00000
      0.00000
      0.00000
      0.00000
      0.00000
      0.00000
      0.00000
      0.00000
      0.00000
      0.00000
      0.00000
      0.00000
      0.00000
      0.00000
      0.00000
      0.00000
      0.00000
      0.00000
  0.000499407
   0.00165162
   0.00466137
    0.0142078
    0.0215661
    0.0329639
    0.0544175
     0.102731
     0.189366
     0.275624
     0.304125
     0.255582
     0.168524
     0.100317
    0.0601139
    0.0399626
    0.0318792
    0.0289435
    0.0313290
    0.0339470
    0.0346923
    0.0323273
    0.0345071
    0.0343707
    0.0300813
    0.0225672
    0.0188197
    0.0172729
    0.0121333
   0.00712168
   0.00242134
   0.00124157
  3.15980e-05
  9.01360e-09
  9.01360e-09
  9.01360e-09
  9.01360e-09
  9.01360e-09
  9.01360e-09
  9.01360e-09
  9.01360e-09
  9.01360e-09
  9.01360e-09
  9.01360e-09
  9.01360e-09
      0.00000
