      0.00000
      0.00000
      0.00000
      0.00000
      0.00000
      0.00000
      0.00000
      0.00000
      0.00000
      0.00000
   0.00133460
   0.00356598
   0.00728884
    0.0139450
    0.0226704
    0.0355025
    0.0547152
    0.0796775
     0.106764
     0.132154
     0.148738
     0.141593
     0.112490
    0.0734274
    0.0413649
    0.0186943
   0.00525433
  0.000819858
  2.61745e-09
  2.61745e-09
  2.61745e-09
  2.61745e-09
  2.61745e-09
  2.61745e-09
  2.61745e-09
  2.61745e-09
  2.61745e-09
  2.61745e-09
      0.00000
