      0.00000
      0.00000
      0.00000
      0.00000
      0.00000
      0.00000
      0.00000
      0.00000
      0.00000
      0.00000
      0.00000
      0.00000
      0.00000
      0.00000
      0.00000
      0.00000
      0.00000
      0.00000
      0.00000
      0.00000
      0.00000
      0.00000
      0.00000
      0.00000
      0.00000
   0.00127293
   0.00357888
   0.00751194
    0.0107726
    0.0140896
    0.0170593
    0.0192200
    0.0218885
    0.0249148
    0.0298420
    0.0330097
    0.0369440
    0.0422114
    0.0500680
    0.0569048
    0.0613514
    0.0624642
    0.0619756
    0.0569271
    0.0517999
    0.0463655
    0.0425889
    0.0379991
    0.0325085
    0.0303897
    0.0260367
    0.0230457
    0.0174868
    0.0160180
    0.0139866
    0.0120000
    0.0104707
   0.00940853
   0.00846212
   0.00590748
   0.00270816
  0.000808485
  2.64779e-06
 -1.78110e-09
 -1.78110e-09
 -1.78110e-09
 -1.78110e-09
 -1.78110e-09
 -1.78110e-09
 -1.78110e-09
 -1.78110e-09
 -1.78110e-09
 -1.78110e-09
 -1.78110e-09
 -1.78110e-09
 -1.78110e-09
 -1.78110e-09
 -1.78110e-09
 -1.78110e-09
 -1.78110e-09
 -1.78110e-09
 -1.78110e-09
 -1.78110e-09
      0.00000
