      0.00000
      0.00000
      0.00000
      0.00000
      0.00000
      0.00000
      0.00000
      0.00000
      0.00000
      0.00000
      0.00000
      0.00000
      0.00000
      0.00000
      0.00000
      0.00000
      0.00000
      0.00000
      0.00000
      0.00000
      0.00000
      0.00000
      0.00000
      0.00000
  0.000250918
   0.00161328
   0.00288537
   0.00451852
   0.00474749
   0.00573499
   0.00878244
    0.0117343
    0.0153617
    0.0166959
    0.0204991
    0.0243669
    0.0269435
    0.0293078
    0.0293562
    0.0326042
    0.0366515
    0.0413280
    0.0456534
    0.0445504
    0.0439934
    0.0403606
    0.0392849
    0.0372209
    0.0360817
    0.0350332
    0.0373390
    0.0426049
    0.0497630
    0.0552898
    0.0550784
    0.0483404
    0.0356814
    0.0220120
    0.0108849
   0.00407713
   0.00121355
  0.000585836
  0.000696795
  0.000533128
  0.000337218
  1.73038e-06
  1.29628e-09
  1.29628e-09
  1.29628e-09
  1.29628e-09
  1.29628e-09
  1.29628e-09
  1.29628e-09
  1.29628e-09
  1.29628e-09
  1.29628e-09
  1.29628e-09
  1.29628e-09
  1.29628e-09
  1.29628e-09
  1.29628e-09
  1.29628e-09
  1.29628e-09
  1.29628e-09
  1.29628e-09
  1.29628e-09
  1.29628e-09
  1.29628e-09
  1.29628e-09
  1.29628e-09
  1.29628e-09
      0.00000
