      0.00000
      0.00000
      0.00000
      0.00000
      0.00000
      0.00000
      0.00000
      0.00000
      0.00000
      0.00000
      0.00000
      0.00000
      0.00000
      0.00000
      0.00000
      0.00000
      0.00000
      0.00000
      0.00000
      0.00000
      0.00000
      0.00000
  0.000208132
   0.00419039
   0.00822490
    0.0138562
    0.0238668
    0.0463381
    0.0897807
     0.140851
     0.165545
     0.147137
     0.100079
    0.0585618
    0.0341645
    0.0210402
    0.0164585
    0.0141240
    0.0148150
    0.0155487
    0.0157805
    0.0136641
    0.0128729
    0.0121586
    0.0104716
   0.00781596
   0.00571345
   0.00434531
   0.00196718
  0.000409702
  9.43472e-06
  7.88456e-09
  7.88456e-09
  7.88456e-09
  7.88456e-09
  7.88456e-09
  7.88456e-09
  7.88456e-09
  7.88456e-09
  7.88456e-09
  7.88456e-09
  7.88456e-09
  7.88456e-09
  7.88456e-09
  7.88456e-09
      0.00000
