      0.00000
      0.00000
      0.00000
      0.00000
      0.00000
      0.00000
      0.00000
      0.00000
   0.00496180
    0.0154505
    0.0278387
    0.0403830
    0.0468724
    0.0532121
    0.0528114
    0.0604312
    0.0747942
     0.106285
     0.140629
     0.146434
     0.119435
    0.0698263
    0.0310540
   0.00945735
  0.000123896
  3.89419e-10
  3.89419e-10
  3.89419e-10
  3.89419e-10
  3.89419e-10
  3.89419e-10
  3.89419e-10
  3.89419e-10
  3.89419e-10
  3.89419e-10
      0.00000
