      0.00000
      0.00000
      0.00000
      0.00000
      0.00000
      0.00000
      0.00000
      0.00000
      0.00000
      0.00000
      0.00000
      0.00000
      0.00000
      0.00000
      0.00000
      0.00000
      0.00000
      0.00000
   0.00252808
   0.00536845
    0.0140468
    0.0289261
    0.0538626
    0.0853178
     0.112633
     0.128290
     0.125041
     0.103835
    0.0739410
    0.0462165
    0.0308196
    0.0265919
    0.0245334
    0.0228931
    0.0218483
    0.0228577
    0.0231031
    0.0195893
    0.0153197
   0.00859614
   0.00384209
 -1.69555e-09
 -1.69555e-09
 -1.69555e-09
 -1.69555e-09
 -1.69555e-09
 -1.69555e-09
 -1.69555e-09
 -1.69555e-09
 -1.69555e-09
 -1.69555e-09
 -1.69555e-09
 -1.69555e-09
 -1.69555e-09
      0.00000
