      0.00000
      0.00000
      0.00000
      0.00000
      0.00000
      0.00000
      0.00000
      0.00000
      0.00000
      0.00000
      0.00000
      0.00000
      0.00000
      0.00000
      0.00000
      0.00000
      0.00000
      0.00000
      0.00000
      0.00000
      0.00000
      0.00000
      0.00000
      0.00000
      0.00000
      0.00000
      0.00000
      0.00000
      0.00000
      0.00000
      0.00000
      0.00000
      0.00000
  5.22273e-05
  0.000175116
  0.000421760
  0.000845782
   0.00125398
   0.00186986
   0.00223978
   0.00284867
   0.00321027
   0.00374155
   0.00446830
   0.00534117
   0.00642016
   0.00758583
   0.00887601
   0.00975895
    0.0106309
    0.0114121
    0.0122744
    0.0124236
    0.0123591
    0.0120542
    0.0117651
    0.0119543
    0.0121523
    0.0131600
    0.0137265
    0.0152194
    0.0168352
    0.0183046
    0.0193222
    0.0198122
    0.0204192
    0.0218160
    0.0235749
    0.0259471
    0.0278399
    0.0298514
    0.0319354
    0.0330641
    0.0328355
    0.0317171
    0.0312370
    0.0305722
    0.0294957
    0.0277846
    0.0271432
    0.0268083
    0.0260583
    0.0245966
    0.0230222
    0.0214504
    0.0201554
    0.0183327
    0.0172550
    0.0156997
    0.0145166
    0.0129237
    0.0116258
    0.0105161
   0.00950920
   0.00826697
   0.00700886
   0.00570958
   0.00466533
   0.00377824
   0.00295966
   0.00227622
   0.00178040
   0.00147135
   0.00110410
  0.000579641
  0.000173523
  7.21355e-06
 -8.10295e-10
 -8.10295e-10
 -8.10295e-10
 -8.10295e-10
 -8.10295e-10
 -8.10295e-10
 -8.10295e-10
 -8.10295e-10
 -8.10295e-10
 -8.10295e-10
 -8.10295e-10
 -8.10295e-10
 -8.10295e-10
 -8.10295e-10
 -8.10295e-10
 -8.10295e-10
 -8.10295e-10
 -8.10295e-10
 -8.10295e-10
 -8.10295e-10
 -8.10295e-10
 -8.10295e-10
 -8.10295e-10
 -8.10295e-10
 -8.10295e-10
 -8.10295e-10
 -8.10295e-10
 -8.10295e-10
 -8.10295e-10
 -8.10295e-10
 -8.10295e-10
 -8.10295e-10
 -8.10295e-10
      0.00000
