      0.00000
      0.00000
      0.00000
      0.00000
      0.00000
      0.00000
      0.00000
      0.00000
      0.00000
      0.00000
   0.00166559
   0.00469201
   0.00846377
    0.0142208
    0.0232752
    0.0370731
    0.0581422
    0.0811172
     0.105356
     0.127891
     0.144391
     0.139042
     0.111900
    0.0739803
    0.0422313
    0.0195139
   0.00587767
   0.00116715
  4.78129e-09
  4.78129e-09
  4.78129e-09
  4.78129e-09
  4.78129e-09
  4.78129e-09
  4.78129e-09
  4.78129e-09
  4.78129e-09
  4.78129e-09
      0.00000
