      0.00000
      0.00000
      0.00000
      0.00000
      0.00000
      0.00000
      0.00000
      0.00000
      0.00000
      0.00000
      0.00000
      0.00000
      0.00000
      0.00000
      0.00000
      0.00000
      0.00000
      0.00000
      0.00000
      0.00000
      0.00000
      0.00000
      0.00000
      0.00000
      0.00000
      0.00000
      0.00000
  0.000212165
   0.00200526
   0.00507078
    0.0100830
    0.0138078
    0.0175994
    0.0204995
    0.0240632
    0.0296173
    0.0369583
    0.0460773
    0.0570434
    0.0680689
    0.0799229
    0.0846146
    0.0823484
    0.0738391
    0.0626596
    0.0550405
    0.0470972
    0.0417469
    0.0342429
    0.0278242
    0.0234693
    0.0202559
    0.0162355
    0.0109181
   0.00562371
   0.00246076
  0.000593957
  8.07157e-10
  8.07157e-10
  8.07157e-10
  8.07157e-10
  8.07157e-10
  8.07157e-10
  8.07157e-10
  8.07157e-10
  8.07157e-10
  8.07157e-10
  8.07157e-10
  8.07157e-10
  8.07157e-10
  8.07157e-10
  8.07157e-10
  8.07157e-10
  8.07157e-10
  8.07157e-10
  8.07157e-10
  8.07157e-10
  8.07157e-10
  8.07157e-10
  8.07157e-10
  8.07157e-10
  8.07157e-10
  8.07157e-10
      0.00000
