      0.00000
      0.00000
      0.00000
      0.00000
      0.00000
      0.00000
      0.00000
      0.00000
      0.00000
      0.00000
      0.00000
      0.00000
      0.00000
      0.00000
      0.00000
      0.00000
      0.00000
      0.00000
      0.00000
      0.00000
      0.00000
      0.00000
      0.00000
      0.00000
      0.00000
      0.00000
      0.00000
      0.00000
      0.00000
      0.00000
  6.67145e-06
  0.000609627
   0.00169739
   0.00534017
    0.0109968
    0.0176608
    0.0247930
    0.0299525
    0.0325373
    0.0339822
    0.0353553
    0.0413029
    0.0471870
    0.0557269
    0.0651825
    0.0731365
    0.0764442
    0.0730321
    0.0645484
    0.0534713
    0.0445486
    0.0388768
    0.0366399
    0.0334880
    0.0314600
    0.0261342
    0.0207286
    0.0128859
   0.00734624
   0.00299867
   0.00111657
  0.000656241
  0.000156530
  1.03821e-09
  1.03821e-09
  1.03821e-09
  1.03821e-09
  1.03821e-09
  1.03821e-09
  1.03821e-09
  1.03821e-09
  1.03821e-09
  1.03821e-09
  1.03821e-09
  1.03821e-09
  1.03821e-09
  1.03821e-09
  1.03821e-09
  1.03821e-09
  1.03821e-09
  1.03821e-09
  1.03821e-09
  1.03821e-09
  1.03821e-09
  1.03821e-09
  1.03821e-09
  1.03821e-09
  1.03821e-09
  1.03821e-09
  1.03821e-09
  1.03821e-09
      0.00000
