      0.00000
      0.00000
      0.00000
      0.00000
      0.00000
      0.00000
      0.00000
      0.00000
      0.00000
      0.00000
      0.00000
      0.00000
      0.00000
      0.00000
      0.00000
      0.00000
   0.00226944
   0.00690396
    0.0150790
    0.0292344
    0.0511118
    0.0933237
     0.155981
     0.241548
     0.328674
     0.374967
     0.368475
     0.303632
     0.226716
     0.155195
     0.111825
    0.0903827
    0.0811261
    0.0722443
    0.0670817
    0.0596744
    0.0555270
    0.0468177
    0.0350483
    0.0196962
   0.00654991
  0.000917287
  2.83750e-09
  2.83750e-09
  2.83750e-09
  2.83750e-09
  2.83750e-09
  2.83750e-09
  2.83750e-09
  2.83750e-09
  2.83750e-09
  2.83750e-09
  2.83750e-09
  2.83750e-09
      0.00000
