      0.00000
      0.00000
      0.00000
      0.00000
      0.00000
      0.00000
      0.00000
      0.00000
      0.00000
      0.00000
      0.00000
   0.00353384
    0.0134027
    0.0355387
    0.0663079
    0.0972584
     0.134238
     0.155450
     0.164200
     0.142156
    0.0991143
    0.0584725
    0.0214015
   0.00892716
  5.52007e-09
  5.52007e-09
  5.52007e-09
  5.52007e-09
  5.52007e-09
  5.52007e-09
  5.52007e-09
  5.52007e-09
  5.52007e-09
  5.52007e-09
  5.52007e-09
      0.00000
