      0.00000
      0.00000
      0.00000
      0.00000
      0.00000
      0.00000
      0.00000
      0.00000
      0.00000
      0.00000
      0.00000
      0.00000
      0.00000
      0.00000
      0.00000
      0.00000
      0.00000
      0.00000
      0.00000
      0.00000
      0.00000
      0.00000
   0.00100156
   0.00388535
   0.00898661
    0.0147367
    0.0226837
    0.0287218
    0.0364918
    0.0432131
    0.0498885
    0.0553038
    0.0627083
    0.0721003
    0.0811379
    0.0850327
    0.0832264
    0.0782026
    0.0664716
    0.0563679
    0.0436711
    0.0336911
    0.0238930
    0.0163406
    0.0129827
   0.00980206
   0.00644718
   0.00266467
  0.000346683
 -1.42375e-09
 -1.42375e-09
 -1.42375e-09
 -1.42375e-09
 -1.42375e-09
 -1.42375e-09
 -1.42375e-09
 -1.42375e-09
 -1.42375e-09
 -1.42375e-09
 -1.42375e-09
 -1.42375e-09
 -1.42375e-09
 -1.42375e-09
 -1.42375e-09
 -1.42375e-09
 -1.42375e-09
 -1.42375e-09
 -1.42375e-09
      0.00000
