      0.00000
      0.00000
      0.00000
      0.00000
      0.00000
      0.00000
      0.00000
      0.00000
      0.00000
   0.00121512
    0.0104683
    0.0324808
    0.0659189
     0.117947
     0.202167
     0.320690
     0.474180
     0.660736
     0.817193
     0.870804
     0.776041
     0.603171
     0.421132
     0.272853
     0.165863
    0.0965230
    0.0547264
    0.0259491
   0.00894559
  0.000995903
  1.06200e-08
  1.06200e-08
  1.06200e-08
  1.06200e-08
  1.06200e-08
  1.06200e-08
  1.06200e-08
      0.00000
