      0.00000
      0.00000
      0.00000
      0.00000
      0.00000
      0.00000
      0.00000
      0.00000
      0.00000
      0.00000
      0.00000
      0.00000
      0.00000
      0.00000
      0.00000
      0.00000
      0.00000
      0.00000
      0.00000
      0.00000
      0.00000
      0.00000
      0.00000
      0.00000
      0.00000
   0.00127542
   0.00475542
    0.0133949
    0.0247445
    0.0414857
    0.0573922
    0.0779726
     0.102287
     0.129276
     0.153645
     0.183107
     0.222610
     0.271952
     0.328165
     0.385741
     0.441367
     0.472282
     0.472088
     0.438676
     0.385394
     0.334079
     0.289386
     0.248290
     0.205495
     0.167786
     0.140215
     0.112900
    0.0841986
    0.0602257
    0.0456957
    0.0353424
    0.0262216
    0.0182645
    0.0128449
   0.00757012
   0.00306378
  0.000808485
  2.64809e-06
 -1.47725e-09
 -1.47725e-09
 -1.47725e-09
 -1.47725e-09
 -1.47725e-09
 -1.47725e-09
 -1.47725e-09
 -1.47725e-09
 -1.47725e-09
 -1.47725e-09
 -1.47725e-09
 -1.47725e-09
 -1.47725e-09
 -1.47725e-09
 -1.47725e-09
 -1.47725e-09
 -1.47725e-09
 -1.47725e-09
 -1.47725e-09
 -1.47725e-09
      0.00000
