      0.00000
      0.00000
      0.00000
      0.00000
      0.00000
      0.00000
      0.00000
      0.00000
      0.00000
      0.00000
      0.00000
      0.00000
      0.00000
      0.00000
      0.00000
   0.00121504
   0.00557473
    0.0117485
    0.0200222
    0.0286063
    0.0409802
    0.0542111
    0.0720726
    0.0875373
    0.0993327
     0.104926
    0.0987666
    0.0846196
    0.0675147
    0.0517268
    0.0428923
    0.0315962
    0.0259123
    0.0195570
    0.0151210
    0.0113837
   0.00816585
   0.00621529
   0.00462448
   0.00331753
   0.00170633
  0.000653349
  1.41548e-09
  1.41548e-09
  1.41548e-09
  1.41548e-09
  1.41548e-09
  1.41548e-09
  1.41548e-09
  1.41548e-09
  1.41548e-09
      0.00000
