      0.00000
      0.00000
      0.00000
      0.00000
      0.00000
      0.00000
      0.00000
      0.00000
      0.00000
      0.00000
      0.00000
      0.00000
  0.000612379
   0.00268423
   0.00634651
    0.0130875
    0.0269772
    0.0470123
    0.0576593
    0.0770192
     0.101143
     0.126291
     0.131622
     0.116498
    0.0971982
    0.0726711
    0.0482757
    0.0286661
    0.0166959
    0.0125488
   0.00907144
   0.00546752
   0.00150892
  0.000747472
  0.000195963
 -9.13301e-09
 -9.13301e-09
 -9.13301e-09
 -9.13301e-09
 -9.13301e-09
 -9.13301e-09
 -9.13301e-09
 -9.13301e-09
 -9.13301e-09
 -9.13301e-09
      0.00000
