      0.00000
      0.00000
      0.00000
      0.00000
      0.00000
      0.00000
      0.00000
      0.00000
      0.00000
      0.00000
      0.00000
      0.00000
      0.00000
      0.00000
      0.00000
      0.00000
   0.00226944
   0.00690396
    0.0125509
    0.0208202
    0.0285574
    0.0429847
    0.0606354
    0.0798321
    0.0953677
    0.0968526
    0.0945123
    0.0802653
    0.0692437
    0.0565509
    0.0451559
    0.0351322
    0.0266549
    0.0218753
    0.0219932
    0.0215839
    0.0240335
    0.0236788
    0.0178205
    0.0111000
   0.00270781
  0.000917288
  3.86814e-09
  3.86814e-09
  3.86814e-09
  3.86814e-09
  3.86814e-09
  3.86814e-09
  3.86814e-09
  3.86814e-09
  3.86814e-09
  3.86814e-09
  3.86814e-09
  3.86814e-09
      0.00000
