      0.00000
      0.00000
      0.00000
      0.00000
      0.00000
      0.00000
      0.00000
      0.00000
      0.00000
      0.00000
      0.00000
      0.00000
      0.00000
      0.00000
      0.00000
      0.00000
      0.00000
      0.00000
      0.00000
      0.00000
  0.000499407
   0.00165162
   0.00445323
    0.0100174
    0.0133412
    0.0191077
    0.0305507
    0.0563932
    0.0995850
     0.134773
     0.138579
     0.108445
    0.0684446
    0.0417556
    0.0259494
    0.0189224
    0.0154208
    0.0148195
    0.0165140
    0.0183984
    0.0189118
    0.0186632
    0.0216343
    0.0222121
    0.0196097
    0.0147513
    0.0131062
    0.0129276
    0.0101661
   0.00671197
   0.00241191
   0.00124156
  3.15901e-05
  1.12904e-09
  1.12904e-09
  1.12904e-09
  1.12904e-09
  1.12904e-09
  1.12904e-09
  1.12904e-09
  1.12904e-09
  1.12904e-09
  1.12904e-09
  1.12904e-09
  1.12904e-09
      0.00000
