      0.00000
      0.00000
      0.00000
      0.00000
      0.00000
      0.00000
      0.00000
      0.00000
      0.00000
      0.00000
      0.00000
      0.00000
   0.00186194
   0.00684356
    0.0155925
    0.0295937
    0.0660339
     0.128192
     0.192258
     0.291170
     0.425759
     0.578695
     0.630849
     0.563522
     0.416352
     0.278702
     0.168837
    0.0928955
    0.0472688
    0.0277654
    0.0197615
    0.0117771
   0.00366598
   0.00191595
  0.000689302
 -7.79222e-10
 -7.79222e-10
 -7.79222e-10
 -7.79222e-10
 -7.79222e-10
 -7.79222e-10
 -7.79222e-10
 -7.79222e-10
 -7.79222e-10
 -7.79222e-10
      0.00000
