      0.00000
      0.00000
      0.00000
      0.00000
      0.00000
      0.00000
      0.00000
      0.00000
      0.00000
      0.00000
      0.00000
      0.00000
      0.00000
      0.00000
      0.00000
      0.00000
      0.00000
      0.00000
      0.00000
      0.00000
      0.00000
      0.00000
      0.00000
      0.00000
      0.00000
      0.00000
      0.00000
      0.00000
      0.00000
      0.00000
      0.00000
      0.00000
      0.00000
      0.00000
      0.00000
      0.00000
      0.00000
      0.00000
      0.00000
      0.00000
 -2.08005e-07
  0.000137656
  0.000530664
  0.000970160
   0.00166667
   0.00204125
   0.00256900
   0.00310544
   0.00397079
   0.00528688
   0.00696358
   0.00887647
    0.0107767
    0.0125102
    0.0143728
    0.0160337
    0.0168128
    0.0167491
    0.0158065
    0.0156787
    0.0160846
    0.0171554
    0.0182947
    0.0201641
    0.0228434
    0.0261964
    0.0287513
    0.0310633
    0.0334028
    0.0366373
    0.0401463
    0.0423626
    0.0426651
    0.0419100
    0.0405243
    0.0385122
    0.0366811
    0.0354631
    0.0340495
    0.0316859
    0.0287965
    0.0265829
    0.0243464
    0.0219648
    0.0195026
    0.0170126
    0.0144448
    0.0124406
    0.0105261
   0.00897186
   0.00699643
   0.00556700
   0.00426574
   0.00334261
   0.00235737
   0.00149434
   0.00102427
  0.000595803
  0.000276550
  3.87657e-05
 -4.47854e-10
 -4.47854e-10
 -4.47854e-10
 -4.47854e-10
 -4.47854e-10
 -4.47854e-10
 -4.47854e-10
 -4.47854e-10
 -4.47854e-10
 -4.47854e-10
 -4.47854e-10
 -4.47854e-10
 -4.47854e-10
 -4.47854e-10
 -4.47854e-10
 -4.47854e-10
 -4.47854e-10
 -4.47854e-10
 -4.47854e-10
 -4.47854e-10
 -4.47854e-10
 -4.47854e-10
 -4.47854e-10
 -4.47854e-10
 -4.47854e-10
 -4.47854e-10
 -4.47854e-10
 -4.47854e-10
 -4.47854e-10
 -4.47854e-10
 -4.47854e-10
 -4.47854e-10
 -4.47854e-10
 -4.47854e-10
 -4.47854e-10
 -4.47854e-10
 -4.47854e-10
 -4.47854e-10
 -4.47854e-10
 -4.47854e-10
      0.00000
