      0.00000
      0.00000
      0.00000
      0.00000
      0.00000
      0.00000
      0.00000
      0.00000
      0.00000
      0.00000
      0.00000
      0.00000
      0.00000
      0.00000
      0.00000
      0.00000
      0.00000
      0.00000
      0.00000
      0.00000
      0.00000
      0.00000
      0.00000
      0.00000
      0.00000
      0.00000
      0.00000
      0.00000
      0.00000
      0.00000
      0.00000
      0.00000
      0.00000
      0.00000
      0.00000
      0.00000
      0.00000
      0.00000
      0.00000
      0.00000
      0.00000
      0.00000
      0.00000
      0.00000
      0.00000
      0.00000
      0.00000
      0.00000
      0.00000
      0.00000
      0.00000
      0.00000
      0.00000
      0.00000
      0.00000
      0.00000
      0.00000
      0.00000
      0.00000
      0.00000
      0.00000
      0.00000
      0.00000
      0.00000
      0.00000
      0.00000
      0.00000
      0.00000
      0.00000
      0.00000
      0.00000
      0.00000
      0.00000
      0.00000
      0.00000
      0.00000
      0.00000
      0.00000
      0.00000
      0.00000
      0.00000
      0.00000
  1.72863e-10
  4.25809e-09
  1.44192e-08
  1.23238e-07
  2.86540e-07
  3.42576e-07
  4.41139e-07
  1.42339e-06
  2.44712e-06
  4.22541e-06
  6.92340e-06
  9.20931e-06
  9.84996e-06
  8.19512e-06
  6.28477e-06
  5.12623e-06
  4.40986e-06
  7.77975e-06
  1.84876e-05
  3.26579e-05
  4.87006e-05
  5.41669e-05
  5.51547e-05
  5.61735e-05
  5.97974e-05
  6.74964e-05
  7.00238e-05
  8.39806e-05
  0.000107622
  0.000134508
  0.000154669
  0.000170922
  0.000195150
  0.000225188
  0.000263364
  0.000301730
  0.000347681
  0.000422255
  0.000543569
  0.000676609
  0.000799662
  0.000976740
   0.00143748
   0.00218061
   0.00305460
   0.00436765
   0.00787326
    0.0195988
    0.0459457
     0.122390
     0.219550
     0.240894
     0.180544
    0.0793160
    0.0325676
    0.0134680
   0.00565941
   0.00362596
   0.00266415
   0.00187522
   0.00118872
  0.000838409
  0.000688785
  0.000582058
  0.000478150
  0.000387397
  0.000339672
  0.000301371
  0.000262184
  0.000213266
  0.000176541
  0.000151755
  0.000132014
  0.000111719
  0.000100363
  8.81175e-05
  7.52454e-05
  6.49088e-05
  5.35943e-05
  5.34203e-05
  4.83645e-05
  5.05715e-05
  4.58968e-05
  4.63505e-05
  4.68629e-05
  4.64189e-05
  4.00619e-05
  2.86150e-05
  2.47370e-05
  2.24243e-05
  2.69484e-05
  2.59869e-05
  2.51639e-05
  1.78268e-05
  1.10055e-05
  6.29824e-06
  9.75353e-06
  1.89267e-05
  2.82345e-05
  3.05315e-05
  2.73721e-05
  2.14190e-05
  2.13095e-05
  1.84055e-05
  2.01113e-05
  2.16913e-05
  1.91807e-05
  1.20891e-05
  2.51046e-06
  3.45895e-07
  3.09813e-07
  2.72038e-07
  2.11062e-07
  1.66782e-07
  7.69363e-08
  2.36636e-08
 -1.25263e-08
 -1.25263e-08
 -1.25263e-08
 -1.25263e-08
 -1.25263e-08
 -1.25263e-08
 -1.25263e-08
 -1.25263e-08
 -1.25263e-08
 -1.25263e-08
 -1.25263e-08
 -1.25263e-08
 -1.25263e-08
 -1.25263e-08
 -1.25263e-08
 -1.25263e-08
 -1.25263e-08
 -1.25263e-08
 -1.25263e-08
 -1.25263e-08
 -1.25263e-08
 -1.25263e-08
 -1.25263e-08
 -1.25263e-08
 -1.25263e-08
 -1.25263e-08
 -1.25263e-08
 -1.25263e-08
 -1.25263e-08
 -1.25263e-08
 -1.25263e-08
 -1.25263e-08
 -1.25263e-08
 -1.25263e-08
 -1.25263e-08
 -1.25263e-08
 -1.25263e-08
 -1.25263e-08
 -1.25263e-08
 -1.25263e-08
 -1.25263e-08
 -1.25263e-08
 -1.25263e-08
 -1.25263e-08
 -1.25263e-08
 -1.25263e-08
 -1.25263e-08
 -1.25263e-08
 -1.25263e-08
 -1.25263e-08
 -1.25263e-08
 -1.25263e-08
 -1.25263e-08
 -1.25263e-08
 -1.25263e-08
 -1.25263e-08
 -1.25263e-08
 -1.25263e-08
 -1.25263e-08
 -1.25263e-08
 -1.25263e-08
 -1.25263e-08
 -1.25263e-08
 -1.25263e-08
 -1.25263e-08
 -1.25263e-08
 -1.25263e-08
      0.00000
