      0.00000
      0.00000
      0.00000
      0.00000
      0.00000
      0.00000
      0.00000
      0.00000
      0.00000
      0.00000
      0.00000
      0.00000
      0.00000
      0.00000
      0.00000
      0.00000
      0.00000
      0.00000
      0.00000
      0.00000
      0.00000
      0.00000
      0.00000
      0.00000
      0.00000
      0.00000
      0.00000
      0.00000
      0.00000
      0.00000
      0.00000
      0.00000
      0.00000
      0.00000
      0.00000
      0.00000
      0.00000
      0.00000
      0.00000
      0.00000
      0.00000
      0.00000
      0.00000
      0.00000
      0.00000
      0.00000
      0.00000
      0.00000
      0.00000
      0.00000
      0.00000
      0.00000
      0.00000
      0.00000
      0.00000
      0.00000
      0.00000
      0.00000
      0.00000
      0.00000
      0.00000
      0.00000
      0.00000
      0.00000
      0.00000
      0.00000
      0.00000
      0.00000
      0.00000
      0.00000
      0.00000
      0.00000
      0.00000
      0.00000
      0.00000
  2.27666e-08
  1.01086e-07
  2.38528e-07
  3.13632e-07
  3.33235e-07
  3.83784e-07
  4.97146e-07
  6.73827e-07
  8.78538e-07
  1.44757e-06
  2.59530e-06
  1.10050e-05
  1.73668e-05
  2.09312e-05
  1.56754e-05
  1.87067e-05
  2.29646e-05
  2.51111e-05
  2.58309e-05
  2.52097e-05
  2.56388e-05
  1.67951e-05
  1.17026e-05
  1.10553e-05
  1.73193e-05
  2.65902e-05
  3.24862e-05
  3.63213e-05
  3.85887e-05
  4.60878e-05
  5.17083e-05
  6.11683e-05
  7.73976e-05
  9.74853e-05
  0.000108567
  0.000121738
  0.000132921
  0.000155991
  0.000169480
  0.000196224
  0.000230205
  0.000273261
  0.000312357
  0.000361902
  0.000430337
  0.000548245
  0.000659875
  0.000767059
  0.000940232
   0.00143197
   0.00217677
   0.00304910
   0.00431215
   0.00777784
    0.0195383
    0.0474189
     0.125731
     0.221152
     0.239694
     0.177630
    0.0778023
    0.0323065
    0.0131202
   0.00564432
   0.00365590
   0.00267220
   0.00186337
   0.00118280
  0.000852622
  0.000707946
  0.000594193
  0.000484480
  0.000395888
  0.000352283
  0.000315930
  0.000277443
  0.000233963
  0.000197098
  0.000166947
  0.000141480
  0.000118116
  0.000105644
  9.51118e-05
  9.04011e-05
  8.09781e-05
  7.03157e-05
  5.66968e-05
  4.67674e-05
  4.57303e-05
  5.01266e-05
  5.11396e-05
  4.34201e-05
  3.43419e-05
  2.41426e-05
  1.64331e-05
  8.82521e-06
  5.36367e-06
  4.21922e-06
  4.04209e-06
  3.22794e-06
  2.32968e-06
  2.02937e-06
  2.15793e-06
  1.98521e-06
  1.69743e-06
  1.18296e-06
  8.41271e-07
  7.17078e-07
  5.80180e-07
  4.54740e-07
  3.38848e-07
  3.42984e-07
  5.36240e-07
  5.27231e-07
  4.82104e-07
  1.93623e-07
  4.70945e-08
  2.48496e-09
  2.48496e-09
  2.48496e-09
  2.48496e-09
  2.48496e-09
  2.48496e-09
  2.48496e-09
  2.48496e-09
  2.48496e-09
  2.48496e-09
  2.48496e-09
  2.48496e-09
  2.48496e-09
  2.48496e-09
  2.48496e-09
  2.48496e-09
  2.48496e-09
  2.48496e-09
  2.48496e-09
  2.48496e-09
  2.48496e-09
  2.48496e-09
  2.48496e-09
  2.48496e-09
  2.48496e-09
  2.48496e-09
  2.48496e-09
  2.48496e-09
  2.48496e-09
  2.48496e-09
  2.48496e-09
  2.48496e-09
  2.48496e-09
  2.48496e-09
  2.48496e-09
  2.48496e-09
  2.48496e-09
  2.48496e-09
  2.48496e-09
  2.48496e-09
  2.48496e-09
  2.48496e-09
  2.48496e-09
  2.48496e-09
  2.48496e-09
  2.48496e-09
  2.48496e-09
  2.48496e-09
  2.48496e-09
  2.48496e-09
  2.48496e-09
  2.48496e-09
  2.48496e-09
  2.48496e-09
  2.48496e-09
  2.48496e-09
  2.48496e-09
  2.48496e-09
  2.48496e-09
  2.48496e-09
  2.48496e-09
  2.48496e-09
  2.48496e-09
  2.48496e-09
  2.48496e-09
  2.48496e-09
  2.48496e-09
  2.48496e-09
  2.48496e-09
  2.48496e-09
  2.48496e-09
  2.48496e-09
  2.48496e-09
      0.00000
