      0.00000
      0.00000
      0.00000
      0.00000
      0.00000
      0.00000
      0.00000
      0.00000
      0.00000
      0.00000
      0.00000
      0.00000
      0.00000
      0.00000
      0.00000
      0.00000
      0.00000
      0.00000
      0.00000
  4.25531e-06
  0.000677522
   0.00188912
   0.00243451
   0.00315802
   0.00343867
   0.00395383
   0.00473296
   0.00608072
   0.00851039
   0.00991790
    0.0105622
    0.0107945
    0.0129923
    0.0164829
    0.0192285
    0.0210126
    0.0260844
    0.0411722
    0.0694989
     0.109761
     0.144669
     0.149421
     0.122394
    0.0795707
    0.0491810
    0.0289369
    0.0204228
    0.0123318
   0.00768208
   0.00257293
  0.000409768
  2.13722e-05
 -6.21531e-09
 -6.21531e-09
 -6.21531e-09
 -6.21531e-09
 -6.21531e-09
 -6.21531e-09
 -6.21531e-09
 -6.21531e-09
 -6.21531e-09
 -6.21531e-09
 -6.21531e-09
 -6.21531e-09
 -6.21531e-09
 -6.21531e-09
 -6.21531e-09
 -6.21531e-09
 -6.21531e-09
 -6.21531e-09
 -6.21531e-09
 -6.21531e-09
 -6.21531e-09
 -6.21531e-09
 -6.21531e-09
 -6.21531e-09
 -6.21531e-09
 -6.21531e-09
 -6.21531e-09
      0.00000
