      0.00000
      0.00000
      0.00000
      0.00000
      0.00000
      0.00000
      0.00000
      0.00000
      0.00000
      0.00000
      0.00000
      0.00000
      0.00000
      0.00000
      0.00000
      0.00000
      0.00000
      0.00000
      0.00000
      0.00000
      0.00000
      0.00000
      0.00000
      0.00000
      0.00000
      0.00000
      0.00000
      0.00000
      0.00000
      0.00000
      0.00000
      0.00000
      0.00000
      0.00000
      0.00000
      0.00000
      0.00000
      0.00000
      0.00000
      0.00000
      0.00000
      0.00000
      0.00000
      0.00000
      0.00000
      0.00000
      0.00000
      0.00000
      0.00000
      0.00000
      0.00000
      0.00000
      0.00000
      0.00000
      0.00000
      0.00000
      0.00000
      0.00000
      0.00000
      0.00000
      0.00000
      0.00000
      0.00000
      0.00000
      0.00000
      0.00000
      0.00000
      0.00000
      0.00000
      0.00000
      0.00000
      0.00000
      0.00000
      0.00000
      0.00000
      0.00000
      0.00000
      0.00000
      0.00000
      0.00000
      0.00000
      0.00000
      0.00000
      0.00000
      0.00000
      0.00000
      0.00000
      0.00000
      0.00000
      0.00000
      0.00000
      0.00000
  2.27264e-07
  4.40510e-06
  1.22663e-05
  2.03846e-05
  3.30500e-05
  6.09790e-05
  0.000103050
  0.000136401
  0.000169620
  0.000176506
  0.000181694
  0.000165989
  0.000175995
  0.000185772
  0.000214298
  0.000233634
  0.000269941
  0.000266345
  0.000266668
  0.000269086
  0.000305282
  0.000341117
  0.000358425
  0.000374465
  0.000393850
  0.000419043
  0.000442867
  0.000481985
  0.000529411
  0.000593796
  0.000626067
  0.000658398
  0.000699057
  0.000744090
  0.000793032
  0.000825023
  0.000882107
  0.000939366
   0.00101418
   0.00106643
   0.00111532
   0.00115559
   0.00119352
   0.00121964
   0.00123822
   0.00126514
   0.00128636
   0.00130865
   0.00132823
   0.00135973
   0.00142311
   0.00149419
   0.00157763
   0.00163534
   0.00174491
   0.00188877
   0.00208350
   0.00226477
   0.00248671
   0.00273874
   0.00309101
   0.00350475
   0.00398885
   0.00450957
   0.00512045
   0.00579091
   0.00649891
   0.00719706
   0.00787163
   0.00860415
   0.00937916
    0.0102984
    0.0114196
    0.0128348
    0.0147867
    0.0172504
    0.0205431
    0.0247713
    0.0308016
    0.0399520
    0.0552405
    0.0770273
    0.0907128
    0.0868047
    0.0678061
    0.0485483
    0.0364331
    0.0284997
    0.0231580
    0.0192825
    0.0162459
    0.0139084
    0.0121950
    0.0109248
   0.00991241
   0.00907939
   0.00829974
   0.00760831
   0.00686661
   0.00620235
   0.00552338
   0.00491360
   0.00431131
   0.00378664
   0.00334714
   0.00297136
   0.00261880
   0.00232163
   0.00209889
   0.00193372
   0.00178021
   0.00165266
   0.00155174
   0.00148819
   0.00141479
   0.00133579
   0.00128931
   0.00125709
   0.00123599
   0.00120179
   0.00116346
   0.00114157
   0.00109177
   0.00103715
  0.000982241
  0.000927724
  0.000890211
  0.000863244
  0.000825220
  0.000775761
  0.000721456
  0.000698297
  0.000666258
  0.000631946
  0.000586230
  0.000575120
  0.000532124
  0.000503004
  0.000469142
  0.000469251
  0.000472750
  0.000437925
  0.000402335
  0.000360031
  0.000344442
  0.000346649
  0.000338722
  0.000333578
  0.000323898
  0.000324147
  0.000325732
  0.000304647
  0.000260564
  0.000223443
  0.000198069
  0.000186320
  0.000186174
  0.000175371
  0.000182452
  0.000148909
  0.000125335
  7.67732e-05
  5.41841e-05
  3.18993e-05
  1.61633e-05
  8.61713e-06
  3.02101e-06
  2.63313e-06
  2.27937e-06
  2.22528e-06
  1.76495e-06
  8.78930e-07
  3.17685e-07
  7.73547e-11
  7.73547e-11
  7.73547e-11
  7.73547e-11
  7.73547e-11
  7.73547e-11
  7.73547e-11
  7.73547e-11
  7.73547e-11
  7.73547e-11
  7.73547e-11
  7.73547e-11
  7.73547e-11
  7.73547e-11
  7.73547e-11
  7.73547e-11
  7.73547e-11
  7.73547e-11
  7.73547e-11
  7.73547e-11
  7.73547e-11
  7.73547e-11
  7.73547e-11
  7.73547e-11
  7.73547e-11
  7.73547e-11
  7.73547e-11
  7.73547e-11
  7.73547e-11
  7.73547e-11
  7.73547e-11
  7.73547e-11
  7.73547e-11
  7.73547e-11
  7.73547e-11
  7.73547e-11
  7.73547e-11
  7.73547e-11
  7.73547e-11
  7.73547e-11
  7.73547e-11
  7.73547e-11
  7.73547e-11
  7.73547e-11
  7.73547e-11
  7.73547e-11
  7.73547e-11
  7.73547e-11
  7.73547e-11
  7.73547e-11
  7.73547e-11
  7.73547e-11
  7.73547e-11
  7.73547e-11
  7.73547e-11
  7.73547e-11
  7.73547e-11
  7.73547e-11
  7.73547e-11
  7.73547e-11
  7.73547e-11
  7.73547e-11
  7.73547e-11
  7.73547e-11
  7.73547e-11
  7.73547e-11
  7.73547e-11
  7.73547e-11
  7.73547e-11
  7.73547e-11
  7.73547e-11
  7.73547e-11
  7.73547e-11
  7.73547e-11
  7.73547e-11
  7.73547e-11
  7.73547e-11
  7.73547e-11
  7.73547e-11
  7.73547e-11
  7.73547e-11
  7.73547e-11
  7.73547e-11
  7.73547e-11
  7.73547e-11
      0.00000
