      0.00000
      0.00000
      0.00000
      0.00000
      0.00000
      0.00000
      0.00000
      0.00000
      0.00000
      0.00000
      0.00000
      0.00000
      0.00000
      0.00000
      0.00000
      0.00000
      0.00000
      0.00000
  0.000602779
   0.00608363
    0.0168580
    0.0370424
    0.0683221
     0.102695
     0.133589
     0.145359
     0.140360
     0.121755
    0.0938103
    0.0658258
    0.0385927
    0.0197538
   0.00759401
   0.00175146
  4.87419e-06
 -2.36976e-09
 -2.36976e-09
 -2.36976e-09
 -2.36976e-09
 -2.36976e-09
 -2.36976e-09
 -2.36976e-09
 -2.36976e-09
 -2.36976e-09
 -2.36976e-09
 -2.36976e-09
 -2.36976e-09
 -2.36976e-09
 -2.36976e-09
 -2.36976e-09
 -2.36976e-09
 -2.36976e-09
      0.00000
