      0.00000
      0.00000
      0.00000
      0.00000
      0.00000
      0.00000
      0.00000
      0.00000
      0.00000
      0.00000
      0.00000
      0.00000
      0.00000
   0.00112554
    0.0114765
    0.0231529
    0.0476509
    0.0824022
     0.139326
     0.192600
     0.196824
     0.153200
    0.0853330
    0.0423853
    0.0176541
   0.00662422
  0.000245503
 -1.34791e-09
 -1.34791e-09
 -1.34791e-09
 -1.34791e-09
 -1.34791e-09
 -1.34791e-09
 -1.34791e-09
 -1.34791e-09
 -1.34791e-09
 -1.34791e-09
 -1.34791e-09
      0.00000
