      0.00000
      0.00000
      0.00000
      0.00000
      0.00000
      0.00000
      0.00000
      0.00000
      0.00000
      0.00000
      0.00000
      0.00000
      0.00000
      0.00000
      0.00000
      0.00000
      0.00000
      0.00000
      0.00000
      0.00000
      0.00000
      0.00000
      0.00000
      0.00000
  0.000205628
  0.000737892
   0.00131895
   0.00178638
   0.00270732
   0.00387677
   0.00704845
   0.00992910
    0.0150105
    0.0201079
    0.0284923
    0.0387390
    0.0521591
    0.0666758
    0.0819835
    0.0991253
     0.110192
     0.106952
    0.0894833
    0.0669262
    0.0499896
    0.0373356
    0.0285402
    0.0212809
    0.0156820
    0.0123239
    0.0103912
   0.00806936
   0.00566086
   0.00370403
   0.00234543
   0.00114745
  8.65695e-05
 -1.52695e-05
 -7.08069e-11
 -7.08069e-11
 -7.08069e-11
 -7.08069e-11
 -7.08069e-11
 -7.08069e-11
 -7.08069e-11
 -7.08069e-11
 -7.08069e-11
 -7.08069e-11
 -7.08069e-11
 -7.08069e-11
 -7.08069e-11
 -7.08069e-11
 -7.08069e-11
 -7.08069e-11
 -7.08069e-11
 -7.08069e-11
 -7.08069e-11
 -7.08069e-11
 -7.08069e-11
      0.00000
