      0.00000
      0.00000
      0.00000
      0.00000
      0.00000
      0.00000
      0.00000
      0.00000
      0.00000
      0.00000
      0.00000
      0.00000
      0.00000
      0.00000
      0.00000
      0.00000
      0.00000
      0.00000
      0.00000
      0.00000
   0.00119374
   0.00601967
    0.0138234
    0.0226867
    0.0281966
    0.0272565
    0.0274045
    0.0299906
    0.0350410
    0.0400521
    0.0440055
    0.0496022
    0.0549439
    0.0580414
    0.0592879
    0.0564085
    0.0549526
    0.0546654
    0.0551638
    0.0500226
    0.0430306
    0.0375898
    0.0341457
    0.0319102
    0.0274129
    0.0219099
    0.0131430
   0.00487948
   0.00210427
   0.00428809
   0.00559797
   0.00394473
   0.00128508
  4.40818e-09
  4.40818e-09
  4.40818e-09
  4.40818e-09
  4.40818e-09
  4.40818e-09
  4.40818e-09
  4.40818e-09
  4.40818e-09
  4.40818e-09
  4.40818e-09
  4.40818e-09
  4.40818e-09
  4.40818e-09
  4.40818e-09
      0.00000
