      0.00000
      0.00000
      0.00000
      0.00000
      0.00000
      0.00000
      0.00000
      0.00000
      0.00000
      0.00000
      0.00000
   0.00177178
   0.00774544
    0.0176214
    0.0272230
    0.0344639
    0.0404893
    0.0472360
    0.0534337
    0.0617175
    0.0724629
    0.0843680
    0.0920295
    0.0957197
    0.0938253
    0.0885785
    0.0716084
    0.0533295
    0.0328971
    0.0173116
   0.00616757
  3.61995e-09
  3.61995e-09
  3.61995e-09
  3.61995e-09
  3.61995e-09
  3.61995e-09
  3.61995e-09
  3.61995e-09
  3.61995e-09
  3.61995e-09
  3.61995e-09
  3.61995e-09
  3.61995e-09
      0.00000
