      0.00000
      0.00000
      0.00000
      0.00000
      0.00000
      0.00000
      0.00000
      0.00000
      0.00000
      0.00000
      0.00000
      0.00000
      0.00000
  0.000962959
    0.0101351
    0.0221301
    0.0476490
    0.0829960
     0.146618
     0.197111
     0.197783
     0.147013
    0.0799229
    0.0421942
    0.0175723
   0.00768711
  0.000224978
 -5.35912e-09
 -5.35912e-09
 -5.35912e-09
 -5.35912e-09
 -5.35912e-09
 -5.35912e-09
 -5.35912e-09
 -5.35912e-09
 -5.35912e-09
 -5.35912e-09
 -5.35912e-09
      0.00000
