      0.00000
      0.00000
      0.00000
      0.00000
      0.00000
      0.00000
      0.00000
      0.00000
      0.00000
      0.00000
      0.00000
      0.00000
      0.00000
      0.00000
      0.00000
      0.00000
      0.00000
      0.00000
      0.00000
      0.00000
      0.00000
      0.00000
      0.00000
      0.00000
      0.00000
      0.00000
      0.00000
  9.25729e-05
  0.000522409
   0.00140812
   0.00320395
   0.00590519
   0.00855448
    0.0108197
    0.0146452
    0.0174755
    0.0214236
    0.0233572
    0.0289808
    0.0358191
    0.0438452
    0.0485173
    0.0522202
    0.0563181
    0.0576586
    0.0548357
    0.0495065
    0.0491015
    0.0520258
    0.0571852
    0.0578892
    0.0549607
    0.0460894
    0.0378617
    0.0307300
    0.0261184
    0.0203079
    0.0141530
   0.00851214
   0.00516165
   0.00304758
   0.00132840
  0.000416667
  1.28113e-06
 -4.60934e-10
 -4.60934e-10
 -4.60934e-10
 -4.60934e-10
 -4.60934e-10
 -4.60934e-10
 -4.60934e-10
 -4.60934e-10
 -4.60934e-10
 -4.60934e-10
 -4.60934e-10
 -4.60934e-10
 -4.60934e-10
 -4.60934e-10
 -4.60934e-10
 -4.60934e-10
 -4.60934e-10
 -4.60934e-10
 -4.60934e-10
 -4.60934e-10
 -4.60934e-10
 -4.60934e-10
 -4.60934e-10
 -4.60934e-10
 -4.60934e-10
 -4.60934e-10
 -4.60934e-10
      0.00000
