      0.00000
      0.00000
      0.00000
      0.00000
      0.00000
      0.00000
      0.00000
      0.00000
      0.00000
      0.00000
      0.00000
      0.00000
      0.00000
      0.00000
      0.00000
      0.00000
      0.00000
      0.00000
      0.00000
      0.00000
      0.00000
      0.00000
      0.00000
      0.00000
      0.00000
      0.00000
      0.00000
      0.00000
      0.00000
      0.00000
   0.00156098
   0.00469069
    0.0118656
    0.0176380
    0.0214992
    0.0268575
    0.0362018
    0.0472304
    0.0568321
    0.0679417
    0.0798962
    0.0904637
    0.0933461
    0.0899711
    0.0787635
    0.0647640
    0.0544919
    0.0446157
    0.0349764
    0.0251445
    0.0175299
    0.0126359
   0.00706839
   0.00492547
   0.00405311
   0.00334095
   0.00147977
  0.000215376
 -1.40745e-09
 -1.40745e-09
 -1.40745e-09
 -1.40745e-09
 -1.40745e-09
 -1.40745e-09
 -1.40745e-09
 -1.40745e-09
 -1.40745e-09
 -1.40745e-09
 -1.40745e-09
 -1.40745e-09
 -1.40745e-09
 -1.40745e-09
 -1.40745e-09
 -1.40745e-09
 -1.40745e-09
 -1.40745e-09
 -1.40745e-09
 -1.40745e-09
 -1.40745e-09
 -1.40745e-09
 -1.40745e-09
 -1.40745e-09
 -1.40745e-09
      0.00000
