      0.00000
      0.00000
      0.00000
      0.00000
      0.00000
      0.00000
      0.00000
      0.00000
      0.00000
      0.00000
      0.00000
      0.00000
  5.20304e-06
   0.00473501
    0.0139344
    0.0282449
    0.0474826
    0.0821625
     0.128527
     0.177563
     0.187072
     0.155807
    0.0969429
    0.0497389
    0.0207494
   0.00661003
  0.000425063
 -1.21088e-09
 -1.21088e-09
 -1.21088e-09
 -1.21088e-09
 -1.21088e-09
 -1.21088e-09
 -1.21088e-09
 -1.21088e-09
 -1.21088e-09
 -1.21088e-09
 -1.21088e-09
      0.00000
