      0.00000
      0.00000
      0.00000
      0.00000
      0.00000
      0.00000
      0.00000
      0.00000
      0.00000
      0.00000
      0.00000
      0.00000
      0.00000
      0.00000
      0.00000
      0.00000
  0.000403122
   0.00752032
    0.0256587
    0.0608310
     0.111394
     0.176026
     0.201792
     0.182227
     0.116445
    0.0655628
    0.0321922
    0.0152028
   0.00474487
  4.64915e-09
  4.64915e-09
  4.64915e-09
  4.64915e-09
  4.64915e-09
  4.64915e-09
  4.64915e-09
  4.64915e-09
  4.64915e-09
  4.64915e-09
  4.64915e-09
  4.64915e-09
  4.64915e-09
  4.64915e-09
  4.64915e-09
  4.64915e-09
      0.00000
