      0.00000
      0.00000
      0.00000
      0.00000
      0.00000
      0.00000
      0.00000
      0.00000
      0.00000
      0.00000
      0.00000
      0.00000
   0.00124956
   0.00415932
   0.00924598
    0.0164529
    0.0303765
    0.0491395
    0.0588867
    0.0771701
    0.0991870
     0.123059
     0.125624
     0.111669
    0.0931933
    0.0711715
    0.0483271
    0.0286335
    0.0180291
    0.0136076
    0.0106900
   0.00630958
   0.00215705
   0.00116847
  0.000493330
 -5.16933e-10
 -5.16933e-10
 -5.16933e-10
 -5.16933e-10
 -5.16933e-10
 -5.16933e-10
 -5.16933e-10
 -5.16933e-10
 -5.16933e-10
 -5.16933e-10
      0.00000
