      0.00000
      0.00000
      0.00000
      0.00000
      0.00000
      0.00000
      0.00000
      0.00000
      0.00000
   0.00101303
   0.00380903
   0.00919142
    0.0155328
    0.0235081
    0.0361804
    0.0546244
    0.0768438
     0.100798
     0.120856
     0.131214
     0.122841
     0.101212
    0.0737915
    0.0506384
    0.0322309
    0.0214164
    0.0135358
   0.00786404
   0.00275090
  0.000147640
  8.20183e-09
  8.20183e-09
  8.20183e-09
  8.20183e-09
  8.20183e-09
  8.20183e-09
  8.20183e-09
      0.00000
