      0.00000
      0.00000
      0.00000
      0.00000
      0.00000
      0.00000
      0.00000
      0.00000
      0.00000
      0.00000
      0.00000
      0.00000
      0.00000
      0.00000
      0.00000
  3.26431e-07
   0.00300171
   0.00675543
    0.0130299
    0.0217788
    0.0344534
    0.0524968
    0.0756194
    0.0994572
     0.117423
     0.121431
     0.111774
    0.0920419
    0.0692317
    0.0498870
    0.0356846
    0.0263260
    0.0205717
    0.0159968
    0.0125587
   0.00865087
   0.00627425
   0.00322303
   0.00178419
  0.000385846
  0.000162408
  7.27680e-10
  7.27680e-10
  7.27680e-10
  7.27680e-10
  7.27680e-10
  7.27680e-10
  7.27680e-10
  7.27680e-10
  7.27680e-10
  7.27680e-10
      0.00000
