      0.00000
      0.00000
      0.00000
      0.00000
      0.00000
      0.00000
      0.00000
      0.00000
      0.00000
      0.00000
      0.00000
   0.00108756
   0.00487445
    0.0135174
    0.0290148
    0.0501379
    0.0819080
     0.121423
     0.154389
     0.162948
     0.138711
     0.101725
    0.0654157
    0.0394180
    0.0220974
   0.00954453
   0.00367945
  0.000109917
  3.33111e-09
  3.33111e-09
  3.33111e-09
  3.33111e-09
  3.33111e-09
  3.33111e-09
  3.33111e-09
  3.33111e-09
  3.33111e-09
      0.00000
