      0.00000
      0.00000
      0.00000
      0.00000
      0.00000
      0.00000
      0.00000
      0.00000
      0.00000
      0.00000
   0.00300019
   0.00825799
    0.0157578
    0.0390622
    0.0921664
     0.173024
     0.306151
     0.501682
     0.781109
      1.01761
      1.05891
     0.868327
     0.567205
     0.326547
     0.159795
    0.0669710
    0.0124396
   0.00198700
  1.84586e-10
  1.84586e-10
  1.84586e-10
  1.84586e-10
  1.84586e-10
  1.84586e-10
  1.84586e-10
  1.84586e-10
  1.84586e-10
  1.84586e-10
      0.00000
