      0.00000
      0.00000
      0.00000
      0.00000
      0.00000
      0.00000
      0.00000
      0.00000
      0.00000
      0.00000
      0.00000
      0.00000
      0.00000
      0.00000
      0.00000
      0.00000
      0.00000
      0.00000
      0.00000
      0.00000
      0.00000
      0.00000
      0.00000
      0.00000
      0.00000
      0.00000
      0.00000
      0.00000
      0.00000
      0.00000
      0.00000
      0.00000
      0.00000
      0.00000
      0.00000
      0.00000
      0.00000
      0.00000
      0.00000
      0.00000
      0.00000
      0.00000
      0.00000
      0.00000
      0.00000
      0.00000
      0.00000
      0.00000
      0.00000
      0.00000
      0.00000
      0.00000
      0.00000
      0.00000
      0.00000
      0.00000
      0.00000
      0.00000
      0.00000
      0.00000
      0.00000
      0.00000
      0.00000
      0.00000
      0.00000
      0.00000
      0.00000
      0.00000
      0.00000
      0.00000
      0.00000
      0.00000
      0.00000
      0.00000
      0.00000
      0.00000
      0.00000
      0.00000
      0.00000
      0.00000
      0.00000
      0.00000
      0.00000
      0.00000
      0.00000
      0.00000
      0.00000
      0.00000
      0.00000
      0.00000
      0.00000
      0.00000
      0.00000
      0.00000
      0.00000
      0.00000
      0.00000
      0.00000
      0.00000
      0.00000
      0.00000
      0.00000
      0.00000
      0.00000
      0.00000
      0.00000
      0.00000
      0.00000
      0.00000
      0.00000
      0.00000
      0.00000
      0.00000
      0.00000
      0.00000
      0.00000
      0.00000
  2.35916e-07
  2.51490e-06
  5.96929e-06
  1.48867e-05
  2.51889e-05
  3.86630e-05
  4.42002e-05
  5.14143e-05
  4.85570e-05
  5.20473e-05
  6.98326e-05
  9.69249e-05
  0.000116160
  0.000114286
  0.000130839
  0.000184712
  0.000278030
  0.000329758
  0.000370490
  0.000394044
  0.000459963
  0.000519988
  0.000549238
  0.000583732
  0.000629326
  0.000716599
  0.000816371
  0.000926549
   0.00103430
   0.00116714
   0.00130556
   0.00143368
   0.00155580
   0.00168196
   0.00183429
   0.00200951
   0.00221988
   0.00246317
   0.00275075
   0.00304983
   0.00347457
   0.00396589
   0.00465380
   0.00548184
   0.00653282
   0.00782212
   0.00932192
    0.0109910
    0.0127938
    0.0148238
    0.0171722
    0.0200665
    0.0242152
    0.0308834
    0.0421299
    0.0602161
    0.0865543
     0.107366
     0.107780
    0.0876835
    0.0613694
    0.0429247
    0.0313455
    0.0244584
    0.0202781
    0.0172652
    0.0148603
    0.0127823
    0.0109336
   0.00924786
   0.00775178
   0.00647007
   0.00538014
   0.00451552
   0.00384279
   0.00335915
   0.00297073
   0.00266258
   0.00240264
   0.00217046
   0.00196931
   0.00178220
   0.00163577
   0.00149343
   0.00134054
   0.00119560
   0.00108242
  0.000988421
  0.000892664
  0.000775869
  0.000703364
  0.000648986
  0.000604760
  0.000554502
  0.000492580
  0.000438801
  0.000359135
  0.000310532
  0.000275001
  0.000261778
  0.000237672
  0.000228194
  0.000191580
  0.000146451
  9.30235e-05
  7.02870e-05
  6.14406e-05
  5.48331e-05
  4.57525e-05
  3.53506e-05
  1.97593e-05
  1.04591e-05
  3.02382e-06
  9.26503e-07
 -2.80148e-09
 -2.80148e-09
 -2.80148e-09
 -2.80148e-09
 -2.80148e-09
 -2.80148e-09
 -2.80148e-09
 -2.80148e-09
 -2.80148e-09
 -2.80148e-09
 -2.80148e-09
 -2.80148e-09
 -2.80148e-09
 -2.80148e-09
 -2.80148e-09
 -2.80148e-09
 -2.80148e-09
 -2.80148e-09
 -2.80148e-09
 -2.80148e-09
 -2.80148e-09
 -2.80148e-09
 -2.80148e-09
 -2.80148e-09
 -2.80148e-09
 -2.80148e-09
 -2.80148e-09
 -2.80148e-09
 -2.80148e-09
 -2.80148e-09
 -2.80148e-09
 -2.80148e-09
 -2.80148e-09
 -2.80148e-09
 -2.80148e-09
 -2.80148e-09
 -2.80148e-09
 -2.80148e-09
 -2.80148e-09
 -2.80148e-09
 -2.80148e-09
 -2.80148e-09
 -2.80148e-09
 -2.80148e-09
 -2.80148e-09
 -2.80148e-09
 -2.80148e-09
 -2.80148e-09
 -2.80148e-09
 -2.80148e-09
 -2.80148e-09
 -2.80148e-09
 -2.80148e-09
 -2.80148e-09
 -2.80148e-09
 -2.80148e-09
 -2.80148e-09
 -2.80148e-09
 -2.80148e-09
 -2.80148e-09
 -2.80148e-09
 -2.80148e-09
 -2.80148e-09
 -2.80148e-09
 -2.80148e-09
 -2.80148e-09
 -2.80148e-09
 -2.80148e-09
 -2.80148e-09
 -2.80148e-09
 -2.80148e-09
 -2.80148e-09
 -2.80148e-09
 -2.80148e-09
 -2.80148e-09
 -2.80148e-09
 -2.80148e-09
 -2.80148e-09
 -2.80148e-09
 -2.80148e-09
 -2.80148e-09
 -2.80148e-09
 -2.80148e-09
 -2.80148e-09
 -2.80148e-09
 -2.80148e-09
 -2.80148e-09
 -2.80148e-09
 -2.80148e-09
 -2.80148e-09
 -2.80148e-09
 -2.80148e-09
 -2.80148e-09
 -2.80148e-09
 -2.80148e-09
 -2.80148e-09
 -2.80148e-09
 -2.80148e-09
 -2.80148e-09
 -2.80148e-09
 -2.80148e-09
 -2.80148e-09
 -2.80148e-09
 -2.80148e-09
 -2.80148e-09
 -2.80148e-09
 -2.80148e-09
 -2.80148e-09
 -2.80148e-09
 -2.80148e-09
 -2.80148e-09
 -2.80148e-09
 -2.80148e-09
 -2.80148e-09
 -2.80148e-09
 -2.80148e-09
 -2.80148e-09
 -2.80148e-09
 -2.80148e-09
      0.00000
