      0.00000
      0.00000
      0.00000
      0.00000
      0.00000
      0.00000
      0.00000
      0.00000
      0.00000
   0.00132032
   0.00327654
    0.0181172
    0.0374895
    0.0496412
    0.0378844
    0.0349486
    0.0577745
     0.102946
     0.114447
     0.116711
     0.104253
     0.112283
    0.0927415
    0.0699417
    0.0328452
    0.0131887
  0.000191580
 -4.19689e-09
 -4.19689e-09
 -4.19689e-09
 -4.19689e-09
 -4.19689e-09
 -4.19689e-09
 -4.19689e-09
 -4.19689e-09
 -4.19689e-09
      0.00000
