      0.00000
      0.00000
      0.00000
      0.00000
      0.00000
      0.00000
      0.00000
      0.00000
      0.00000
      0.00000
      0.00000
      0.00000
      0.00000
      0.00000
      0.00000
  5.34421e-05
   0.00827719
    0.0245200
    0.0500533
    0.0761496
     0.114034
     0.153318
     0.171811
     0.153128
     0.109515
    0.0692962
    0.0400417
    0.0203931
   0.00779886
   0.00160901
  4.22157e-09
  4.22157e-09
  4.22157e-09
  4.22157e-09
  4.22157e-09
  4.22157e-09
  4.22157e-09
  4.22157e-09
  4.22157e-09
  4.22157e-09
  4.22157e-09
  4.22157e-09
  4.22157e-09
  4.22157e-09
  4.22157e-09
      0.00000
