      0.00000
      0.00000
      0.00000
      0.00000
      0.00000
      0.00000
      0.00000
      0.00000
      0.00000
      0.00000
      0.00000
      0.00000
      0.00000
      0.00000
      0.00000
      0.00000
      0.00000
      0.00000
      0.00000
  4.25531e-06
  0.000677522
   0.00188912
   0.00243451
   0.00431148
   0.00646739
   0.00900979
    0.0117060
    0.0133688
    0.0179412
    0.0214649
    0.0282891
    0.0356965
    0.0473589
    0.0623331
    0.0801958
     0.101980
     0.130963
     0.173364
     0.232921
     0.305975
     0.357238
     0.349314
     0.285858
     0.202124
     0.142987
     0.101669
    0.0786412
    0.0574680
    0.0429510
    0.0298298
    0.0222823
    0.0157782
    0.0117430
   0.00743572
   0.00447335
   0.00177753
  9.30495e-05
 -1.52746e-05
 -5.15419e-09
 -5.15419e-09
 -5.15419e-09
 -5.15419e-09
 -5.15419e-09
 -5.15419e-09
 -5.15419e-09
 -5.15419e-09
 -5.15419e-09
 -5.15419e-09
 -5.15419e-09
 -5.15419e-09
 -5.15419e-09
 -5.15419e-09
 -5.15419e-09
 -5.15419e-09
 -5.15419e-09
 -5.15419e-09
 -5.15419e-09
 -5.15419e-09
 -5.15419e-09
      0.00000
