      0.00000
      0.00000
      0.00000
      0.00000
      0.00000
      0.00000
      0.00000
      0.00000
      0.00000
      0.00000
   0.00345106
    0.0108829
    0.0270025
    0.0515318
    0.0701274
    0.0828424
    0.0993602
     0.131817
     0.152902
     0.152166
     0.114386
    0.0702713
    0.0268247
   0.00611957
  0.000314947
 -7.31918e-09
 -7.31918e-09
 -7.31918e-09
 -7.31918e-09
 -7.31918e-09
 -7.31918e-09
 -7.31918e-09
 -7.31918e-09
 -7.31918e-09
 -7.31918e-09
      0.00000
