      0.00000
      0.00000
      0.00000
      0.00000
      0.00000
      0.00000
      0.00000
      0.00000
      0.00000
  0.000194050
   0.00287869
   0.00819890
    0.0146926
    0.0233010
    0.0361993
    0.0559949
    0.0772863
     0.103018
     0.123909
     0.132726
     0.122647
    0.0993996
    0.0738134
    0.0493295
    0.0313467
    0.0203126
    0.0135535
   0.00779676
   0.00301583
  0.000387421
  7.50104e-10
  7.50104e-10
  7.50104e-10
  7.50104e-10
  7.50104e-10
  7.50104e-10
  7.50104e-10
      0.00000
