      0.00000
      0.00000
      0.00000
      0.00000
      0.00000
      0.00000
      0.00000
      0.00000
      0.00000
      0.00000
      0.00000
      0.00000
      0.00000
      0.00000
      0.00000
      0.00000
      0.00000
      0.00000
      0.00000
      0.00000
      0.00000
      0.00000
      0.00000
      0.00000
      0.00000
      0.00000
  5.55693e-05
   0.00215913
   0.00453389
    0.0103528
    0.0131527
    0.0178366
    0.0203299
    0.0239338
    0.0279639
    0.0314431
    0.0377127
    0.0445929
    0.0554505
    0.0646144
    0.0719990
    0.0748610
    0.0724856
    0.0667132
    0.0583804
    0.0522842
    0.0465263
    0.0385494
    0.0334385
    0.0275365
    0.0274845
    0.0226283
    0.0183766
    0.0109205
   0.00823465
   0.00614914
   0.00526884
   0.00268930
   0.00110533
  0.000236679
  2.09103e-09
  2.09103e-09
  2.09103e-09
  2.09103e-09
  2.09103e-09
  2.09103e-09
  2.09103e-09
  2.09103e-09
  2.09103e-09
  2.09103e-09
  2.09103e-09
  2.09103e-09
  2.09103e-09
  2.09103e-09
  2.09103e-09
  2.09103e-09
  2.09103e-09
  2.09103e-09
  2.09103e-09
  2.09103e-09
  2.09103e-09
  2.09103e-09
  2.09103e-09
      0.00000
