      0.00000
      0.00000
      0.00000
      0.00000
      0.00000
      0.00000
      0.00000
      0.00000
      0.00000
      0.00000
      0.00000
      0.00000
      0.00000
      0.00000
      0.00000
      0.00000
      0.00000
      0.00000
      0.00000
      0.00000
      0.00000
      0.00000
      0.00000
      0.00000
      0.00000
      0.00000
      0.00000
      0.00000
      0.00000
      0.00000
  0.000432522
   0.00148831
   0.00233408
   0.00321040
   0.00396589
   0.00577825
   0.00837523
    0.0109028
    0.0131421
    0.0146754
    0.0167255
    0.0183266
    0.0212894
    0.0243250
    0.0283635
    0.0317390
    0.0354196
    0.0396123
    0.0429568
    0.0454917
    0.0472339
    0.0492931
    0.0505330
    0.0509527
    0.0506828
    0.0505178
    0.0503321
    0.0512352
    0.0533836
    0.0571813
    0.0629330
    0.0692568
    0.0746586
    0.0774287
    0.0794478
    0.0834359
    0.0888046
    0.0957743
     0.103379
     0.110828
     0.118711
     0.125346
     0.130139
     0.130472
     0.127756
     0.123090
     0.119483
     0.115441
     0.111525
     0.107014
     0.102972
    0.0982503
    0.0924660
    0.0854943
    0.0790635
    0.0726434
    0.0662450
    0.0605158
    0.0551002
    0.0505055
    0.0452439
    0.0403277
    0.0351700
    0.0314312
    0.0279275
    0.0245997
    0.0209924
    0.0183945
    0.0151295
    0.0116990
   0.00814513
   0.00579327
   0.00463414
   0.00352131
   0.00303435
   0.00234495
   0.00190005
   0.00111686
  0.000519939
 -4.71094e-06
 -2.54409e-09
 -2.54409e-09
 -2.54409e-09
 -2.54409e-09
 -2.54409e-09
 -2.54409e-09
 -2.54409e-09
 -2.54409e-09
 -2.54409e-09
 -2.54409e-09
 -2.54409e-09
 -2.54409e-09
 -2.54409e-09
 -2.54409e-09
 -2.54409e-09
 -2.54409e-09
 -2.54409e-09
 -2.54409e-09
 -2.54409e-09
 -2.54409e-09
 -2.54409e-09
 -2.54409e-09
 -2.54409e-09
 -2.54409e-09
 -2.54409e-09
 -2.54409e-09
 -2.54409e-09
 -2.54409e-09
 -2.54409e-09
 -2.54409e-09
      0.00000
