      0.00000
      0.00000
      0.00000
      0.00000
      0.00000
      0.00000
      0.00000
      0.00000
      0.00000
      0.00000
      0.00000
      0.00000
      0.00000
      0.00000
      0.00000
      0.00000
      0.00000
      0.00000
      0.00000
      0.00000
      0.00000
      0.00000
      0.00000
      0.00000
  0.000250918
   0.00161328
   0.00288537
   0.00461110
   0.00526990
   0.00714311
    0.0119931
    0.0182491
    0.0256136
    0.0328558
    0.0461411
    0.0595031
    0.0731602
    0.0826176
    0.0908743
     0.102406
     0.115852
     0.131148
     0.145061
     0.156595
     0.166834
     0.168333
     0.165236
     0.159355
     0.152656
     0.145690
     0.139777
     0.136442
     0.132492
     0.126639
     0.117268
     0.100593
    0.0767179
    0.0490509
    0.0267433
    0.0122374
   0.00537770
   0.00257048
   0.00126999
  0.000534410
  0.000337219
  1.73096e-06
  1.87356e-09
  1.87356e-09
  1.87356e-09
  1.87356e-09
  1.87356e-09
  1.87356e-09
  1.87356e-09
  1.87356e-09
  1.87356e-09
  1.87356e-09
  1.87356e-09
  1.87356e-09
  1.87356e-09
  1.87356e-09
  1.87356e-09
  1.87356e-09
  1.87356e-09
  1.87356e-09
  1.87356e-09
  1.87356e-09
  1.87356e-09
  1.87356e-09
  1.87356e-09
  1.87356e-09
  1.87356e-09
      0.00000
