      0.00000
      0.00000
      0.00000
      0.00000
      0.00000
      0.00000
      0.00000
      0.00000
      0.00000
      0.00000
      0.00000
      0.00000
      0.00000
      0.00000
      0.00000
      0.00000
      0.00000
      0.00000
      0.00000
      0.00000
      0.00000
      0.00000
      0.00000
      0.00000
      0.00000
      0.00000
      0.00000
      0.00000
      0.00000
      0.00000
  0.000305237
  0.000947881
   0.00134646
   0.00182506
   0.00207791
   0.00304795
   0.00415581
   0.00529446
   0.00607825
   0.00661377
   0.00739298
   0.00796323
   0.00912738
    0.0100593
    0.0113520
    0.0121362
    0.0132562
    0.0142715
    0.0149835
    0.0149514
    0.0145447
    0.0141488
    0.0136009
    0.0128817
    0.0119180
    0.0111179
    0.0105789
    0.0110281
    0.0120606
    0.0136932
    0.0154957
    0.0172827
    0.0185615
    0.0184632
    0.0177860
    0.0177600
    0.0184327
    0.0199153
    0.0213243
    0.0224859
    0.0236163
    0.0248221
    0.0264131
    0.0269955
    0.0269442
    0.0259426
    0.0254152
    0.0247083
    0.0242770
    0.0236864
    0.0232520
    0.0226191
    0.0216311
    0.0201521
    0.0190439
    0.0177987
    0.0168295
    0.0155024
    0.0145558
    0.0136483
    0.0128363
    0.0118502
    0.0106697
   0.00988017
   0.00929577
   0.00864149
   0.00754117
   0.00690432
   0.00585152
   0.00470256
   0.00324673
   0.00228670
   0.00180340
   0.00145019
   0.00142980
   0.00135094
   0.00114847
  0.000694039
  0.000301326
 -4.70873e-06
 -3.32401e-10
 -3.32401e-10
 -3.32401e-10
 -3.32401e-10
 -3.32401e-10
 -3.32401e-10
 -3.32401e-10
 -3.32401e-10
 -3.32401e-10
 -3.32401e-10
 -3.32401e-10
 -3.32401e-10
 -3.32401e-10
 -3.32401e-10
 -3.32401e-10
 -3.32401e-10
 -3.32401e-10
 -3.32401e-10
 -3.32401e-10
 -3.32401e-10
 -3.32401e-10
 -3.32401e-10
 -3.32401e-10
 -3.32401e-10
 -3.32401e-10
 -3.32401e-10
 -3.32401e-10
 -3.32401e-10
 -3.32401e-10
 -3.32401e-10
      0.00000
