      0.00000
      0.00000
      0.00000
      0.00000
      0.00000
      0.00000
      0.00000
      0.00000
      0.00000
      0.00000
      0.00000
      0.00000
      0.00000
      0.00000
      0.00000
      0.00000
      0.00000
      0.00000
      0.00000
      0.00000
      0.00000
      0.00000
      0.00000
   0.00115346
   0.00282309
   0.00431807
   0.00565409
   0.00550173
   0.00672346
   0.00767025
    0.0106784
    0.0149729
    0.0193561
    0.0257422
    0.0324750
    0.0422284
    0.0527194
    0.0655164
    0.0814388
    0.0970891
     0.102377
    0.0929411
    0.0739807
    0.0556272
    0.0438162
    0.0353963
    0.0296782
    0.0238553
    0.0195869
    0.0149330
    0.0114814
   0.00768748
   0.00608217
   0.00373169
   0.00212792
  0.000630085
  6.48621e-06
  1.13192e-09
  1.13192e-09
  1.13192e-09
  1.13192e-09
  1.13192e-09
  1.13192e-09
  1.13192e-09
  1.13192e-09
  1.13192e-09
  1.13192e-09
  1.13192e-09
  1.13192e-09
  1.13192e-09
  1.13192e-09
  1.13192e-09
  1.13192e-09
  1.13192e-09
  1.13192e-09
  1.13192e-09
  1.13192e-09
  1.13192e-09
  1.13192e-09
      0.00000
