      0.00000
      0.00000
      0.00000
      0.00000
      0.00000
      0.00000
      0.00000
      0.00000
      0.00000
      0.00000
      0.00000
      0.00000
  6.34251e-05
   0.00107746
   0.00317306
   0.00676288
    0.0107288
    0.0155722
    0.0196188
    0.0247513
    0.0345759
    0.0497601
    0.0684927
    0.0843725
    0.0991562
     0.107080
     0.106565
    0.0949829
    0.0776182
    0.0611875
    0.0466383
    0.0342687
    0.0244936
    0.0153826
   0.00926073
   0.00339397
  0.000968142
  5.54466e-05
 -4.73976e-09
 -4.73976e-09
 -4.73976e-09
 -4.73976e-09
 -4.73976e-09
 -4.73976e-09
 -4.73976e-09
 -4.73976e-09
 -4.73976e-09
 -4.73976e-09
 -4.73976e-09
 -4.73976e-09
 -4.73976e-09
      0.00000
