      0.00000
      0.00000
      0.00000
      0.00000
      0.00000
      0.00000
      0.00000
      0.00000
      0.00000
      0.00000
   0.00130839
   0.00555769
    0.0115292
    0.0214442
    0.0358870
    0.0552222
    0.0795919
     0.109102
     0.135218
     0.143624
     0.128207
     0.100180
    0.0697863
    0.0467475
    0.0275505
    0.0167469
   0.00771233
   0.00363311
  0.000831402
  0.000119592
 -3.17117e-09
 -3.17117e-09
 -3.17117e-09
 -3.17117e-09
 -3.17117e-09
 -3.17117e-09
 -3.17117e-09
      0.00000
