      0.00000
      0.00000
      0.00000
      0.00000
      0.00000
      0.00000
      0.00000
      0.00000
      0.00000
      0.00000
      0.00000
      0.00000
      0.00000
      0.00000
      0.00000
      0.00000
      0.00000
      0.00000
      0.00000
      0.00000
      0.00000
      0.00000
      0.00000
      0.00000
      0.00000
      0.00000
      0.00000
      0.00000
      0.00000
      0.00000
  0.000956337
   0.00418668
    0.0104870
    0.0170978
    0.0220386
    0.0285959
    0.0371043
    0.0469456
    0.0558722
    0.0670627
    0.0806397
    0.0910927
    0.0937611
    0.0890842
    0.0779024
    0.0647176
    0.0535325
    0.0455035
    0.0366925
    0.0275996
    0.0183961
    0.0120974
   0.00628370
   0.00411483
   0.00370412
   0.00302276
   0.00136875
  0.000139515
 -1.53206e-09
 -1.53206e-09
 -1.53206e-09
 -1.53206e-09
 -1.53206e-09
 -1.53206e-09
 -1.53206e-09
 -1.53206e-09
 -1.53206e-09
 -1.53206e-09
 -1.53206e-09
 -1.53206e-09
 -1.53206e-09
 -1.53206e-09
 -1.53206e-09
 -1.53206e-09
 -1.53206e-09
 -1.53206e-09
 -1.53206e-09
 -1.53206e-09
 -1.53206e-09
 -1.53206e-09
 -1.53206e-09
 -1.53206e-09
 -1.53206e-09
      0.00000
