      0.00000
      0.00000
      0.00000
      0.00000
      0.00000
      0.00000
      0.00000
      0.00000
      0.00000
      0.00000
      0.00000
      0.00000
      0.00000
      0.00000
      0.00000
      0.00000
      0.00000
      0.00000
      0.00000
      0.00000
      0.00000
      0.00000
      0.00000
      0.00000
      0.00000
      0.00000
      0.00000
      0.00000
      0.00000
      0.00000
      0.00000
      0.00000
      0.00000
      0.00000
      0.00000
      0.00000
      0.00000
      0.00000
      0.00000
      0.00000
      0.00000
      0.00000
      0.00000
      0.00000
      0.00000
      0.00000
      0.00000
      0.00000
      0.00000
      0.00000
      0.00000
      0.00000
      0.00000
      0.00000
      0.00000
      0.00000
      0.00000
      0.00000
      0.00000
      0.00000
      0.00000
      0.00000
      0.00000
      0.00000
      0.00000
      0.00000
      0.00000
      0.00000
      0.00000
      0.00000
      0.00000
      0.00000
      0.00000
      0.00000
      0.00000
      0.00000
      0.00000
      0.00000
      0.00000
      0.00000
      0.00000
      0.00000
      0.00000
      0.00000
      0.00000
      0.00000
      0.00000
      0.00000
      0.00000
      0.00000
      0.00000
      0.00000
      0.00000
      0.00000
      0.00000
      0.00000
      0.00000
      0.00000
      0.00000
      0.00000
      0.00000
      0.00000
      0.00000
      0.00000
      0.00000
      0.00000
      0.00000
      0.00000
      0.00000
      0.00000
      0.00000
      0.00000
      0.00000
      0.00000
      0.00000
      0.00000
      0.00000
      0.00000
      0.00000
      0.00000
      0.00000
      0.00000
      0.00000
      0.00000
      0.00000
      0.00000
      0.00000
  1.74744e-05
  7.13753e-05
  0.000114952
  0.000114950
  9.36930e-05
  9.17352e-05
  0.000140464
  0.000185516
  0.000231627
  0.000268118
  0.000298093
  0.000336254
  0.000361324
  0.000388233
  0.000429413
  0.000517857
  0.000621428
  0.000718561
  0.000773640
  0.000849351
  0.000954764
   0.00109207
   0.00123630
   0.00137391
   0.00154082
   0.00172217
   0.00195433
   0.00220210
   0.00248354
   0.00279221
   0.00313096
   0.00354560
   0.00404608
   0.00469545
   0.00555480
   0.00671770
   0.00819731
   0.00999136
    0.0120378
    0.0144674
    0.0171414
    0.0202542
    0.0242598
    0.0305312
    0.0413432
    0.0589977
    0.0855568
     0.109304
     0.113092
    0.0945111
    0.0663997
    0.0455905
    0.0328704
    0.0254852
    0.0210519
    0.0178487
    0.0150944
    0.0126291
    0.0104639
   0.00857238
   0.00701861
   0.00579275
   0.00485857
   0.00414483
   0.00357798
   0.00314126
   0.00277864
   0.00248328
   0.00222757
   0.00199997
   0.00179126
   0.00161919
   0.00142121
   0.00127370
   0.00109754
  0.000989500
  0.000871465
  0.000788630
  0.000706809
  0.000629514
  0.000554880
  0.000496035
  0.000450426
  0.000435398
  0.000405589
  0.000386789
  0.000316433
  0.000215188
  0.000104566
  3.98273e-05
  1.54504e-05
  6.43634e-06
  1.21256e-06
  3.58153e-07
  7.68558e-08
 -1.87724e-10
 -1.87724e-10
 -1.87724e-10
 -1.87724e-10
 -1.87724e-10
 -1.87724e-10
 -1.87724e-10
 -1.87724e-10
 -1.87724e-10
 -1.87724e-10
 -1.87724e-10
 -1.87724e-10
 -1.87724e-10
 -1.87724e-10
 -1.87724e-10
 -1.87724e-10
 -1.87724e-10
 -1.87724e-10
 -1.87724e-10
 -1.87724e-10
 -1.87724e-10
 -1.87724e-10
 -1.87724e-10
 -1.87724e-10
 -1.87724e-10
 -1.87724e-10
 -1.87724e-10
 -1.87724e-10
 -1.87724e-10
 -1.87724e-10
 -1.87724e-10
 -1.87724e-10
 -1.87724e-10
 -1.87724e-10
 -1.87724e-10
 -1.87724e-10
 -1.87724e-10
 -1.87724e-10
 -1.87724e-10
 -1.87724e-10
 -1.87724e-10
 -1.87724e-10
 -1.87724e-10
 -1.87724e-10
 -1.87724e-10
 -1.87724e-10
 -1.87724e-10
 -1.87724e-10
 -1.87724e-10
 -1.87724e-10
 -1.87724e-10
 -1.87724e-10
 -1.87724e-10
 -1.87724e-10
 -1.87724e-10
 -1.87724e-10
 -1.87724e-10
 -1.87724e-10
 -1.87724e-10
 -1.87724e-10
 -1.87724e-10
 -1.87724e-10
 -1.87724e-10
 -1.87724e-10
 -1.87724e-10
 -1.87724e-10
 -1.87724e-10
 -1.87724e-10
 -1.87724e-10
 -1.87724e-10
 -1.87724e-10
 -1.87724e-10
 -1.87724e-10
 -1.87724e-10
 -1.87724e-10
 -1.87724e-10
 -1.87724e-10
 -1.87724e-10
 -1.87724e-10
 -1.87724e-10
 -1.87724e-10
 -1.87724e-10
 -1.87724e-10
 -1.87724e-10
 -1.87724e-10
 -1.87724e-10
 -1.87724e-10
 -1.87724e-10
 -1.87724e-10
 -1.87724e-10
 -1.87724e-10
 -1.87724e-10
 -1.87724e-10
 -1.87724e-10
 -1.87724e-10
 -1.87724e-10
 -1.87724e-10
 -1.87724e-10
 -1.87724e-10
 -1.87724e-10
 -1.87724e-10
 -1.87724e-10
 -1.87724e-10
 -1.87724e-10
 -1.87724e-10
 -1.87724e-10
 -1.87724e-10
 -1.87724e-10
 -1.87724e-10
 -1.87724e-10
 -1.87724e-10
 -1.87724e-10
 -1.87724e-10
 -1.87724e-10
 -1.87724e-10
 -1.87724e-10
 -1.87724e-10
 -1.87724e-10
 -1.87724e-10
 -1.87724e-10
 -1.87724e-10
 -1.87724e-10
 -1.87724e-10
 -1.87724e-10
 -1.87724e-10
 -1.87724e-10
 -1.87724e-10
 -1.87724e-10
      0.00000
