      0.00000
      0.00000
      0.00000
      0.00000
      0.00000
      0.00000
      0.00000
      0.00000
      0.00000
      0.00000
      0.00000
      0.00000
      0.00000
      0.00000
      0.00000
      0.00000
      0.00000
      0.00000
      0.00000
      0.00000
      0.00000
      0.00000
      0.00000
      0.00000
      0.00000
      0.00000
      0.00000
      0.00000
      0.00000
      0.00000
      0.00000
      0.00000
      0.00000
      0.00000
      0.00000
      0.00000
      0.00000
      0.00000
      0.00000
      0.00000
      0.00000
      0.00000
      0.00000
      0.00000
      0.00000
      0.00000
      0.00000
      0.00000
      0.00000
      0.00000
      0.00000
      0.00000
      0.00000
      0.00000
      0.00000
      0.00000
      0.00000
      0.00000
      0.00000
      0.00000
      0.00000
      0.00000
      0.00000
      0.00000
      0.00000
      0.00000
      0.00000
      0.00000
      0.00000
      0.00000
      0.00000
      0.00000
      0.00000
      0.00000
      0.00000
  9.92333e-09
  5.80398e-08
  8.53880e-08
  1.38454e-07
  1.91296e-07
  2.92534e-07
  3.43781e-07
  3.38680e-07
  3.08225e-07
  2.57170e-07
  2.63873e-07
  2.78947e-07
  3.56345e-07
  5.58873e-07
  7.44022e-07
  1.00209e-06
  1.02638e-06
  1.05055e-06
  9.90385e-07
  1.22939e-06
  1.49677e-06
  1.82112e-06
  2.14082e-06
  2.35046e-06
  2.41127e-06
  3.14246e-06
  8.49672e-06
  1.34709e-05
  2.18065e-05
  3.72441e-05
  5.34641e-05
  6.26100e-05
  6.37814e-05
  6.57330e-05
  8.20652e-05
  0.000105270
  0.000141581
  0.000165421
  0.000181224
  0.000191619
  0.000215849
  0.000254587
  0.000293916
  0.000339811
  0.000420245
  0.000559441
  0.000693017
  0.000819453
   0.00100235
   0.00152368
   0.00227463
   0.00314004
   0.00433710
   0.00785129
    0.0200373
    0.0474181
     0.128630
     0.222956
     0.240631
     0.174898
    0.0754974
    0.0313716
    0.0128970
   0.00565460
   0.00369568
   0.00266575
   0.00183429
   0.00114562
  0.000843180
  0.000707676
  0.000586660
  0.000469363
  0.000388358
  0.000345099
  0.000299198
  0.000249017
  0.000210550
  0.000181371
  0.000164573
  0.000150665
  0.000133493
  0.000118367
  9.99941e-05
  9.91188e-05
  8.68478e-05
  7.78134e-05
  5.82221e-05
  5.20333e-05
  5.18604e-05
  5.15453e-05
  4.48077e-05
  3.85730e-05
  3.67548e-05
  4.18269e-05
  4.12025e-05
  4.11516e-05
  2.81552e-05
  1.67082e-05
  4.84695e-06
  1.73277e-06
  8.33149e-07
  6.41641e-07
  6.60912e-07
  6.59312e-07
  5.90807e-07
  4.58747e-07
  3.96539e-07
  3.45740e-07
  2.48863e-07
  1.16908e-07
  3.40145e-08
 -5.21069e-09
 -6.10199e-09
 -6.10199e-09
 -6.10199e-09
 -6.10199e-09
 -6.10199e-09
 -6.10199e-09
 -6.10199e-09
 -6.10199e-09
 -6.10199e-09
 -6.10199e-09
 -6.10199e-09
 -6.10199e-09
 -6.10199e-09
 -6.10199e-09
 -6.10199e-09
 -6.10199e-09
 -6.10199e-09
 -6.10199e-09
 -6.10199e-09
 -6.10199e-09
 -6.10199e-09
 -6.10199e-09
 -6.10199e-09
 -6.10199e-09
 -6.10199e-09
 -6.10199e-09
 -6.10199e-09
 -6.10199e-09
 -6.10199e-09
 -6.10199e-09
 -6.10199e-09
 -6.10199e-09
 -6.10199e-09
 -6.10199e-09
 -6.10199e-09
 -6.10199e-09
 -6.10199e-09
 -6.10199e-09
 -6.10199e-09
 -6.10199e-09
 -6.10199e-09
 -6.10199e-09
 -6.10199e-09
 -6.10199e-09
 -6.10199e-09
 -6.10199e-09
 -6.10199e-09
 -6.10199e-09
 -6.10199e-09
 -6.10199e-09
 -6.10199e-09
 -6.10199e-09
 -6.10199e-09
 -6.10199e-09
 -6.10199e-09
 -6.10199e-09
 -6.10199e-09
 -6.10199e-09
 -6.10199e-09
 -6.10199e-09
 -6.10199e-09
 -6.10199e-09
 -6.10199e-09
 -6.10199e-09
 -6.10199e-09
 -6.10199e-09
 -6.10199e-09
 -6.10199e-09
 -6.10199e-09
 -6.10199e-09
 -6.10199e-09
 -6.10199e-09
 -6.10199e-09
 -6.10199e-09
 -6.10199e-09
 -6.10199e-09
 -6.10199e-09
 -6.10199e-09
      0.00000
