      0.00000
      0.00000
      0.00000
      0.00000
      0.00000
      0.00000
      0.00000
      0.00000
      0.00000
      0.00000
      0.00000
  0.000560848
   0.00478868
    0.0134954
    0.0291985
    0.0494299
    0.0815851
     0.122584
     0.156412
     0.163994
     0.138855
     0.100505
    0.0647329
    0.0379273
    0.0221562
   0.00952640
   0.00420784
  4.15375e-05
  3.19652e-09
  3.19652e-09
  3.19652e-09
  3.19652e-09
  3.19652e-09
  3.19652e-09
  3.19652e-09
  3.19652e-09
  3.19652e-09
      0.00000
